group subNo block index seqDur shortLong nTargets nIOI rhythmicVarTAG seqSTD seqMeanIOI seqSumIOI Lowbound Upbound pressedKey rt seqDuration startInterval trialDuration IOI1 IOI2 IOI3 IOI4 IOI5 IOI6 IOI7 IOI8 IOI9 
main 5.0000 1.0000 46.0000 5.0000 0.0000 5.0000 4.0000 0.0000 0.0000 0.2500 1.0000 0.0000 0.0000 b 0.2710 1.2500 1.1809 2.4423 0.2500 0.2500 0.2500 0.2500 0.0000 0.0000 0.0000 0.0000 0.0000 
main 5.0000 1.0000 62.0000 10.0000 2.0000 10.0000 9.0000 1.0000 0.0570 0.2502 2.2520 0.0349 0.0588 b 0.2050 2.5020 1.2843 3.7942 0.1554 0.2750 0.3192 0.2323 0.1764 0.2467 0.2903 0.2418 0.3150 
main 5.0000 1.0000 38.0000 9.0000 1.0000 9.0000 8.0000 1.0000 0.0568 0.2505 2.0036 0.0349 0.0588 b 0.1720 2.2536 1.3834 3.6459 0.2733 0.1517 0.1897 0.3304 0.2871 0.2490 0.2791 0.2433 0.0000 
main 5.0000 1.0000 42.0000 10.0000 2.0000 10.0000 9.0000 2.0000 0.0945 0.2504 2.2537 0.0906 0.1145 b 0.1730 2.5037 1.2489 3.7625 0.1522 0.2890 0.3306 0.2117 0.3534 0.2005 0.1643 0.3996 0.1523 
main 5.0000 1.0000 50.0000 6.0000 0.0000 6.0000 5.0000 1.0000 0.0569 0.2501 1.2504 0.0349 0.0588 b 0.2300 1.5004 1.1730 2.6759 0.2593 0.2867 0.1585 0.3054 0.2406 0.0000 0.0000 0.0000 0.0000 
main 5.0000 1.0000 16.0000 9.0000 1.0000 9.0000 8.0000 0.0000 0.0000 0.2500 2.0000 0.0000 0.0000 b 0.2010 2.2500 1.3136 3.5590 0.2500 0.2500 0.2500 0.2500 0.2500 0.2500 0.2500 0.2500 0.0000 
main 5.0000 1.0000 13.0000 8.0000 1.0000 8.0000 7.0000 0.0000 0.0000 0.2500 1.7500 0.0000 0.0000 b 0.1670 2.0000 1.3235 3.3257 0.2500 0.2500 0.2500 0.2500 0.2500 0.2500 0.2500 0.0000 0.0000 
main 5.0000 1.0000 25.0000 5.0000 0.0000 5.0000 4.0000 0.0000 0.0000 0.2500 1.0000 0.0000 0.0000 b 0.1980 1.2500 1.2983 2.5423 0.2500 0.2500 0.2500 0.2500 0.0000 0.0000 0.0000 0.0000 0.0000 
main 5.0000 1.0000 40.0000 10.0000 2.0000 10.0000 9.0000 0.0000 0.0000 0.2500 2.2500 0.0000 0.0000 b 0.1490 2.5000 1.1398 3.6422 0.2500 0.2500 0.2500 0.2500 0.2500 0.2500 0.2500 0.2500 0.2500 
main 5.0000 1.0000 11.0000 7.0000 1.0000 7.0000 6.0000 1.0000 0.0449 0.2497 1.4981 0.0349 0.0588 b 0.1810 1.7481 1.3903 3.1405 0.2627 0.1874 0.2144 0.2411 0.3097 0.2829 0.0000 0.0000 0.0000 
main 5.0000 1.0000 37.0000 9.0000 1.0000 9.0000 8.0000 0.0000 0.0000 0.2500 2.0000 0.0000 0.0000 b 0.1500 2.2500 1.1835 3.4256 0.2500 0.2500 0.2500 0.2500 0.2500 0.2500 0.2500 0.2500 0.0000 
main 5.0000 1.0000 10.0000 7.0000 1.0000 7.0000 6.0000 0.0000 0.0000 0.2500 1.5000 0.0000 0.0000 b 0.1970 1.7500 1.0226 2.7754 0.2500 0.2500 0.2500 0.2500 0.2500 0.2500 0.0000 0.0000 0.0000 
main 5.0000 1.0000 52.0000 7.0000 1.0000 7.0000 6.0000 0.0000 0.0000 0.2500 1.5000 0.0000 0.0000 b 0.1390 1.7500 1.3805 3.1257 0.2500 0.2500 0.2500 0.2500 0.2500 0.2500 0.0000 0.0000 0.0000 
main 5.0000 1.0000 7.0000 6.0000 0.0000 6.0000 5.0000 0.0000 0.0000 0.2500 1.2500 0.0000 0.0000 b 0.1710 1.5000 1.4458 2.9422 0.2500 0.2500 0.2500 0.2500 0.2500 0.0000 0.0000 0.0000 0.0000 
main 5.0000 1.0000 61.0000 10.0000 2.0000 10.0000 9.0000 0.0000 0.0000 0.2500 2.2500 0.0000 0.0000 b 0.1520 2.5000 1.4558 3.9424 0.2500 0.2500 0.2500 0.2500 0.2500 0.2500 0.2500 0.2500 0.2500 
main 5.0000 1.0000 8.0000 6.0000 0.0000 6.0000 5.0000 1.0000 0.0364 0.2503 1.2516 0.0349 0.0588 b 0.2000 1.5016 1.3709 2.8772 0.3070 0.2391 0.2111 0.2616 0.2327 0.0000 0.0000 0.0000 0.0000 
main 5.0000 1.0000 54.0000 7.0000 1.0000 7.0000 6.0000 2.0000 0.1135 0.2495 1.4967 0.0906 0.1145 b 0.2150 1.7467 1.3718 3.1224 0.3924 0.1672 0.3899 0.1557 0.2342 0.1573 0.0000 0.0000 0.0000 
main 5.0000 1.0000 47.0000 5.0000 0.0000 5.0000 4.0000 1.0000 0.0497 0.2491 0.9962 0.0349 0.0588 b 0.1910 1.2462 1.3611 2.6052 0.2974 0.1851 0.2776 0.2362 0.0000 0.0000 0.0000 0.0000 0.0000 
main 5.0000 1.0000 33.0000 7.0000 1.0000 7.0000 6.0000 2.0000 0.0983 0.2502 1.5010 0.0906 0.1145 b 0.1820 1.7510 1.3173 3.0767 0.2425 0.1559 0.3506 0.2163 0.3852 0.1506 0.0000 0.0000 0.0000 
main 5.0000 1.0000 58.0000 9.0000 1.0000 9.0000 8.0000 0.0000 0.0000 0.2500 2.0000 0.0000 0.0000 b 0.1890 2.2500 1.4720 3.7258 0.2500 0.2500 0.2500 0.2500 0.2500 0.2500 0.2500 0.2500 0.0000 
main 5.0000 1.0000 22.0000 4.0000 0.0000 4.0000 3.0000 0.0000 0.0000 0.2500 0.7500 0.0000 0.0000 b 0.2220 1.0000 1.0477 2.0588 0.2500 0.2500 0.2500 0.0000 0.0000 0.0000 0.0000 0.0000 0.0000 
main 5.0000 1.0000 29.0000 6.0000 0.0000 6.0000 5.0000 1.0000 0.0551 0.2509 1.2545 0.0349 0.0588 b 0.2020 1.5045 1.4457 2.9470 0.3249 0.2189 0.2875 0.2362 0.1870 0.0000 0.0000 0.0000 0.0000 
main 5.0000 1.0000 6.0000 5.0000 0.0000 5.0000 4.0000 2.0000 0.0922 0.2491 0.9964 0.0906 0.1145 b 0.2040 1.2464 1.0431 2.2886 0.1649 0.3684 0.2739 0.1893 0.0000 0.0000 0.0000 0.0000 0.0000 
main 5.0000 1.0000 24.0000 4.0000 0.0000 4.0000 3.0000 2.0000 0.1003 0.2504 0.7513 0.0906 0.1145 b 0.1790 1.0013 1.4812 2.4770 0.1702 0.2181 0.3629 0.0000 0.0000 0.0000 0.0000 0.0000 0.0000 
main 5.0000 1.0000 44.0000 4.0000 0.0000 4.0000 3.0000 1.0000 0.0507 0.2485 0.7454 0.0349 0.0588 b 0.1520 0.9954 1.1649 2.1543 0.2377 0.2040 0.3037 0.0000 0.0000 0.0000 0.0000 0.0000 0.0000 
main 5.0000 1.0000 2.0000 4.0000 0.0000 4.0000 3.0000 1.0000 0.0496 0.2502 0.7505 0.0349 0.0588 b 0.1740 1.0005 1.0089 2.0093 0.2893 0.1944 0.2669 0.0000 0.0000 0.0000 0.0000 0.0000 0.0000 
main 5.0000 1.0000 43.0000 4.0000 0.0000 4.0000 3.0000 0.0000 0.0000 0.2500 0.7500 0.0000 0.0000 b 0.1670 1.0000 1.3000 2.2922 0.2500 0.2500 0.2500 0.0000 0.0000 0.0000 0.0000 0.0000 0.0000 
main 5.0000 1.0000 30.0000 6.0000 0.0000 6.0000 5.0000 2.0000 0.1006 0.2492 1.2461 0.0906 0.1145 b 0.1530 1.4961 1.0216 2.5216 0.3482 0.1679 0.1940 0.1672 0.3687 0.0000 0.0000 0.0000 0.0000 
main 5.0000 1.0000 3.0000 4.0000 0.0000 4.0000 3.0000 2.0000 0.0949 0.2496 0.7488 0.0906 0.1145 b 0.1680 0.9988 1.3475 2.3411 0.1910 0.3591 0.1987 0.0000 0.0000 0.0000 0.0000 0.0000 0.0000 
main 5.0000 1.0000 53.0000 7.0000 1.0000 7.0000 6.0000 1.0000 0.0478 0.2497 1.4980 0.0349 0.0588 b 0.1370 1.7480 1.1290 2.8736 0.2107 0.3018 0.2601 0.1781 0.2938 0.2534 0.0000 0.0000 0.0000 
main 5.0000 1.0000 59.0000 9.0000 1.0000 9.0000 8.0000 1.0000 0.0548 0.2495 1.9964 0.0349 0.0588 b 0.1840 2.2464 1.3197 3.5554 0.3297 0.2750 0.2071 0.2821 0.1987 0.2534 0.2855 0.1649 0.0000 
main 5.0000 1.0000 28.0000 6.0000 0.0000 6.0000 5.0000 0.0000 0.0000 0.2500 1.2500 0.0000 0.0000 b 0.1610 1.5000 1.4009 2.8922 0.2500 0.2500 0.2500 0.2500 0.2500 0.0000 0.0000 0.0000 0.0000 
main 5.0000 1.0000 20.0000 10.0000 2.0000 10.0000 9.0000 1.0000 0.0519 0.2501 2.2509 0.0349 0.0588 b 0.1140 2.5009 1.0817 3.5930 0.2616 0.2953 0.1754 0.2495 0.3068 0.2744 0.1560 0.2483 0.2836 
main 5.0000 1.0000 18.0000 9.0000 1.0000 9.0000 8.0000 2.0000 0.0980 0.2495 1.9959 0.0906 0.1145 b 0.1670 2.2459 1.4522 3.7048 0.1602 0.1925 0.2853 0.3939 0.1940 0.1658 0.2065 0.3978 0.0000 
main 5.0000 1.0000 57.0000 8.0000 1.0000 8.0000 7.0000 2.0000 0.1003 0.2504 1.7527 0.0906 0.1145 b 0.1520 2.0027 1.2756 3.2781 0.3640 0.1530 0.3505 0.1545 0.2332 0.1529 0.3447 0.0000 0.0000 
main 5.0000 1.0000 23.0000 4.0000 0.0000 4.0000 3.0000 1.0000 0.0449 0.2506 0.7517 0.0349 0.0588 b 0.1850 1.0017 1.0588 2.0606 0.2118 0.2998 0.2401 0.0000 0.0000 0.0000 0.0000 0.0000 0.0000 
main 5.0000 1.0000 48.0000 5.0000 0.0000 5.0000 4.0000 2.0000 0.0994 0.2501 1.0002 0.0906 0.1145 b 0.1670 1.2502 1.1420 2.3923 0.2878 0.1779 0.3731 0.1615 0.0000 0.0000 0.0000 0.0000 0.0000 
main 5.0000 1.0000 51.0000 6.0000 0.0000 6.0000 5.0000 2.0000 0.0919 0.2503 1.2517 0.0906 0.1145 b 0.1390 1.5017 1.0730 2.5772 0.3862 0.1762 0.3021 0.1745 0.2127 0.0000 0.0000 0.0000 0.0000 
main 5.0000 1.0000 41.0000 10.0000 2.0000 10.0000 9.0000 1.0000 0.0577 0.2500 2.2498 0.0349 0.0588 b 0.1730 2.4998 1.1551 3.6585 0.3156 0.2520 0.2907 0.1560 0.3341 0.2276 0.1880 0.2555 0.2302 
main 5.0000 1.0000 19.0000 10.0000 2.0000 10.0000 9.0000 0.0000 0.0000 0.2500 2.2500 0.0000 0.0000 b 0.1550 2.5000 1.0465 3.5420 0.2500 0.2500 0.2500 0.2500 0.2500 0.2500 0.2500 0.2500 0.2500 
main 5.0000 1.0000 39.0000 9.0000 1.0000 9.0000 8.0000 2.0000 0.0919 0.2502 2.0013 0.0906 0.1145 b 0.1920 2.2513 1.1353 3.3937 0.3046 0.3831 0.1798 0.2456 0.1560 0.3683 0.2086 0.1554 0.0000 
main 5.0000 1.0000 1.0000 4.0000 0.0000 4.0000 3.0000 0.0000 0.0000 0.2500 0.7500 0.0000 0.0000 b 0.2290 1.0000 1.3073 2.3089 0.2500 0.2500 0.2500 0.0000 0.0000 0.0000 0.0000 0.0000 0.0000 
main 5.0000 1.0000 15.0000 8.0000 1.0000 8.0000 7.0000 2.0000 0.0933 0.2496 1.7473 0.0906 0.1145 b 0.1570 1.9973 1.4089 3.4064 0.1551 0.1850 0.1531 0.3769 0.2291 0.2917 0.3563 0.0000 0.0000 
main 5.0000 1.0000 31.0000 7.0000 1.0000 7.0000 6.0000 0.0000 0.0000 0.2500 1.5000 0.0000 0.0000 b 0.1580 1.7500 1.3646 3.1090 0.2500 0.2500 0.2500 0.2500 0.2500 0.2500 0.0000 0.0000 0.0000 
main 5.0000 1.0000 36.0000 8.0000 1.0000 8.0000 7.0000 2.0000 0.0909 0.2495 1.7464 0.0906 0.1145 b 0.1550 1.9964 1.4716 3.4555 0.2170 0.1904 0.1594 0.2924 0.3259 0.1638 0.3973 0.0000 0.0000 
main 5.0000 1.0000 34.0000 8.0000 1.0000 8.0000 7.0000 0.0000 0.0000 0.2500 1.7500 0.0000 0.0000 b 0.1600 2.0000 1.1973 3.1922 0.2500 0.2500 0.2500 0.2500 0.2500 0.2500 0.2500 0.0000 0.0000 
main 5.0000 1.0000 55.0000 8.0000 1.0000 8.0000 7.0000 0.0000 0.0000 0.2500 1.7500 0.0000 0.0000 b 0.1620 2.0000 1.4570 3.4424 0.2500 0.2500 0.2500 0.2500 0.2500 0.2500 0.2500 0.0000 0.0000 
main 5.0000 1.0000 45.0000 4.0000 0.0000 4.0000 3.0000 2.0000 0.1048 0.2500 0.7499 0.0906 0.1145 b 0.1670 0.9999 1.0446 2.0587 0.3694 0.2071 0.1734 0.0000 0.0000 0.0000 0.0000 0.0000 0.0000 
main 5.0000 1.0000 4.0000 5.0000 0.0000 5.0000 4.0000 0.0000 0.0000 0.2500 1.0000 0.0000 0.0000 b 0.1480 1.2500 1.1068 2.3590 0.2500 0.2500 0.2500 0.2500 0.0000 0.0000 0.0000 0.0000 0.0000 
main 5.0000 1.0000 5.0000 5.0000 0.0000 5.0000 4.0000 1.0000 0.0420 0.2493 0.9974 0.0349 0.0588 b 0.1620 1.2474 1.4504 2.7063 0.2925 0.2543 0.1917 0.2588 0.0000 0.0000 0.0000 0.0000 0.0000 
main 5.0000 1.0000 27.0000 5.0000 0.0000 5.0000 4.0000 2.0000 0.0942 0.2490 0.9961 0.0906 0.1145 b 0.1470 1.2461 1.0869 2.3383 0.2932 0.1686 0.3608 0.1735 0.0000 0.0000 0.0000 0.0000 0.0000 
main 5.0000 1.0000 32.0000 7.0000 1.0000 7.0000 6.0000 1.0000 0.0545 0.2505 1.5030 0.0349 0.0588 b 0.1600 1.7530 1.0312 2.7952 0.2212 0.2673 0.2315 0.2657 0.1781 0.3392 0.0000 0.0000 0.0000 
main 5.0000 1.0000 12.0000 7.0000 1.0000 7.0000 6.0000 2.0000 0.0915 0.2499 1.4995 0.0906 0.1145 b 0.1830 1.7495 1.1762 2.9249 0.2422 0.3388 0.1562 0.2295 0.1566 0.3762 0.0000 0.0000 0.0000 
main 5.0000 1.0000 14.0000 8.0000 1.0000 8.0000 7.0000 1.0000 0.0406 0.2495 1.7466 0.0349 0.0588 b 0.1270 1.9966 1.2705 3.2722 0.3011 0.2616 0.1896 0.2929 0.2490 0.2104 0.2421 0.0000 0.0000 
main 5.0000 1.0000 26.0000 5.0000 0.0000 5.0000 4.0000 1.0000 0.0387 0.2492 0.9968 0.0349 0.0588 b 0.1520 1.2468 1.4630 2.7056 0.2798 0.1949 0.2483 0.2737 0.0000 0.0000 0.0000 0.0000 0.0000 
main 5.0000 1.0000 9.0000 6.0000 0.0000 6.0000 5.0000 2.0000 0.0919 0.2505 1.2526 0.0906 0.1145 b 0.1500 1.5026 1.4929 2.9950 0.3676 0.3265 0.1544 0.2154 0.1886 0.0000 0.0000 0.0000 0.0000 
main 5.0000 1.0000 35.0000 8.0000 1.0000 8.0000 7.0000 1.0000 0.0575 0.2501 1.7510 0.0349 0.0588 b 0.1570 2.0010 1.1492 3.1433 0.3024 0.2029 0.3280 0.2902 0.2137 0.2396 0.1743 0.0000 0.0000 
main 5.0000 1.0000 63.0000 10.0000 2.0000 10.0000 9.0000 2.0000 0.0973 0.2505 2.2545 0.0906 0.1145 b 0.1610 2.5045 1.4737 3.9801 0.3660 0.2132 0.1553 0.3965 0.2215 0.1535 0.3642 0.2092 0.1750 
main 5.0000 1.0000 56.0000 8.0000 1.0000 8.0000 7.0000 1.0000 0.0470 0.2503 1.7519 0.0349 0.0588 b 0.1720 2.0019 1.4049 3.4109 0.2994 0.2212 0.2585 0.1903 0.3197 0.2110 0.2518 0.0000 0.0000 
main 5.0000 1.0000 60.0000 9.0000 1.0000 9.0000 8.0000 2.0000 0.0954 0.2500 2.0001 0.0906 0.1145 b 0.1610 2.2501 1.1368 3.3756 0.3990 0.1762 0.3272 0.2186 0.1884 0.1532 0.3560 0.1816 0.0000 
main 5.0000 1.0000 17.0000 9.0000 1.0000 9.0000 8.0000 1.0000 0.0582 0.2496 1.9970 0.0349 0.0588 b 0.2030 2.2470 1.0012 3.2390 0.3105 0.1890 0.2358 0.2074 0.2566 0.2275 0.3602 0.2101 0.0000 
main 5.0000 1.0000 49.0000 6.0000 0.0000 6.0000 5.0000 0.0000 0.0000 0.2500 1.2500 0.0000 0.0000 b 0.1870 1.5000 1.2215 2.7089 0.2500 0.2500 0.2500 0.2500 0.2500 0.0000 0.0000 0.0000 0.0000 
main 5.0000 1.0000 21.0000 10.0000 2.0000 10.0000 9.0000 2.0000 0.0924 0.2505 2.2543 0.0906 0.1145 b 0.1270 2.5043 1.0476 3.5464 0.1826 0.2733 0.2178 0.3838 0.1651 0.2925 0.3983 0.1882 0.1526 
main 5.0000 2.0000 49.0000 6.0000 0.0000 6.0000 5.0000 0.0000 0.0000 0.2500 1.2500 0.0000 0.0000 b 0.1990 1.5000 1.4248 2.9257 0.2500 0.2500 0.2500 0.2500 0.2500 0.0000 0.0000 0.0000 0.0000 
main 5.0000 2.0000 20.0000 10.0000 2.0000 10.0000 9.0000 1.0000 0.0553 0.2499 2.2493 0.0349 0.0588 b 0.2020 2.4993 1.0756 3.5747 0.2222 0.1971 0.2781 0.1767 0.2850 0.3201 0.2505 0.3246 0.1948 
main 5.0000 2.0000 13.0000 8.0000 1.0000 8.0000 7.0000 0.0000 0.0000 0.2500 1.7500 0.0000 0.0000 b 0.1930 2.0000 1.0801 3.0921 0.2500 0.2500 0.2500 0.2500 0.2500 0.2500 0.2500 0.0000 0.0000 
main 5.0000 2.0000 48.0000 5.0000 0.0000 5.0000 4.0000 2.0000 0.0917 0.2493 0.9972 0.0906 0.1145 b 0.2570 1.2472 1.2148 2.4727 0.3472 0.1906 0.3054 0.1541 0.0000 0.0000 0.0000 0.0000 0.0000 
main 5.0000 2.0000 36.0000 8.0000 1.0000 8.0000 7.0000 2.0000 0.0965 0.2500 1.7497 0.0906 0.1145 b 0.1650 1.9997 1.0988 3.1087 0.1637 0.2058 0.3851 0.2763 0.1521 0.3719 0.1948 0.0000 0.0000 
main 5.0000 2.0000 23.0000 4.0000 0.0000 4.0000 3.0000 1.0000 0.0426 0.2496 0.7488 0.0349 0.0588 b 0.2280 0.9988 1.3236 2.3245 0.2509 0.2063 0.2916 0.0000 0.0000 0.0000 0.0000 0.0000 0.0000 
main 5.0000 2.0000 34.0000 8.0000 1.0000 8.0000 7.0000 0.0000 0.0000 0.2500 1.7500 0.0000 0.0000 b 0.1300 2.0000 1.2668 3.2758 0.2500 0.2500 0.2500 0.2500 0.2500 0.2500 0.2500 0.0000 0.0000 
main 5.0000 2.0000 50.0000 6.0000 0.0000 6.0000 5.0000 1.0000 0.0450 0.2507 1.2535 0.0349 0.0588 b 0.2150 1.5035 1.1598 2.6622 0.2149 0.2635 0.2191 0.3237 0.2323 0.0000 0.0000 0.0000 0.0000 
main 5.0000 2.0000 8.0000 6.0000 0.0000 6.0000 5.0000 1.0000 0.0384 0.2493 1.2464 0.0349 0.0588 b 0.1750 1.4964 1.1552 2.6553 0.2143 0.3083 0.2245 0.2666 0.2326 0.0000 0.0000 0.0000 0.0000 
main 5.0000 2.0000 31.0000 7.0000 1.0000 7.0000 6.0000 0.0000 0.0000 0.2500 1.5000 0.0000 0.0000 b 0.1730 1.7500 1.3785 3.1257 0.2500 0.2500 0.2500 0.2500 0.2500 0.2500 0.0000 0.0000 0.0000 
main 5.0000 2.0000 39.0000 9.0000 1.0000 9.0000 8.0000 2.0000 0.0941 0.2505 2.0036 0.0906 0.1145 b 0.1580 2.2536 1.0299 3.2792 0.1529 0.3397 0.1975 0.2521 0.1723 0.3922 0.3366 0.1603 0.0000 
main 5.0000 2.0000 17.0000 9.0000 1.0000 9.0000 8.0000 1.0000 0.0359 0.2505 2.0040 0.0349 0.0588 b 0.2010 2.2540 1.3787 3.6297 0.2564 0.1892 0.2234 0.2714 0.2430 0.2949 0.2334 0.2922 0.0000 
main 5.0000 2.0000 4.0000 5.0000 0.0000 5.0000 4.0000 0.0000 0.0000 0.2500 1.0000 0.0000 0.0000 b 0.2130 1.2500 1.1760 2.4257 0.2500 0.2500 0.2500 0.2500 0.0000 0.0000 0.0000 0.0000 0.0000 
main 5.0000 2.0000 18.0000 9.0000 1.0000 9.0000 8.0000 2.0000 0.0922 0.2502 2.0014 0.0906 0.1145 b 0.2080 2.2514 1.0661 3.3103 0.2138 0.3258 0.1668 0.1990 0.1546 0.3491 0.1967 0.3955 0.0000 
main 5.0000 2.0000 54.0000 7.0000 1.0000 7.0000 6.0000 2.0000 0.0911 0.2505 1.5033 0.0906 0.1145 b 0.2200 1.7533 1.0291 2.7788 0.1573 0.2371 0.3771 0.3356 0.1540 0.2422 0.0000 0.0000 0.0000 
main 5.0000 2.0000 21.0000 10.0000 2.0000 10.0000 9.0000 2.0000 0.0923 0.2502 2.2521 0.0906 0.1145 b 0.1980 2.5021 1.4262 3.9445 0.1984 0.3876 0.1536 0.3614 0.2402 0.1980 0.3544 0.2030 0.1556 
main 5.0000 2.0000 27.0000 5.0000 0.0000 5.0000 4.0000 2.0000 0.1055 0.2500 1.0000 0.0906 0.1145 b 0.2420 1.2500 1.3213 2.5757 0.1583 0.3959 0.2563 0.1896 0.0000 0.0000 0.0000 0.0000 0.0000 
main 5.0000 2.0000 10.0000 7.0000 1.0000 7.0000 6.0000 0.0000 0.0000 0.2500 1.5000 0.0000 0.0000 b 0.1890 1.7500 1.3208 3.0756 0.2500 0.2500 0.2500 0.2500 0.2500 0.2500 0.0000 0.0000 0.0000 
main 5.0000 2.0000 56.0000 8.0000 1.0000 8.0000 7.0000 1.0000 0.0456 0.2502 1.7516 0.0349 0.0588 b 0.2100 2.0016 1.1601 3.1605 0.2552 0.2159 0.3080 0.2087 0.3050 0.1951 0.2638 0.0000 0.0000 
main 5.0000 2.0000 51.0000 6.0000 0.0000 6.0000 5.0000 2.0000 0.1026 0.2496 1.2481 0.0906 0.1145 b 0.2850 1.4981 1.4812 2.9905 0.1509 0.2026 0.3747 0.3445 0.1754 0.0000 0.0000 0.0000 0.0000 
main 5.0000 2.0000 35.0000 8.0000 1.0000 8.0000 7.0000 1.0000 0.0566 0.2503 1.7522 0.0349 0.0588 b 0.2180 2.0022 1.0172 3.0278 0.2572 0.1980 0.2275 0.1671 0.2848 0.3307 0.2870 0.0000 0.0000 
main 5.0000 2.0000 12.0000 7.0000 1.0000 7.0000 6.0000 2.0000 0.0962 0.2506 1.5037 0.0906 0.1145 b 0.2100 1.7537 1.0530 2.8126 0.2292 0.3960 0.2465 0.1536 0.3259 0.1527 0.0000 0.0000 0.0000 
main 5.0000 2.0000 32.0000 7.0000 1.0000 7.0000 6.0000 1.0000 0.0552 0.2503 1.5020 0.0349 0.0588 b 0.1980 1.7520 1.4174 3.1776 0.2765 0.1716 0.2121 0.2693 0.2420 0.3305 0.0000 0.0000 0.0000 
main 5.0000 2.0000 53.0000 7.0000 1.0000 7.0000 6.0000 1.0000 0.0361 0.2508 1.5049 0.0349 0.0588 b 0.1500 1.7549 1.3175 3.0639 0.2100 0.2469 0.2730 0.2213 0.3093 0.2443 0.0000 0.0000 0.0000 
main 5.0000 2.0000 46.0000 5.0000 0.0000 5.0000 4.0000 0.0000 0.0000 0.2500 1.0000 0.0000 0.0000 b 0.2000 1.2500 1.4029 2.6590 0.2500 0.2500 0.2500 0.2500 0.0000 0.0000 0.0000 0.0000 0.0000 
main 5.0000 2.0000 7.0000 6.0000 0.0000 6.0000 5.0000 0.0000 0.0000 0.2500 1.2500 0.0000 0.0000 b 0.1860 1.5000 1.1638 2.6590 0.2500 0.2500 0.2500 0.2500 0.2500 0.0000 0.0000 0.0000 0.0000 
main 5.0000 2.0000 42.0000 10.0000 2.0000 10.0000 9.0000 2.0000 0.0932 0.2500 2.2503 0.0906 0.1145 b 0.1840 2.5003 1.1136 3.6091 0.1675 0.1931 0.1610 0.2245 0.3869 0.3122 0.1731 0.2333 0.3987 
main 5.0000 2.0000 9.0000 6.0000 0.0000 6.0000 5.0000 2.0000 0.0947 0.2497 1.2483 0.0906 0.1145 b 0.2220 1.4983 1.2638 2.7573 0.1725 0.2129 0.3790 0.1654 0.3186 0.0000 0.0000 0.0000 0.0000 
main 5.0000 2.0000 2.0000 4.0000 0.0000 4.0000 3.0000 1.0000 0.0357 0.2510 0.7531 0.0349 0.0588 b 0.2640 1.0031 1.4441 2.4454 0.2469 0.2886 0.2176 0.0000 0.0000 0.0000 0.0000 0.0000 0.0000 
main 5.0000 2.0000 63.0000 10.0000 2.0000 10.0000 9.0000 2.0000 0.0918 0.2505 2.2545 0.0906 0.1145 b 0.2090 2.5045 1.0550 3.5466 0.1544 0.3878 0.3390 0.2170 0.1911 0.2355 0.1951 0.1599 0.3746 
main 5.0000 2.0000 19.0000 10.0000 2.0000 10.0000 9.0000 0.0000 0.0000 0.2500 2.2500 0.0000 0.0000 b 0.1420 2.5000 1.0522 3.5588 0.2500 0.2500 0.2500 0.2500 0.2500 0.2500 0.2500 0.2500 0.2500 
main 5.0000 2.0000 55.0000 8.0000 1.0000 8.0000 7.0000 0.0000 0.0000 0.2500 1.7500 0.0000 0.0000 b 0.1920 2.0000 1.2368 3.2422 0.2500 0.2500 0.2500 0.2500 0.2500 0.2500 0.2500 0.0000 0.0000 
main 5.0000 2.0000 44.0000 4.0000 0.0000 4.0000 3.0000 1.0000 0.0586 0.2508 0.7524 0.0349 0.0588 b 0.2650 1.0024 1.2408 2.2447 0.2324 0.2036 0.3163 0.0000 0.0000 0.0000 0.0000 0.0000 0.0000 
main 5.0000 2.0000 26.0000 5.0000 0.0000 5.0000 4.0000 1.0000 0.0547 0.2498 0.9992 0.0349 0.0588 b 0.2290 1.2492 1.0727 2.3246 0.1894 0.2307 0.2595 0.3195 0.0000 0.0000 0.0000 0.0000 0.0000 
main 5.0000 2.0000 11.0000 7.0000 1.0000 7.0000 6.0000 1.0000 0.0474 0.2499 1.4995 0.0349 0.0588 b 0.2160 1.7495 1.2149 2.9750 0.2836 0.3201 0.2578 0.2168 0.1889 0.2324 0.0000 0.0000 0.0000 
main 5.0000 2.0000 28.0000 6.0000 0.0000 6.0000 5.0000 0.0000 0.0000 0.2500 1.2500 0.0000 0.0000 b 0.1910 1.5000 1.2171 2.7254 0.2500 0.2500 0.2500 0.2500 0.2500 0.0000 0.0000 0.0000 0.0000 
main 5.0000 2.0000 37.0000 9.0000 1.0000 9.0000 8.0000 0.0000 0.0000 0.2500 2.0000 0.0000 0.0000 b 0.2000 2.2500 1.1356 3.3921 0.2500 0.2500 0.2500 0.2500 0.2500 0.2500 0.2500 0.2500 0.0000 
main 5.0000 2.0000 25.0000 5.0000 0.0000 5.0000 4.0000 0.0000 0.0000 0.2500 1.0000 0.0000 0.0000 b 0.1930 1.2500 1.4192 2.6757 0.2500 0.2500 0.2500 0.2500 0.0000 0.0000 0.0000 0.0000 0.0000 
main 5.0000 2.0000 30.0000 6.0000 0.0000 6.0000 5.0000 2.0000 0.0952 0.2496 1.2480 0.0906 0.1145 b 0.2420 1.4980 1.1391 2.6402 0.3941 0.1737 0.2968 0.1733 0.2101 0.0000 0.0000 0.0000 0.0000 
main 5.0000 2.0000 16.0000 9.0000 1.0000 9.0000 8.0000 0.0000 0.0000 0.2500 2.0000 0.0000 0.0000 b 0.2060 2.2500 1.0459 3.2921 0.2500 0.2500 0.2500 0.2500 0.2500 0.2500 0.2500 0.2500 0.0000 
main 5.0000 2.0000 38.0000 9.0000 1.0000 9.0000 8.0000 1.0000 0.0556 0.2499 1.9991 0.0349 0.0588 b 0.2130 2.2491 1.0995 3.3413 0.3171 0.1738 0.2286 0.2940 0.2579 0.1693 0.2975 0.2610 0.0000 
main 5.0000 2.0000 15.0000 8.0000 1.0000 8.0000 7.0000 2.0000 0.0951 0.2495 1.7468 0.0906 0.1145 b 0.1840 1.9968 1.1395 3.1392 0.1605 0.3791 0.1725 0.2223 0.2958 0.1569 0.3597 0.0000 0.0000 
main 5.0000 2.0000 47.0000 5.0000 0.0000 5.0000 4.0000 1.0000 0.0574 0.2497 0.9988 0.0349 0.0588 b 0.2050 1.2488 1.1253 2.3743 0.2230 0.2795 0.1838 0.3125 0.0000 0.0000 0.0000 0.0000 0.0000 
main 5.0000 2.0000 3.0000 4.0000 0.0000 4.0000 3.0000 2.0000 0.0986 0.2502 0.7505 0.0906 0.1145 b 0.2400 1.0005 1.3810 2.3762 0.3607 0.1711 0.2188 0.0000 0.0000 0.0000 0.0000 0.0000 0.0000 
main 5.0000 2.0000 52.0000 7.0000 1.0000 7.0000 6.0000 0.0000 0.0000 0.2500 1.5000 0.0000 0.0000 b 0.1860 1.7500 1.1014 2.8421 0.2500 0.2500 0.2500 0.2500 0.2500 0.2500 0.0000 0.0000 0.0000 
main 5.0000 2.0000 22.0000 4.0000 0.0000 4.0000 3.0000 0.0000 0.0000 0.2500 0.7500 0.0000 0.0000 b 0.2880 1.0000 1.1312 2.1255 0.2500 0.2500 0.2500 0.0000 0.0000 0.0000 0.0000 0.0000 0.0000 
main 5.0000 2.0000 45.0000 4.0000 0.0000 4.0000 3.0000 2.0000 0.0950 0.2509 0.7527 0.0906 0.1145 b 0.1950 1.0027 1.1331 2.1283 0.2577 0.3423 0.1527 0.0000 0.0000 0.0000 0.0000 0.0000 0.0000 
main 5.0000 2.0000 61.0000 10.0000 2.0000 10.0000 9.0000 0.0000 0.0000 0.2500 2.2500 0.0000 0.0000 b 0.1800 2.5000 1.1354 3.6424 0.2500 0.2500 0.2500 0.2500 0.2500 0.2500 0.2500 0.2500 0.2500 
main 5.0000 2.0000 59.0000 9.0000 1.0000 9.0000 8.0000 1.0000 0.0512 0.2501 2.0004 0.0349 0.0588 b 0.1600 2.2504 1.2611 3.5260 0.2206 0.3371 0.2165 0.3029 0.2205 0.2713 0.1816 0.2500 0.0000 
main 5.0000 2.0000 40.0000 10.0000 2.0000 10.0000 9.0000 0.0000 0.0000 0.2500 2.2500 0.0000 0.0000 b 0.1840 2.5000 1.1862 3.6923 0.2500 0.2500 0.2500 0.2500 0.2500 0.2500 0.2500 0.2500 0.2500 
main 5.0000 2.0000 1.0000 4.0000 0.0000 4.0000 3.0000 0.0000 0.0000 0.2500 0.7500 0.0000 0.0000 b 0.2350 1.0000 1.4045 2.4090 0.2500 0.2500 0.2500 0.0000 0.0000 0.0000 0.0000 0.0000 0.0000 
main 5.0000 2.0000 57.0000 8.0000 1.0000 8.0000 7.0000 2.0000 0.0940 0.2507 1.7546 0.0906 0.1145 b 0.1880 2.0046 1.0523 3.0633 0.1531 0.2132 0.1574 0.3800 0.3481 0.3113 0.1915 0.0000 0.0000 
main 5.0000 2.0000 24.0000 4.0000 0.0000 4.0000 3.0000 2.0000 0.0930 0.2515 0.7546 0.0906 0.1145 b 0.2130 1.0046 1.2243 2.2303 0.1633 0.2427 0.3487 0.0000 0.0000 0.0000 0.0000 0.0000 0.0000 
main 5.0000 2.0000 5.0000 5.0000 0.0000 5.0000 4.0000 1.0000 0.0531 0.2506 1.0023 0.0349 0.0588 b 0.2440 1.2523 1.4224 2.6780 0.2661 0.2385 0.3124 0.1854 0.0000 0.0000 0.0000 0.0000 0.0000 
main 5.0000 2.0000 58.0000 9.0000 1.0000 9.0000 8.0000 0.0000 0.0000 0.2500 2.0000 0.0000 0.0000 b 0.1760 2.2500 1.1109 3.3589 0.2500 0.2500 0.2500 0.2500 0.2500 0.2500 0.2500 0.2500 0.0000 
main 5.0000 2.0000 60.0000 9.0000 1.0000 9.0000 8.0000 2.0000 0.1034 0.2494 1.9955 0.0906 0.1145 b 0.1810 2.2455 1.2650 3.5044 0.3926 0.1528 0.3539 0.1847 0.1542 0.2233 0.3657 0.1682 0.0000 
main 5.0000 2.0000 43.0000 4.0000 0.0000 4.0000 3.0000 0.0000 0.0000 0.2500 0.7500 0.0000 0.0000 b 0.2380 1.0000 1.2915 2.2924 0.2500 0.2500 0.2500 0.0000 0.0000 0.0000 0.0000 0.0000 0.0000 
main 5.0000 2.0000 14.0000 8.0000 1.0000 8.0000 7.0000 1.0000 0.0559 0.2493 1.7452 0.0349 0.0588 b 0.1800 1.9952 1.3013 3.2876 0.2387 0.1978 0.3335 0.3072 0.1950 0.2701 0.2028 0.0000 0.0000 
main 5.0000 2.0000 29.0000 6.0000 0.0000 6.0000 5.0000 1.0000 0.0518 0.2496 1.2478 0.0349 0.0588 b 0.2640 1.4978 1.0896 2.5900 0.3166 0.2845 0.2023 0.2474 0.1971 0.0000 0.0000 0.0000 0.0000 
main 5.0000 2.0000 6.0000 5.0000 0.0000 5.0000 4.0000 2.0000 0.1006 0.2510 1.0039 0.0906 0.1145 b 0.2720 1.2539 1.3412 2.5962 0.1658 0.3939 0.1993 0.2450 0.0000 0.0000 0.0000 0.0000 0.0000 
main 5.0000 2.0000 41.0000 10.0000 2.0000 10.0000 9.0000 1.0000 0.0472 0.2504 2.2535 0.0349 0.0588 b 0.1710 2.5035 1.4331 3.9292 0.2570 0.3018 0.2058 0.2811 0.1984 0.2729 0.3191 0.2286 0.1887 
main 5.0000 2.0000 62.0000 10.0000 2.0000 10.0000 9.0000 1.0000 0.0556 0.2499 2.2493 0.0349 0.0588 b 0.2400 2.4993 1.1071 3.5915 0.2605 0.1609 0.2822 0.1824 0.2681 0.2402 0.3315 0.2185 0.3050 
main 5.0000 2.0000 33.0000 7.0000 1.0000 7.0000 6.0000 2.0000 0.0981 0.2505 1.5033 0.0906 0.1145 b 0.1930 1.7533 1.1864 2.9455 0.1646 0.2854 0.1791 0.3985 0.1596 0.3161 0.0000 0.0000 0.0000 
main 5.0000 3.0000 51.0000 6.0000 0.0000 6.0000 5.0000 2.0000 0.0985 0.2501 1.2503 0.0906 0.1145 b 0.1780 1.5003 1.4607 2.9593 0.1701 0.3728 0.3376 0.2092 0.1606 0.0000 0.0000 0.0000 0.0000 
main 5.0000 3.0000 47.0000 5.0000 0.0000 5.0000 4.0000 1.0000 0.0574 0.2502 1.0010 0.0349 0.0588 b 0.2190 1.2510 1.1894 2.4433 0.2446 0.3115 0.1747 0.2702 0.0000 0.0000 0.0000 0.0000 0.0000 
main 5.0000 3.0000 56.0000 8.0000 1.0000 8.0000 7.0000 1.0000 0.0585 0.2500 1.7502 0.0349 0.0588 b 0.1700 2.0002 1.2528 3.2591 0.3313 0.2028 0.2473 0.1644 0.2510 0.3150 0.2384 0.0000 0.0000 
main 5.0000 3.0000 3.0000 4.0000 0.0000 4.0000 3.0000 2.0000 0.1128 0.2496 0.7487 0.0906 0.1145 b 0.2070 0.9987 1.3553 2.3575 0.1521 0.3731 0.2235 0.0000 0.0000 0.0000 0.0000 0.0000 0.0000 
main 5.0000 3.0000 63.0000 10.0000 2.0000 10.0000 9.0000 2.0000 0.0927 0.2502 2.2515 0.0906 0.1145 b 0.1960 2.5015 1.3631 3.8606 0.1591 0.2806 0.2318 0.3924 0.2674 0.3922 0.1546 0.2131 0.1604 
main 5.0000 3.0000 60.0000 9.0000 1.0000 9.0000 8.0000 2.0000 0.0941 0.2503 2.0023 0.0906 0.1145 b 0.1950 2.2523 1.1508 3.4112 0.2221 0.1721 0.2333 0.3897 0.1510 0.1772 0.3913 0.2656 0.0000 
main 5.0000 3.0000 2.0000 4.0000 0.0000 4.0000 3.0000 1.0000 0.0506 0.2497 0.7491 0.0349 0.0588 b 0.3670 0.9991 1.2456 2.2414 0.1982 0.2993 0.2517 0.0000 0.0000 0.0000 0.0000 0.0000 0.0000 
main 5.0000 3.0000 18.0000 9.0000 1.0000 9.0000 8.0000 2.0000 0.0910 0.2496 1.9971 0.0906 0.1145 b 0.1730 2.2471 1.4581 3.7062 0.2550 0.3414 0.1633 0.3989 0.1564 0.3052 0.1726 0.2043 0.0000 
main 5.0000 3.0000 21.0000 10.0000 2.0000 10.0000 9.0000 2.0000 0.0943 0.2499 2.2489 0.0906 0.1145 b 0.2100 2.4989 1.2442 3.7411 0.1668 0.2831 0.1530 0.3892 0.1669 0.3625 0.1698 0.3366 0.2211 
main 5.0000 3.0000 10.0000 7.0000 1.0000 7.0000 6.0000 0.0000 0.0000 0.2500 1.5000 0.0000 0.0000 b 0.2250 1.7500 1.3425 3.0923 0.2500 0.2500 0.2500 0.2500 0.2500 0.2500 0.0000 0.0000 0.0000 
main 5.0000 3.0000 17.0000 9.0000 1.0000 9.0000 8.0000 1.0000 0.0581 0.2497 1.9973 0.0349 0.0588 b 0.1600 2.2473 1.1609 3.4062 0.2795 0.2366 0.2807 0.3505 0.1553 0.2595 0.2037 0.2315 0.0000 
main 5.0000 3.0000 59.0000 9.0000 1.0000 9.0000 8.0000 1.0000 0.0378 0.2495 1.9958 0.0349 0.0588 b 0.2040 2.2458 1.3594 3.6048 0.2769 0.2154 0.2937 0.2673 0.2329 0.1851 0.2392 0.2852 0.0000 
main 5.0000 3.0000 8.0000 6.0000 0.0000 6.0000 5.0000 1.0000 0.0574 0.2496 1.2481 0.0349 0.0588 b 0.2590 1.4981 1.2437 2.7404 0.2037 0.2375 0.1907 0.2906 0.3255 0.0000 0.0000 0.0000 0.0000 
main 5.0000 3.0000 1.0000 4.0000 0.0000 4.0000 3.0000 0.0000 0.0000 0.2500 0.7500 0.0000 0.0000 b 0.2810 1.0000 1.2675 2.2756 0.2500 0.2500 0.2500 0.0000 0.0000 0.0000 0.0000 0.0000 0.0000 
main 5.0000 3.0000 55.0000 8.0000 1.0000 8.0000 7.0000 0.0000 0.0000 0.2500 1.7500 0.0000 0.0000 b 0.1890 2.0000 1.1024 3.1089 0.2500 0.2500 0.2500 0.2500 0.2500 0.2500 0.2500 0.0000 0.0000 
main 5.0000 3.0000 29.0000 6.0000 0.0000 6.0000 5.0000 1.0000 0.0438 0.2509 1.2543 0.0349 0.0588 b 0.2170 1.5043 1.2461 2.7631 0.2237 0.3071 0.2674 0.1930 0.2630 0.0000 0.0000 0.0000 0.0000 
main 5.0000 3.0000 9.0000 6.0000 0.0000 6.0000 5.0000 2.0000 0.0929 0.2502 1.2510 0.0906 0.1145 b 0.3660 1.5010 1.1944 2.6933 0.1793 0.3151 0.2096 0.3796 0.1673 0.0000 0.0000 0.0000 0.0000 
main 5.0000 3.0000 15.0000 8.0000 1.0000 8.0000 7.0000 2.0000 0.0933 0.2494 1.7458 0.0906 0.1145 b 0.1930 1.9958 1.2112 3.2047 0.2103 0.1650 0.3891 0.1864 0.3370 0.1528 0.3052 0.0000 0.0000 
main 5.0000 3.0000 37.0000 9.0000 1.0000 9.0000 8.0000 0.0000 0.0000 0.2500 2.0000 0.0000 0.0000 b 0.2140 2.2500 1.3196 3.5755 0.2500 0.2500 0.2500 0.2500 0.2500 0.2500 0.2500 0.2500 0.0000 
main 5.0000 3.0000 35.0000 8.0000 1.0000 8.0000 7.0000 1.0000 0.0560 0.2502 1.7511 0.0349 0.0588 b 0.2190 2.0011 1.0677 3.0766 0.2658 0.3004 0.3331 0.2542 0.1729 0.1994 0.2253 0.0000 0.0000 
main 5.0000 3.0000 11.0000 7.0000 1.0000 7.0000 6.0000 1.0000 0.0468 0.2504 1.5021 0.0349 0.0588 b 0.2390 1.7521 1.3912 3.1444 0.2949 0.1867 0.2847 0.2509 0.1999 0.2850 0.0000 0.0000 0.0000 
main 5.0000 3.0000 6.0000 5.0000 0.0000 5.0000 4.0000 2.0000 0.0994 0.2491 0.9965 0.0906 0.1145 b 0.2600 1.2465 1.0920 2.3387 0.2530 0.3863 0.1580 0.1992 0.0000 0.0000 0.0000 0.0000 0.0000 
main 5.0000 3.0000 57.0000 8.0000 1.0000 8.0000 7.0000 2.0000 0.0936 0.2505 1.7536 0.0906 0.1145 b 0.1740 2.0036 1.3449 3.3458 0.3325 0.1888 0.1502 0.3363 0.1995 0.3756 0.1707 0.0000 0.0000 
main 5.0000 3.0000 42.0000 10.0000 2.0000 10.0000 9.0000 2.0000 0.0933 0.2504 2.2534 0.0906 0.1145 b 0.1830 2.5034 1.3939 3.8958 0.1928 0.3906 0.1533 0.2208 0.1559 0.2668 0.1720 0.3303 0.3710 
main 5.0000 3.0000 33.0000 7.0000 1.0000 7.0000 6.0000 2.0000 0.0952 0.2496 1.4974 0.0906 0.1145 b 0.2600 1.7474 1.4598 3.2064 0.1919 0.3641 0.1546 0.2288 0.3730 0.1849 0.0000 0.0000 0.0000 
main 5.0000 3.0000 53.0000 7.0000 1.0000 7.0000 6.0000 1.0000 0.0507 0.2506 1.5035 0.0349 0.0588 b 0.1980 1.7535 1.4708 3.2125 0.2657 0.3125 0.2223 0.2840 0.1677 0.2515 0.0000 0.0000 0.0000 
main 5.0000 3.0000 52.0000 7.0000 1.0000 7.0000 6.0000 0.0000 0.0000 0.2500 1.5000 0.0000 0.0000 b 0.1630 1.7500 1.3571 3.1091 0.2500 0.2500 0.2500 0.2500 0.2500 0.2500 0.0000 0.0000 0.0000 
main 5.0000 3.0000 12.0000 7.0000 1.0000 7.0000 6.0000 2.0000 0.0999 0.2504 1.5024 0.0906 0.1145 b 0.1600 1.7524 1.0269 2.7778 0.1527 0.3834 0.2638 0.1917 0.3529 0.1579 0.0000 0.0000 0.0000 
main 5.0000 3.0000 34.0000 8.0000 1.0000 8.0000 7.0000 0.0000 0.0000 0.2500 1.7500 0.0000 0.0000 b 0.1380 2.0000 1.0917 3.0921 0.2500 0.2500 0.2500 0.2500 0.2500 0.2500 0.2500 0.0000 0.0000 
main 5.0000 3.0000 23.0000 4.0000 0.0000 4.0000 3.0000 1.0000 0.0576 0.2490 0.7469 0.0349 0.0588 b 0.2300 0.9969 1.4257 2.4225 0.3095 0.2425 0.1949 0.0000 0.0000 0.0000 0.0000 0.0000 0.0000 
main 5.0000 3.0000 39.0000 9.0000 1.0000 9.0000 8.0000 2.0000 0.0913 0.2494 1.9951 0.0906 0.1145 b 0.1880 2.2451 1.3579 3.6040 0.3894 0.2226 0.2910 0.1559 0.3460 0.1551 0.2779 0.1573 0.0000 
main 5.0000 3.0000 32.0000 7.0000 1.0000 7.0000 6.0000 1.0000 0.0442 0.2496 1.4977 0.0349 0.0588 b 0.2090 1.7477 1.1793 2.9400 0.2301 0.1906 0.3038 0.2569 0.2209 0.2954 0.0000 0.0000 0.0000 
main 5.0000 3.0000 38.0000 9.0000 1.0000 9.0000 8.0000 1.0000 0.0559 0.2497 1.9975 0.0349 0.0588 b 0.1830 2.2475 1.0350 3.2896 0.2618 0.2234 0.3106 0.3438 0.1757 0.2553 0.2265 0.2004 0.0000 
main 5.0000 3.0000 22.0000 4.0000 0.0000 4.0000 3.0000 0.0000 0.0000 0.2500 0.7500 0.0000 0.0000 b 0.2620 1.0000 1.1388 2.1421 0.2500 0.2500 0.2500 0.0000 0.0000 0.0000 0.0000 0.0000 0.0000 
main 5.0000 3.0000 7.0000 6.0000 0.0000 6.0000 5.0000 0.0000 0.0000 0.2500 1.2500 0.0000 0.0000 b 0.1920 1.5000 1.2385 2.7424 0.2500 0.2500 0.2500 0.2500 0.2500 0.0000 0.0000 0.0000 0.0000 
main 5.0000 3.0000 54.0000 7.0000 1.0000 7.0000 6.0000 2.0000 0.0949 0.2505 1.5027 0.0906 0.1145 b 0.2340 1.7527 1.4110 3.1617 0.1962 0.3475 0.1618 0.2227 0.1839 0.3907 0.0000 0.0000 0.0000 
main 5.0000 3.0000 20.0000 10.0000 2.0000 10.0000 9.0000 1.0000 0.0555 0.2495 2.2459 0.0349 0.0588 b 0.1710 2.4959 1.3349 3.8381 0.2852 0.3149 0.1617 0.2980 0.2309 0.1837 0.2973 0.2076 0.2666 
main 5.0000 3.0000 61.0000 10.0000 2.0000 10.0000 9.0000 0.0000 0.0000 0.2500 2.2500 0.0000 0.0000 b 0.1930 2.5000 1.1860 3.6922 0.2500 0.2500 0.2500 0.2500 0.2500 0.2500 0.2500 0.2500 0.2500 
main 5.0000 3.0000 13.0000 8.0000 1.0000 8.0000 7.0000 0.0000 0.0000 0.2500 1.7500 0.0000 0.0000 b 0.2070 2.0000 1.1529 3.1588 0.2500 0.2500 0.2500 0.2500 0.2500 0.2500 0.2500 0.0000 0.0000 
main 5.0000 3.0000 5.0000 5.0000 0.0000 5.0000 4.0000 1.0000 0.0532 0.2497 0.9986 0.0349 0.0588 b 0.2220 1.2486 1.2127 2.4575 0.2023 0.3194 0.2624 0.2145 0.0000 0.0000 0.0000 0.0000 0.0000 
main 5.0000 3.0000 49.0000 6.0000 0.0000 6.0000 5.0000 0.0000 0.0000 0.2500 1.2500 0.0000 0.0000 b 0.2170 1.5000 1.3069 2.8089 0.2500 0.2500 0.2500 0.2500 0.2500 0.0000 0.0000 0.0000 0.0000 
main 5.0000 3.0000 58.0000 9.0000 1.0000 9.0000 8.0000 0.0000 0.0000 0.2500 2.0000 0.0000 0.0000 b 0.2020 2.2500 1.1851 3.4256 0.2500 0.2500 0.2500 0.2500 0.2500 0.2500 0.2500 0.2500 0.0000 
main 5.0000 3.0000 24.0000 4.0000 0.0000 4.0000 3.0000 2.0000 0.1099 0.2499 0.7496 0.0906 0.1145 b 0.3300 0.9996 1.2769 2.2751 0.3741 0.2101 0.1654 0.0000 0.0000 0.0000 0.0000 0.0000 0.0000 
main 5.0000 3.0000 30.0000 6.0000 0.0000 6.0000 5.0000 2.0000 0.0935 0.2500 1.2499 0.0906 0.1145 b 0.2630 1.4999 1.1874 2.6753 0.2088 0.1544 0.1982 0.3015 0.3870 0.0000 0.0000 0.0000 0.0000 
main 5.0000 3.0000 19.0000 10.0000 2.0000 10.0000 9.0000 0.0000 0.0000 0.2500 2.2500 0.0000 0.0000 b 0.2660 2.5000 1.3930 3.9091 0.2500 0.2500 0.2500 0.2500 0.2500 0.2500 0.2500 0.2500 0.2500 
main 5.0000 3.0000 50.0000 6.0000 0.0000 6.0000 5.0000 1.0000 0.0585 0.2507 1.2535 0.0349 0.0588 b 0.2640 1.5035 1.3152 2.8291 0.3382 0.2024 0.2776 0.1978 0.2376 0.0000 0.0000 0.0000 0.0000 
main 5.0000 3.0000 45.0000 4.0000 0.0000 4.0000 3.0000 2.0000 0.1084 0.2500 0.7501 0.0906 0.1145 b 0.3450 1.0001 1.2003 2.2091 0.2026 0.1734 0.3740 0.0000 0.0000 0.0000 0.0000 0.0000 0.0000 
main 5.0000 3.0000 44.0000 4.0000 0.0000 4.0000 3.0000 1.0000 0.0569 0.2494 0.7481 0.0349 0.0588 b 0.2380 0.9981 1.3693 2.3736 0.3020 0.1889 0.2571 0.0000 0.0000 0.0000 0.0000 0.0000 0.0000 
main 5.0000 3.0000 46.0000 5.0000 0.0000 5.0000 4.0000 0.0000 0.0000 0.2500 1.0000 0.0000 0.0000 b 0.4360 1.2500 1.2743 2.5256 0.2500 0.2500 0.2500 0.2500 0.0000 0.0000 0.0000 0.0000 0.0000 
main 5.0000 3.0000 16.0000 9.0000 1.0000 9.0000 8.0000 0.0000 0.0000 0.2500 2.0000 0.0000 0.0000 b 0.1500 2.2500 1.0661 3.3257 0.2500 0.2500 0.2500 0.2500 0.2500 0.2500 0.2500 0.2500 0.0000 
main 5.0000 3.0000 48.0000 5.0000 0.0000 5.0000 4.0000 2.0000 0.0947 0.2508 1.0033 0.0906 0.1145 b 0.1740 1.2533 1.1140 2.3622 0.1515 0.2010 0.2839 0.3669 0.0000 0.0000 0.0000 0.0000 0.0000 
main 5.0000 3.0000 28.0000 6.0000 0.0000 6.0000 5.0000 0.0000 0.0000 0.2500 1.2500 0.0000 0.0000 b 0.1810 1.5000 1.0271 2.5255 0.2500 0.2500 0.2500 0.2500 0.2500 0.0000 0.0000 0.0000 0.0000 
main 5.0000 3.0000 36.0000 8.0000 1.0000 8.0000 7.0000 2.0000 0.0924 0.2502 1.7514 0.0906 0.1145 b 0.1870 2.0014 1.1478 3.1436 0.3942 0.1890 0.3285 0.1994 0.1512 0.3084 0.1808 0.0000 0.0000 
main 5.0000 3.0000 4.0000 5.0000 0.0000 5.0000 4.0000 0.0000 0.0000 0.2500 1.0000 0.0000 0.0000 b 0.1550 1.2500 1.4224 2.6758 0.2500 0.2500 0.2500 0.2500 0.0000 0.0000 0.0000 0.0000 0.0000 
main 5.0000 3.0000 31.0000 7.0000 1.0000 7.0000 6.0000 0.0000 0.0000 0.2500 1.5000 0.0000 0.0000 b 0.1930 1.7500 1.4965 3.2424 0.2500 0.2500 0.2500 0.2500 0.2500 0.2500 0.0000 0.0000 0.0000 
main 5.0000 3.0000 14.0000 8.0000 1.0000 8.0000 7.0000 1.0000 0.0529 0.2504 1.7529 0.0349 0.0588 b 0.1720 2.0029 1.3725 3.3786 0.2266 0.2982 0.2328 0.2790 0.2458 0.1567 0.3137 0.0000 0.0000 
main 5.0000 3.0000 43.0000 4.0000 0.0000 4.0000 3.0000 0.0000 0.0000 0.2500 0.7500 0.0000 0.0000 b 0.2410 1.0000 1.3437 2.3424 0.2500 0.2500 0.2500 0.0000 0.0000 0.0000 0.0000 0.0000 0.0000 
main 5.0000 3.0000 27.0000 5.0000 0.0000 5.0000 4.0000 2.0000 0.1001 0.2511 1.0044 0.0906 0.1145 b 0.2410 1.2544 1.4068 2.6635 0.2818 0.1506 0.3770 0.1950 0.0000 0.0000 0.0000 0.0000 0.0000 
main 5.0000 3.0000 62.0000 10.0000 2.0000 10.0000 9.0000 1.0000 0.0566 0.2501 2.2513 0.0349 0.0588 b 0.1770 2.5013 1.3742 3.8770 0.3454 0.3078 0.2342 0.2676 0.1609 0.2703 0.2065 0.2575 0.2012 
main 5.0000 3.0000 26.0000 5.0000 0.0000 5.0000 4.0000 1.0000 0.0487 0.2510 1.0040 0.0349 0.0588 b 0.3160 1.2540 1.1452 2.3963 0.2000 0.2436 0.3173 0.2430 0.0000 0.0000 0.0000 0.0000 0.0000 
main 5.0000 3.0000 25.0000 5.0000 0.0000 5.0000 4.0000 0.0000 0.0000 0.2500 1.0000 0.0000 0.0000 b 0.2510 1.2500 1.1393 2.3921 0.2500 0.2500 0.2500 0.2500 0.0000 0.0000 0.0000 0.0000 0.0000 
main 5.0000 3.0000 41.0000 10.0000 2.0000 10.0000 9.0000 1.0000 0.0545 0.2495 2.2454 0.0349 0.0588 b 0.2010 2.4954 1.1121 3.6209 0.1866 0.2270 0.3146 0.1827 0.2468 0.2035 0.2592 0.3274 0.2977 
main 5.0000 3.0000 40.0000 10.0000 2.0000 10.0000 9.0000 0.0000 0.0000 0.2500 2.2500 0.0000 0.0000 b 0.1910 2.5000 1.1667 3.6754 0.2500 0.2500 0.2500 0.2500 0.2500 0.2500 0.2500 0.2500 0.2500 
main 5.0000 4.0000 9.0000 6.0000 0.0000 6.0000 5.0000 2.0000 0.0956 0.2496 1.2482 0.0906 0.1145 b 0.2060 1.4982 1.2979 2.8072 0.1942 0.3658 0.3398 0.1892 0.1592 0.0000 0.0000 0.0000 0.0000 
main 5.0000 4.0000 14.0000 8.0000 1.0000 8.0000 7.0000 1.0000 0.0536 0.2502 1.7512 0.0349 0.0588 b 0.1840 2.0012 1.4040 3.4101 0.2781 0.2508 0.1674 0.2354 0.2044 0.2890 0.3262 0.0000 0.0000 
main 5.0000 4.0000 59.0000 9.0000 1.0000 9.0000 8.0000 1.0000 0.0546 0.2503 2.0023 0.0349 0.0588 b 0.1890 2.2523 1.4870 3.7446 0.3183 0.2361 0.3112 0.2135 0.1876 0.2944 0.1797 0.2615 0.0000 
main 5.0000 4.0000 15.0000 8.0000 1.0000 8.0000 7.0000 2.0000 0.0995 0.2496 1.7472 0.0906 0.1145 b 0.2260 1.9972 1.3246 3.3229 0.1636 0.3871 0.1990 0.2290 0.1646 0.3954 0.2086 0.0000 0.0000 
main 5.0000 4.0000 12.0000 7.0000 1.0000 7.0000 6.0000 2.0000 0.0910 0.2507 1.5041 0.0906 0.1145 b 0.1960 1.7541 1.2378 2.9964 0.3692 0.2068 0.1591 0.2009 0.3625 0.2056 0.0000 0.0000 0.0000 
main 5.0000 4.0000 36.0000 8.0000 1.0000 8.0000 7.0000 2.0000 0.1024 0.2497 1.7476 0.0906 0.1145 b 0.1910 1.9976 1.1693 3.1733 0.3904 0.2237 0.1510 0.3611 0.1648 0.3064 0.1503 0.0000 0.0000 
main 5.0000 4.0000 33.0000 7.0000 1.0000 7.0000 6.0000 2.0000 0.0951 0.2500 1.4999 0.0906 0.1145 b 0.2000 1.7499 1.1591 2.9088 0.3778 0.1641 0.2321 0.3588 0.1672 0.1998 0.0000 0.0000 0.0000 
main 5.0000 4.0000 39.0000 9.0000 1.0000 9.0000 8.0000 2.0000 0.0915 0.2505 2.0039 0.0906 0.1145 b 0.3370 2.2539 1.1465 3.3960 0.1567 0.3832 0.2204 0.3802 0.1941 0.2223 0.2907 0.1563 0.0000 
main 5.0000 4.0000 23.0000 4.0000 0.0000 4.0000 3.0000 1.0000 0.0514 0.2505 0.7514 0.0349 0.0588 b 0.3180 1.0014 1.2636 2.2604 0.2391 0.2057 0.3066 0.0000 0.0000 0.0000 0.0000 0.0000 0.0000 
main 5.0000 4.0000 40.0000 10.0000 2.0000 10.0000 9.0000 0.0000 0.0000 0.2500 2.2500 0.0000 0.0000 b 0.1980 2.5000 1.4341 3.9257 0.2500 0.2500 0.2500 0.2500 0.2500 0.2500 0.2500 0.2500 0.2500 
main 5.0000 4.0000 42.0000 10.0000 2.0000 10.0000 9.0000 2.0000 0.0948 0.2497 2.2472 0.0906 0.1145 b 0.3260 2.4972 1.2013 3.6895 0.3793 0.2760 0.3128 0.1556 0.3944 0.1803 0.1540 0.2228 0.1720 
main 5.0000 4.0000 53.0000 7.0000 1.0000 7.0000 6.0000 1.0000 0.0549 0.2493 1.4960 0.0349 0.0588 b 0.2150 1.7460 1.1727 2.9214 0.1547 0.3184 0.2684 0.2360 0.2768 0.2418 0.0000 0.0000 0.0000 
main 5.0000 4.0000 5.0000 5.0000 0.0000 5.0000 4.0000 1.0000 0.0583 0.2508 1.0031 0.0349 0.0588 b 0.1930 1.2531 1.3036 2.5621 0.2380 0.3305 0.2441 0.1905 0.0000 0.0000 0.0000 0.0000 0.0000 
main 5.0000 4.0000 56.0000 8.0000 1.0000 8.0000 7.0000 1.0000 0.0539 0.2503 1.7518 0.0349 0.0588 b 0.1410 2.0018 1.4927 3.4941 0.2175 0.1916 0.3156 0.1921 0.2389 0.3153 0.2808 0.0000 0.0000 
main 5.0000 4.0000 24.0000 4.0000 0.0000 4.0000 3.0000 2.0000 0.1117 0.2509 0.7526 0.0906 0.1145 b 0.3100 1.0026 1.3220 2.3282 0.1528 0.3725 0.2272 0.0000 0.0000 0.0000 0.0000 0.0000 0.0000 
main 5.0000 4.0000 51.0000 6.0000 0.0000 6.0000 5.0000 2.0000 0.1012 0.2497 1.2487 0.0906 0.1145 b 0.1830 1.4987 1.4511 2.9578 0.3468 0.1518 0.2055 0.1748 0.3698 0.0000 0.0000 0.0000 0.0000 
main 5.0000 4.0000 19.0000 10.0000 2.0000 10.0000 9.0000 0.0000 0.0000 0.2500 2.2500 0.0000 0.0000 b 0.1920 2.5000 1.3394 3.8423 0.2500 0.2500 0.2500 0.2500 0.2500 0.2500 0.2500 0.2500 0.2500 
main 5.0000 4.0000 26.0000 5.0000 0.0000 5.0000 4.0000 1.0000 0.0499 0.2504 1.0016 0.0349 0.0588 b 0.2880 1.2516 1.1968 2.4438 0.2347 0.1884 0.3029 0.2757 0.0000 0.0000 0.0000 0.0000 0.0000 
main 5.0000 4.0000 37.0000 9.0000 1.0000 9.0000 8.0000 0.0000 0.0000 0.2500 2.0000 0.0000 0.0000 b 0.1770 2.2500 1.3296 3.5756 0.2500 0.2500 0.2500 0.2500 0.2500 0.2500 0.2500 0.2500 0.0000 
main 5.0000 4.0000 2.0000 4.0000 0.0000 4.0000 3.0000 1.0000 0.0516 0.2492 0.7477 0.0349 0.0588 b 0.2210 0.9977 1.3946 2.3901 0.2006 0.2439 0.3033 0.0000 0.0000 0.0000 0.0000 0.0000 0.0000 
main 5.0000 4.0000 17.0000 9.0000 1.0000 9.0000 8.0000 1.0000 0.0425 0.2498 1.9981 0.0349 0.0588 b 0.1950 2.2481 1.2666 3.5072 0.2457 0.3177 0.2140 0.2400 0.2741 0.2433 0.2834 0.1799 0.0000 
main 5.0000 4.0000 10.0000 7.0000 1.0000 7.0000 6.0000 0.0000 0.0000 0.2500 1.5000 0.0000 0.0000 b 0.3030 1.7500 1.1783 2.9254 0.2500 0.2500 0.2500 0.2500 0.2500 0.2500 0.0000 0.0000 0.0000 
main 5.0000 4.0000 32.0000 7.0000 1.0000 7.0000 6.0000 1.0000 0.0455 0.2501 1.5004 0.0349 0.0588 b 0.1790 1.7504 1.1384 2.8925 0.2044 0.2588 0.2303 0.3103 0.2028 0.2938 0.0000 0.0000 0.0000 
main 5.0000 4.0000 28.0000 6.0000 0.0000 6.0000 5.0000 0.0000 0.0000 0.2500 1.2500 0.0000 0.0000 b 0.2880 1.5000 1.1131 2.6087 0.2500 0.2500 0.2500 0.2500 0.2500 0.0000 0.0000 0.0000 0.0000 
main 5.0000 4.0000 35.0000 8.0000 1.0000 8.0000 7.0000 1.0000 0.0535 0.2500 1.7500 0.0349 0.0588 b 0.1640 2.0000 1.2142 3.2090 0.3184 0.2284 0.3146 0.1762 0.2099 0.2711 0.2316 0.0000 0.0000 
main 5.0000 4.0000 13.0000 8.0000 1.0000 8.0000 7.0000 0.0000 0.0000 0.2500 1.7500 0.0000 0.0000 b 0.1640 2.0000 1.1642 3.1588 0.2500 0.2500 0.2500 0.2500 0.2500 0.2500 0.2500 0.0000 0.0000 
main 5.0000 4.0000 31.0000 7.0000 1.0000 7.0000 6.0000 0.0000 0.0000 0.2500 1.5000 0.0000 0.0000 b 0.1770 1.7500 1.2409 2.9755 0.2500 0.2500 0.2500 0.2500 0.2500 0.2500 0.0000 0.0000 0.0000 
main 5.0000 4.0000 43.0000 4.0000 0.0000 4.0000 3.0000 0.0000 0.0000 0.2500 0.7500 0.0000 0.0000 b 0.2060 1.0000 1.3464 2.3590 0.2500 0.2500 0.2500 0.0000 0.0000 0.0000 0.0000 0.0000 0.0000 
main 5.0000 4.0000 18.0000 9.0000 1.0000 9.0000 8.0000 2.0000 0.0943 0.2504 2.0029 0.0906 0.1145 b 0.1550 2.2529 1.2413 3.4951 0.1527 0.3899 0.3160 0.1592 0.2293 0.3544 0.1540 0.2475 0.0000 
main 5.0000 4.0000 46.0000 5.0000 0.0000 5.0000 4.0000 0.0000 0.0000 0.2500 1.0000 0.0000 0.0000 b 0.2000 1.2500 1.0907 2.3421 0.2500 0.2500 0.2500 0.2500 0.0000 0.0000 0.0000 0.0000 0.0000 
main 5.0000 4.0000 63.0000 10.0000 2.0000 10.0000 9.0000 2.0000 0.0926 0.2496 2.2462 0.0906 0.1145 b 0.1840 2.4962 1.1613 3.6551 0.1554 0.3851 0.2329 0.1712 0.3324 0.1687 0.3519 0.2945 0.1540 
main 5.0000 4.0000 20.0000 10.0000 2.0000 10.0000 9.0000 1.0000 0.0471 0.2496 2.2465 0.0349 0.0588 b 0.2130 2.4965 1.4524 3.9555 0.2201 0.1895 0.2835 0.2433 0.3313 0.2380 0.1976 0.2430 0.3001 
main 5.0000 4.0000 30.0000 6.0000 0.0000 6.0000 5.0000 2.0000 0.0918 0.2497 1.2484 0.0906 0.1145 b 0.2480 1.4984 1.4462 2.9406 0.2689 0.1578 0.3952 0.1899 0.2365 0.0000 0.0000 0.0000 0.0000 
main 5.0000 4.0000 21.0000 10.0000 2.0000 10.0000 9.0000 2.0000 0.0959 0.2498 2.2482 0.0906 0.1145 b 0.1980 2.4982 1.3676 3.8739 0.2174 0.3997 0.1521 0.1796 0.2447 0.1785 0.3840 0.1673 0.3250 
main 5.0000 4.0000 8.0000 6.0000 0.0000 6.0000 5.0000 1.0000 0.0491 0.2509 1.2547 0.0349 0.0588 b 0.2260 1.5047 1.0480 2.5470 0.3182 0.2592 0.2073 0.2715 0.1986 0.0000 0.0000 0.0000 0.0000 
main 5.0000 4.0000 22.0000 4.0000 0.0000 4.0000 3.0000 0.0000 0.0000 0.2500 0.7500 0.0000 0.0000 b 0.2430 1.0000 1.0172 2.0089 0.2500 0.2500 0.2500 0.0000 0.0000 0.0000 0.0000 0.0000 0.0000 
main 5.0000 4.0000 41.0000 10.0000 2.0000 10.0000 9.0000 1.0000 0.0588 0.2500 2.2499 0.0349 0.0588 b 0.1700 2.4999 1.1052 3.6088 0.2800 0.2316 0.1986 0.2353 0.3172 0.3602 0.2391 0.2089 0.1789 
main 5.0000 4.0000 29.0000 6.0000 0.0000 6.0000 5.0000 1.0000 0.0484 0.2507 1.2537 0.0349 0.0588 b 0.2220 1.5037 1.3062 2.8126 0.2895 0.2361 0.1970 0.3121 0.2190 0.0000 0.0000 0.0000 0.0000 
main 5.0000 4.0000 54.0000 7.0000 1.0000 7.0000 6.0000 2.0000 0.0955 0.2492 1.4954 0.0906 0.1145 b 0.1910 1.7454 1.3322 3.0711 0.1596 0.3627 0.2261 0.1661 0.3736 0.2073 0.0000 0.0000 0.0000 
main 5.0000 4.0000 25.0000 5.0000 0.0000 5.0000 4.0000 0.0000 0.0000 0.2500 1.0000 0.0000 0.0000 b 0.1840 1.2500 1.4128 2.6590 0.2500 0.2500 0.2500 0.2500 0.0000 0.0000 0.0000 0.0000 0.0000 
main 5.0000 4.0000 6.0000 5.0000 0.0000 5.0000 4.0000 2.0000 0.1015 0.2505 1.0021 0.0906 0.1145 b 0.1990 1.2521 1.4719 2.7111 0.3572 0.1762 0.3164 0.1523 0.0000 0.0000 0.0000 0.0000 0.0000 
main 5.0000 4.0000 38.0000 9.0000 1.0000 9.0000 8.0000 1.0000 0.0554 0.2497 1.9975 0.0349 0.0588 b 0.2130 2.2475 1.1396 3.3732 0.3123 0.1987 0.2603 0.3097 0.2434 0.3017 0.1725 0.1990 0.0000 
main 5.0000 4.0000 52.0000 7.0000 1.0000 7.0000 6.0000 0.0000 0.0000 0.2500 1.5000 0.0000 0.0000 b 0.1550 1.7500 1.1616 2.9257 0.2500 0.2500 0.2500 0.2500 0.2500 0.2500 0.0000 0.0000 0.0000 
main 5.0000 4.0000 27.0000 5.0000 0.0000 5.0000 4.0000 2.0000 0.1008 0.2499 0.9998 0.0906 0.1145 b 0.2040 1.2498 1.3502 2.6087 0.1582 0.2811 0.3783 0.1821 0.0000 0.0000 0.0000 0.0000 0.0000 
main 5.0000 4.0000 7.0000 6.0000 0.0000 6.0000 5.0000 0.0000 0.0000 0.2500 1.2500 0.0000 0.0000 b 0.1690 1.5000 1.2890 2.7922 0.2500 0.2500 0.2500 0.2500 0.2500 0.0000 0.0000 0.0000 0.0000 
main 5.0000 4.0000 58.0000 9.0000 1.0000 9.0000 8.0000 0.0000 0.0000 0.2500 2.0000 0.0000 0.0000 b 0.2040 2.2500 1.4827 3.7423 0.2500 0.2500 0.2500 0.2500 0.2500 0.2500 0.2500 0.2500 0.0000 
main 5.0000 4.0000 3.0000 4.0000 0.0000 4.0000 3.0000 2.0000 0.0948 0.2500 0.7500 0.0906 0.1145 b 0.2530 1.0000 1.0589 2.0590 0.3504 0.1619 0.2377 0.0000 0.0000 0.0000 0.0000 0.0000 0.0000 
main 5.0000 4.0000 61.0000 10.0000 2.0000 10.0000 9.0000 0.0000 0.0000 0.2500 2.2500 0.0000 0.0000 b 0.1880 2.5000 1.1102 3.6089 0.2500 0.2500 0.2500 0.2500 0.2500 0.2500 0.2500 0.2500 0.2500 
main 5.0000 4.0000 4.0000 5.0000 0.0000 5.0000 4.0000 0.0000 0.0000 0.2500 1.0000 0.0000 0.0000 b 0.2800 1.2500 1.3359 2.5923 0.2500 0.2500 0.2500 0.2500 0.0000 0.0000 0.0000 0.0000 0.0000 
main 5.0000 4.0000 57.0000 8.0000 1.0000 8.0000 7.0000 2.0000 0.0936 0.2504 1.7531 0.0906 0.1145 b 0.2810 2.0031 1.1859 3.1954 0.1691 0.1971 0.3940 0.3592 0.1597 0.2692 0.2049 0.0000 0.0000 
main 5.0000 4.0000 47.0000 5.0000 0.0000 5.0000 4.0000 1.0000 0.0527 0.2509 1.0037 0.0349 0.0588 b 0.3030 1.2537 1.3554 2.6127 0.2335 0.2057 0.3271 0.2373 0.0000 0.0000 0.0000 0.0000 0.0000 
main 5.0000 4.0000 50.0000 6.0000 0.0000 6.0000 5.0000 1.0000 0.0522 0.2501 1.2506 0.0349 0.0588 b 0.1480 1.5006 1.2171 2.7095 0.2272 0.3315 0.2419 0.1902 0.2597 0.0000 0.0000 0.0000 0.0000 
main 5.0000 4.0000 1.0000 4.0000 0.0000 4.0000 3.0000 0.0000 0.0000 0.2500 0.7500 0.0000 0.0000 b 0.1950 1.0000 1.3148 2.3090 0.2500 0.2500 0.2500 0.0000 0.0000 0.0000 0.0000 0.0000 0.0000 
main 5.0000 4.0000 60.0000 9.0000 1.0000 9.0000 8.0000 2.0000 0.0948 0.2504 2.0032 0.0906 0.1145 b 0.1770 2.2532 1.2046 3.4622 0.2143 0.1632 0.3352 0.1870 0.3711 0.2017 0.3780 0.1526 0.0000 
main 5.0000 4.0000 11.0000 7.0000 1.0000 7.0000 6.0000 1.0000 0.0428 0.2506 1.5034 0.0349 0.0588 b 0.2190 1.7534 1.0838 2.8290 0.2162 0.2696 0.3125 0.2350 0.2742 0.1960 0.0000 0.0000 0.0000 
main 5.0000 4.0000 55.0000 8.0000 1.0000 8.0000 7.0000 0.0000 0.0000 0.2500 1.7500 0.0000 0.0000 b 0.1570 2.0000 1.4428 3.4425 0.2500 0.2500 0.2500 0.2500 0.2500 0.2500 0.2500 0.0000 0.0000 
main 5.0000 4.0000 49.0000 6.0000 0.0000 6.0000 5.0000 0.0000 0.0000 0.2500 1.2500 0.0000 0.0000 b 0.1620 1.5000 1.2958 2.7923 0.2500 0.2500 0.2500 0.2500 0.2500 0.0000 0.0000 0.0000 0.0000 
main 5.0000 4.0000 62.0000 10.0000 2.0000 10.0000 9.0000 1.0000 0.0534 0.2505 2.2541 0.0349 0.0588 b 0.1830 2.5041 1.4961 3.9965 0.3139 0.2564 0.2114 0.2848 0.2592 0.1934 0.3175 0.2574 0.1600 
main 5.0000 4.0000 48.0000 5.0000 0.0000 5.0000 4.0000 2.0000 0.0982 0.2503 1.0011 0.0906 0.1145 b 0.2190 1.2511 1.2556 2.5100 0.1956 0.2454 0.3899 0.1703 0.0000 0.0000 0.0000 0.0000 0.0000 
main 5.0000 4.0000 45.0000 4.0000 0.0000 4.0000 3.0000 2.0000 0.0909 0.2489 0.7467 0.0906 0.1145 b 0.2500 0.9967 1.4743 2.4724 0.1521 0.3325 0.2620 0.0000 0.0000 0.0000 0.0000 0.0000 0.0000 
main 5.0000 4.0000 44.0000 4.0000 0.0000 4.0000 3.0000 1.0000 0.0409 0.2493 0.7478 0.0349 0.0588 b 0.2150 0.9978 1.0811 2.0901 0.2178 0.2955 0.2345 0.0000 0.0000 0.0000 0.0000 0.0000 0.0000 
main 5.0000 4.0000 16.0000 9.0000 1.0000 9.0000 8.0000 0.0000 0.0000 0.2500 2.0000 0.0000 0.0000 b 0.2060 2.2500 1.2074 3.4590 0.2500 0.2500 0.2500 0.2500 0.2500 0.2500 0.2500 0.2500 0.0000 
main 5.0000 4.0000 34.0000 8.0000 1.0000 8.0000 7.0000 0.0000 0.0000 0.2500 1.7500 0.0000 0.0000 b 0.2360 2.0000 1.3574 3.3589 0.2500 0.2500 0.2500 0.2500 0.2500 0.2500 0.2500 0.0000 0.0000 
main 5.0000 5.0000 45.0000 4.0000 0.0000 4.0000 3.0000 2.0000 0.1127 0.2493 0.7479 0.0906 0.1145 b 0.3600 0.9979 1.1907 2.1736 0.3785 0.1977 0.1717 0.0000 0.0000 0.0000 0.0000 0.0000 0.0000 
main 5.0000 5.0000 16.0000 9.0000 1.0000 9.0000 8.0000 0.0000 0.0000 0.2500 2.0000 0.0000 0.0000 b 0.1720 2.2500 1.1041 3.3590 0.2500 0.2500 0.2500 0.2500 0.2500 0.2500 0.2500 0.2500 0.0000 
main 5.0000 5.0000 35.0000 8.0000 1.0000 8.0000 7.0000 1.0000 0.0586 0.2501 1.7508 0.0349 0.0588 b 0.1840 2.0008 1.3507 3.3598 0.1768 0.2628 0.3256 0.2957 0.2688 0.1667 0.2544 0.0000 0.0000 
main 5.0000 5.0000 49.0000 6.0000 0.0000 6.0000 5.0000 0.0000 0.0000 0.2500 1.2500 0.0000 0.0000 b 0.2020 1.5000 1.2853 2.7924 0.2500 0.2500 0.2500 0.2500 0.2500 0.0000 0.0000 0.0000 0.0000 
main 5.0000 5.0000 21.0000 10.0000 2.0000 10.0000 9.0000 2.0000 0.0929 0.2496 2.2462 0.0906 0.1145 b 0.2290 2.4962 1.0464 3.5551 0.1624 0.2411 0.3496 0.1800 0.3678 0.2026 0.3875 0.1996 0.1558 
main 5.0000 5.0000 15.0000 8.0000 1.0000 8.0000 7.0000 2.0000 0.0936 0.2497 1.7479 0.0906 0.1145 b 0.2160 1.9979 1.4101 3.4069 0.1500 0.3349 0.1582 0.3511 0.2576 0.3392 0.1569 0.0000 0.0000 
main 5.0000 5.0000 14.0000 8.0000 1.0000 8.0000 7.0000 1.0000 0.0555 0.2506 1.7542 0.0349 0.0588 b 0.2600 2.0042 1.4971 3.4966 0.2043 0.2563 0.2153 0.3671 0.2207 0.2618 0.2287 0.0000 0.0000 
main 5.0000 5.0000 50.0000 6.0000 0.0000 6.0000 5.0000 1.0000 0.0446 0.2494 1.2469 0.0349 0.0588 b 0.1880 1.4969 1.2951 2.7890 0.2224 0.2888 0.2330 0.1994 0.3033 0.0000 0.0000 0.0000 0.0000 
main 5.0000 5.0000 33.0000 7.0000 1.0000 7.0000 6.0000 2.0000 0.0919 0.2501 1.5006 0.0906 0.1145 b 0.1570 1.7506 1.4803 3.2263 0.1899 0.1624 0.3052 0.3877 0.2906 0.1648 0.0000 0.0000 0.0000 
main 5.0000 5.0000 44.0000 4.0000 0.0000 4.0000 3.0000 1.0000 0.0457 0.2494 0.7481 0.0349 0.0588 b 0.2280 0.9981 1.3992 2.3906 0.2459 0.2055 0.2967 0.0000 0.0000 0.0000 0.0000 0.0000 0.0000 
main 5.0000 5.0000 37.0000 9.0000 1.0000 9.0000 8.0000 0.0000 0.0000 0.2500 2.0000 0.0000 0.0000 b 0.1830 2.2500 1.2711 3.5257 0.2500 0.2500 0.2500 0.2500 0.2500 0.2500 0.2500 0.2500 0.0000 
main 5.0000 5.0000 1.0000 4.0000 0.0000 4.0000 3.0000 0.0000 0.0000 0.2500 0.7500 0.0000 0.0000 b 0.2090 1.0000 1.0690 2.0590 0.2500 0.2500 0.2500 0.0000 0.0000 0.0000 0.0000 0.0000 0.0000 
main 5.0000 5.0000 10.0000 7.0000 1.0000 7.0000 6.0000 0.0000 0.0000 0.2500 1.5000 0.0000 0.0000 b 0.1470 1.7500 1.4953 3.2423 0.2500 0.2500 0.2500 0.2500 0.2500 0.2500 0.0000 0.0000 0.0000 
main 5.0000 5.0000 39.0000 9.0000 1.0000 9.0000 8.0000 2.0000 0.0914 0.2505 2.0037 0.0906 0.1145 b 0.1770 2.2537 1.2869 3.5293 0.2956 0.2071 0.1704 0.3777 0.1930 0.1676 0.2022 0.3901 0.0000 
main 5.0000 5.0000 32.0000 7.0000 1.0000 7.0000 6.0000 1.0000 0.0520 0.2497 1.4982 0.0349 0.0588 b 0.1820 1.7482 1.4687 3.2073 0.2425 0.2919 0.2158 0.2411 0.3258 0.1811 0.0000 0.0000 0.0000 
main 5.0000 5.0000 17.0000 9.0000 1.0000 9.0000 8.0000 1.0000 0.0429 0.2505 2.0037 0.0349 0.0588 b 0.1460 2.2537 1.4749 3.7294 0.2103 0.2942 0.2299 0.2957 0.1786 0.2675 0.2408 0.2867 0.0000 
main 5.0000 5.0000 29.0000 6.0000 0.0000 6.0000 5.0000 1.0000 0.0580 0.2510 1.2550 0.0349 0.0588 b 0.4060 1.5050 1.0668 2.5806 0.3040 0.1810 0.2083 0.2481 0.3135 0.0000 0.0000 0.0000 0.0000 
main 5.0000 5.0000 9.0000 6.0000 0.0000 6.0000 5.0000 2.0000 0.0957 0.2509 1.2546 0.0906 0.1145 b 0.2190 1.5046 1.0151 2.5301 0.3065 0.1988 0.3916 0.1612 0.1966 0.0000 0.0000 0.0000 0.0000 
main 5.0000 5.0000 28.0000 6.0000 0.0000 6.0000 5.0000 0.0000 0.0000 0.2500 1.2500 0.0000 0.0000 b 0.1760 1.5000 1.1933 2.6922 0.2500 0.2500 0.2500 0.2500 0.2500 0.0000 0.0000 0.0000 0.0000 
main 5.0000 5.0000 34.0000 8.0000 1.0000 8.0000 7.0000 0.0000 0.0000 0.2500 1.7500 0.0000 0.0000 b 0.1620 2.0000 1.0563 3.0588 0.2500 0.2500 0.2500 0.2500 0.2500 0.2500 0.2500 0.0000 0.0000 
main 5.0000 5.0000 59.0000 9.0000 1.0000 9.0000 8.0000 1.0000 0.0549 0.2500 2.0000 0.0349 0.0588 b 0.1800 2.2500 1.1841 3.4422 0.1946 0.2660 0.2148 0.2805 0.2352 0.3379 0.2957 0.1753 0.0000 
main 5.0000 5.0000 2.0000 4.0000 0.0000 4.0000 3.0000 1.0000 0.0422 0.2515 0.7546 0.0349 0.0588 b 0.2730 1.0046 1.3512 2.3637 0.2671 0.2038 0.2838 0.0000 0.0000 0.0000 0.0000 0.0000 0.0000 
main 5.0000 5.0000 58.0000 9.0000 1.0000 9.0000 8.0000 0.0000 0.0000 0.2500 2.0000 0.0000 0.0000 b 0.1620 2.2500 1.0792 3.3257 0.2500 0.2500 0.2500 0.2500 0.2500 0.2500 0.2500 0.2500 0.0000 
main 5.0000 5.0000 5.0000 5.0000 0.0000 5.0000 4.0000 1.0000 0.0566 0.2508 1.0034 0.0349 0.0588 b 0.1830 1.2534 1.3584 2.6124 0.2867 0.1740 0.2993 0.2433 0.0000 0.0000 0.0000 0.0000 0.0000 
main 5.0000 5.0000 13.0000 8.0000 1.0000 8.0000 7.0000 0.0000 0.0000 0.2500 1.7500 0.0000 0.0000 b 0.1700 2.0000 1.0032 3.0088 0.2500 0.2500 0.2500 0.2500 0.2500 0.2500 0.2500 0.0000 0.0000 
main 5.0000 5.0000 27.0000 5.0000 0.0000 5.0000 4.0000 2.0000 0.1001 0.2505 1.0020 0.0906 0.1145 b 0.1770 1.2520 1.1187 2.3775 0.3540 0.1764 0.3177 0.1539 0.0000 0.0000 0.0000 0.0000 0.0000 
main 5.0000 5.0000 7.0000 6.0000 0.0000 6.0000 5.0000 0.0000 0.0000 0.2500 1.2500 0.0000 0.0000 b 0.1740 1.5000 1.2991 2.7923 0.2500 0.2500 0.2500 0.2500 0.2500 0.0000 0.0000 0.0000 0.0000 
main 5.0000 5.0000 26.0000 5.0000 0.0000 5.0000 4.0000 1.0000 0.0567 0.2512 1.0049 0.0349 0.0588 b 0.2220 1.2549 1.4394 2.6972 0.2814 0.1693 0.2585 0.2957 0.0000 0.0000 0.0000 0.0000 0.0000 
main 5.0000 5.0000 24.0000 4.0000 0.0000 4.0000 3.0000 2.0000 0.0986 0.2496 0.7488 0.0906 0.1145 b 0.1790 0.9988 1.1803 2.1743 0.2172 0.1713 0.3603 0.0000 0.0000 0.0000 0.0000 0.0000 0.0000 
main 5.0000 5.0000 36.0000 8.0000 1.0000 8.0000 7.0000 2.0000 0.0950 0.2497 1.7478 0.0906 0.1145 b 0.1520 1.9978 1.3887 3.3734 0.3846 0.1744 0.2532 0.3637 0.1539 0.2582 0.1599 0.0000 0.0000 
main 5.0000 5.0000 52.0000 7.0000 1.0000 7.0000 6.0000 0.0000 0.0000 0.2500 1.5000 0.0000 0.0000 b 0.1780 1.7500 1.4901 3.2256 0.2500 0.2500 0.2500 0.2500 0.2500 0.2500 0.0000 0.0000 0.0000 
main 5.0000 5.0000 31.0000 7.0000 1.0000 7.0000 6.0000 0.0000 0.0000 0.2500 1.5000 0.0000 0.0000 b 0.1710 1.7500 1.1729 2.9088 0.2500 0.2500 0.2500 0.2500 0.2500 0.2500 0.0000 0.0000 0.0000 
main 5.0000 5.0000 57.0000 8.0000 1.0000 8.0000 7.0000 2.0000 0.0934 0.2498 1.7488 0.0906 0.1145 b 0.1690 1.9988 1.3185 3.3245 0.3380 0.2708 0.1543 0.2515 0.1584 0.3969 0.1790 0.0000 0.0000 
main 5.0000 5.0000 62.0000 10.0000 2.0000 10.0000 9.0000 1.0000 0.0535 0.2500 2.2501 0.0349 0.0588 b 0.1620 2.5001 1.3259 3.8257 0.2700 0.2303 0.2669 0.2341 0.1648 0.2621 0.2983 0.3378 0.1857 
main 5.0000 5.0000 46.0000 5.0000 0.0000 5.0000 4.0000 0.0000 0.0000 0.2500 1.0000 0.0000 0.0000 b 0.2820 1.2500 1.4807 2.7424 0.2500 0.2500 0.2500 0.2500 0.0000 0.0000 0.0000 0.0000 0.0000 
main 5.0000 5.0000 23.0000 4.0000 0.0000 4.0000 3.0000 1.0000 0.0470 0.2511 0.7534 0.0349 0.0588 b 0.2380 1.0034 1.2803 2.2955 0.2548 0.2024 0.2962 0.0000 0.0000 0.0000 0.0000 0.0000 0.0000 
main 5.0000 5.0000 22.0000 4.0000 0.0000 4.0000 3.0000 0.0000 0.0000 0.2500 0.7500 0.0000 0.0000 b 0.1870 1.0000 1.2968 2.3090 0.2500 0.2500 0.2500 0.0000 0.0000 0.0000 0.0000 0.0000 0.0000 
main 5.0000 5.0000 18.0000 9.0000 1.0000 9.0000 8.0000 2.0000 0.0946 0.2501 2.0006 0.0906 0.1145 b 0.1820 2.2506 1.4235 3.6761 0.1550 0.3897 0.1977 0.3021 0.3626 0.1583 0.2697 0.1656 0.0000 
main 5.0000 5.0000 43.0000 4.0000 0.0000 4.0000 3.0000 0.0000 0.0000 0.2500 0.7500 0.0000 0.0000 b 0.1790 1.0000 1.4151 2.4089 0.2500 0.2500 0.2500 0.0000 0.0000 0.0000 0.0000 0.0000 0.0000 
main 5.0000 5.0000 41.0000 10.0000 2.0000 10.0000 9.0000 1.0000 0.0574 0.2496 2.2465 0.0349 0.0588 b 0.1740 2.4965 1.0279 3.5221 0.3203 0.2188 0.2467 0.2813 0.2108 0.1790 0.2951 0.3207 0.1738 
main 5.0000 5.0000 54.0000 7.0000 1.0000 7.0000 6.0000 2.0000 0.0997 0.2494 1.4962 0.0906 0.1145 b 0.1850 1.7462 1.0789 2.8217 0.1694 0.3225 0.1656 0.3968 0.2825 0.1595 0.0000 0.0000 0.0000 
main 5.0000 5.0000 3.0000 4.0000 0.0000 4.0000 3.0000 2.0000 0.1080 0.2515 0.7544 0.0906 0.1145 b 0.2470 1.0044 1.3884 2.3968 0.1506 0.2384 0.3654 0.0000 0.0000 0.0000 0.0000 0.0000 0.0000 
main 5.0000 5.0000 53.0000 7.0000 1.0000 7.0000 6.0000 1.0000 0.0503 0.2506 1.5033 0.0349 0.0588 b 0.2360 1.7533 1.2919 3.0456 0.2199 0.2848 0.1870 0.2215 0.3242 0.2659 0.0000 0.0000 0.0000 
main 5.0000 5.0000 19.0000 10.0000 2.0000 10.0000 9.0000 0.0000 0.0000 0.2500 2.2500 0.0000 0.0000 b 0.1800 2.5000 1.3272 3.8257 0.2500 0.2500 0.2500 0.2500 0.2500 0.2500 0.2500 0.2500 0.2500 
main 5.0000 5.0000 38.0000 9.0000 1.0000 9.0000 8.0000 1.0000 0.0516 0.2501 2.0009 0.0349 0.0588 b 0.1810 2.2509 1.2478 3.4931 0.2034 0.3093 0.1940 0.2601 0.2262 0.2669 0.2072 0.3339 0.0000 
main 5.0000 5.0000 47.0000 5.0000 0.0000 5.0000 4.0000 1.0000 0.0577 0.2512 1.0048 0.0349 0.0588 b 0.2030 1.2548 1.1002 2.3470 0.3157 0.1808 0.2334 0.2749 0.0000 0.0000 0.0000 0.0000 0.0000 
main 5.0000 5.0000 8.0000 6.0000 0.0000 6.0000 5.0000 1.0000 0.0521 0.2508 1.2539 0.0349 0.0588 b 0.1910 1.5039 1.1232 2.6127 0.3094 0.2507 0.1695 0.2454 0.2790 0.0000 0.0000 0.0000 0.0000 
main 5.0000 5.0000 40.0000 10.0000 2.0000 10.0000 9.0000 0.0000 0.0000 0.2500 2.2500 0.0000 0.0000 b 0.1740 2.5000 1.2157 3.7090 0.2500 0.2500 0.2500 0.2500 0.2500 0.2500 0.2500 0.2500 0.2500 
main 5.0000 5.0000 48.0000 5.0000 0.0000 5.0000 4.0000 2.0000 0.1002 0.2499 0.9995 0.0906 0.1145 b 0.2170 1.2495 1.4897 2.7418 0.1649 0.2613 0.3868 0.1865 0.0000 0.0000 0.0000 0.0000 0.0000 
main 5.0000 5.0000 30.0000 6.0000 0.0000 6.0000 5.0000 2.0000 0.1028 0.2495 1.2476 0.0906 0.1145 b 0.1370 1.4976 1.3128 2.8232 0.3990 0.1799 0.3127 0.1572 0.1988 0.0000 0.0000 0.0000 0.0000 
main 5.0000 5.0000 11.0000 7.0000 1.0000 7.0000 6.0000 1.0000 0.0528 0.2498 1.4990 0.0349 0.0588 b 0.1550 1.7490 1.3296 3.0912 0.2312 0.2914 0.3229 0.2213 0.1745 0.2576 0.0000 0.0000 0.0000 
main 5.0000 5.0000 60.0000 9.0000 1.0000 9.0000 8.0000 2.0000 0.0911 0.2506 2.0049 0.0906 0.1145 b 0.1670 2.2549 1.4642 3.7307 0.1605 0.2375 0.3872 0.3242 0.1532 0.2286 0.1682 0.3455 0.0000 
main 5.0000 5.0000 63.0000 10.0000 2.0000 10.0000 9.0000 2.0000 0.1050 0.2502 2.2515 0.0906 0.1145 b 0.1850 2.5015 1.3019 3.8103 0.1515 0.3936 0.2846 0.3635 0.1786 0.1513 0.1897 0.1583 0.3802 
main 5.0000 5.0000 55.0000 8.0000 1.0000 8.0000 7.0000 0.0000 0.0000 0.2500 1.7500 0.0000 0.0000 b 0.1700 2.0000 1.2533 3.2589 0.2500 0.2500 0.2500 0.2500 0.2500 0.2500 0.2500 0.0000 0.0000 
main 5.0000 5.0000 20.0000 10.0000 2.0000 10.0000 9.0000 1.0000 0.0380 0.2497 2.2471 0.0349 0.0588 b 0.1600 2.4971 1.2212 3.7225 0.2632 0.2941 0.1975 0.2296 0.2732 0.2320 0.2596 0.3005 0.1973 
main 5.0000 5.0000 4.0000 5.0000 0.0000 5.0000 4.0000 0.0000 0.0000 0.2500 1.0000 0.0000 0.0000 b 0.1910 1.2500 1.1048 2.3590 0.2500 0.2500 0.2500 0.2500 0.0000 0.0000 0.0000 0.0000 0.0000 
main 5.0000 5.0000 42.0000 10.0000 2.0000 10.0000 9.0000 2.0000 0.0980 0.2501 2.2505 0.0906 0.1145 b 0.1670 2.5005 1.4583 3.9595 0.3666 0.1515 0.3535 0.1524 0.1876 0.3688 0.1537 0.3125 0.2040 
main 5.0000 5.0000 6.0000 5.0000 0.0000 5.0000 4.0000 2.0000 0.1022 0.2503 1.0012 0.0906 0.1145 b 0.1810 1.2512 1.1439 2.3934 0.1789 0.3082 0.3639 0.1503 0.0000 0.0000 0.0000 0.0000 0.0000 
main 5.0000 5.0000 12.0000 7.0000 1.0000 7.0000 6.0000 2.0000 0.0950 0.2494 1.4965 0.0906 0.1145 b 0.1430 1.7465 1.4870 3.2222 0.3209 0.3706 0.1897 0.1507 0.3079 0.1566 0.0000 0.0000 0.0000 
main 5.0000 5.0000 61.0000 10.0000 2.0000 10.0000 9.0000 0.0000 0.0000 0.2500 2.2500 0.0000 0.0000 b 0.1720 2.5000 1.2988 3.7924 0.2500 0.2500 0.2500 0.2500 0.2500 0.2500 0.2500 0.2500 0.2500 
main 5.0000 5.0000 51.0000 6.0000 0.0000 6.0000 5.0000 2.0000 0.0925 0.2508 1.2540 0.0906 0.1145 b 0.1510 1.5040 1.1508 2.6462 0.1771 0.3867 0.3026 0.1696 0.2181 0.0000 0.0000 0.0000 0.0000 
main 5.0000 5.0000 56.0000 8.0000 1.0000 8.0000 7.0000 1.0000 0.0581 0.2504 1.7526 0.0349 0.0588 b 0.1590 2.0026 1.1389 3.1281 0.1868 0.2373 0.2763 0.2142 0.3655 0.2501 0.2225 0.0000 0.0000 
main 5.0000 5.0000 25.0000 5.0000 0.0000 5.0000 4.0000 0.0000 0.0000 0.2500 1.0000 0.0000 0.0000 b 0.1650 1.2500 1.1150 2.3588 0.2500 0.2500 0.2500 0.2500 0.0000 0.0000 0.0000 0.0000 0.0000 
main 5.0000 6.0000 45.0000 4.0000 0.0000 4.0000 3.0000 2.0000 0.0973 0.2506 0.7518 0.0906 0.1145 b 0.1550 1.0018 1.1221 2.1273 0.1523 0.3470 0.2525 0.0000 0.0000 0.0000 0.0000 0.0000 0.0000 
main 5.0000 6.0000 21.0000 10.0000 2.0000 10.0000 9.0000 2.0000 0.1025 0.2497 2.2472 0.0906 0.1145 b 0.1570 2.4972 1.4000 3.9062 0.1522 0.1856 0.3246 0.3840 0.1593 0.3943 0.1852 0.3113 0.1507 
main 5.0000 6.0000 1.0000 4.0000 0.0000 4.0000 3.0000 0.0000 0.0000 0.2500 0.7500 0.0000 0.0000 b 0.2130 1.0000 1.1428 2.1422 0.2500 0.2500 0.2500 0.0000 0.0000 0.0000 0.0000 0.0000 0.0000 
main 5.0000 6.0000 36.0000 8.0000 1.0000 8.0000 7.0000 2.0000 0.0924 0.2503 1.7520 0.0906 0.1145 b 0.1790 2.0020 1.0677 3.0776 0.1546 0.3708 0.2035 0.1648 0.1990 0.2922 0.3672 0.0000 0.0000 
main 5.0000 6.0000 46.0000 5.0000 0.0000 5.0000 4.0000 0.0000 0.0000 0.2500 1.0000 0.0000 0.0000 b 0.1930 1.2500 1.3176 2.5758 0.2500 0.2500 0.2500 0.2500 0.0000 0.0000 0.0000 0.0000 0.0000 
main 5.0000 6.0000 53.0000 7.0000 1.0000 7.0000 6.0000 1.0000 0.0520 0.2506 1.5035 0.0349 0.0588 b 0.1960 1.7535 1.4060 3.1624 0.2916 0.2335 0.2928 0.2524 0.1555 0.2775 0.0000 0.0000 0.0000 
main 5.0000 6.0000 57.0000 8.0000 1.0000 8.0000 7.0000 2.0000 0.0953 0.2499 1.7494 0.0906 0.1145 b 0.1570 1.9994 1.4172 3.4250 0.1573 0.3642 0.3312 0.1512 0.3466 0.2311 0.1677 0.0000 0.0000 
main 5.0000 6.0000 5.0000 5.0000 0.0000 5.0000 4.0000 1.0000 0.0582 0.2507 1.0029 0.0349 0.0588 b 0.1740 1.2529 1.2216 2.4785 0.1850 0.3217 0.2280 0.2681 0.0000 0.0000 0.0000 0.0000 0.0000 
main 5.0000 6.0000 2.0000 4.0000 0.0000 4.0000 3.0000 1.0000 0.0554 0.2489 0.7466 0.0349 0.0588 b 0.1940 0.9966 1.4422 2.4389 0.2365 0.2007 0.3094 0.0000 0.0000 0.0000 0.0000 0.0000 0.0000 
main 5.0000 6.0000 17.0000 9.0000 1.0000 9.0000 8.0000 1.0000 0.0538 0.2503 2.0021 0.0349 0.0588 b 0.1620 2.2521 1.2129 3.4610 0.2430 0.1643 0.2283 0.3326 0.2835 0.2362 0.3029 0.2113 0.0000 
main 5.0000 6.0000 48.0000 5.0000 0.0000 5.0000 4.0000 2.0000 0.0912 0.2492 0.9969 0.0906 0.1145 b 0.1900 1.2469 1.1683 2.4057 0.1516 0.3639 0.2079 0.2735 0.0000 0.0000 0.0000 0.0000 0.0000 
main 5.0000 6.0000 30.0000 6.0000 0.0000 6.0000 5.0000 2.0000 0.0924 0.2496 1.2479 0.0906 0.1145 b 0.1670 1.4979 1.1813 2.6735 0.2702 0.1600 0.2029 0.3992 0.2156 0.0000 0.0000 0.0000 0.0000 
main 5.0000 6.0000 28.0000 6.0000 0.0000 6.0000 5.0000 0.0000 0.0000 0.2500 1.2500 0.0000 0.0000 b 0.1630 1.5000 1.1023 2.5922 0.2500 0.2500 0.2500 0.2500 0.2500 0.0000 0.0000 0.0000 0.0000 
main 5.0000 6.0000 42.0000 10.0000 2.0000 10.0000 9.0000 2.0000 0.0929 0.2499 2.2491 0.0906 0.1145 b 0.1750 2.4991 1.0697 3.5580 0.1871 0.3872 0.1571 0.2355 0.2010 0.3787 0.1612 0.2007 0.3406 
main 5.0000 6.0000 16.0000 9.0000 1.0000 9.0000 8.0000 0.0000 0.0000 0.2500 2.0000 0.0000 0.0000 b 0.1720 2.2500 1.1374 3.3757 0.2500 0.2500 0.2500 0.2500 0.2500 0.2500 0.2500 0.2500 0.0000 
main 5.0000 6.0000 9.0000 6.0000 0.0000 6.0000 5.0000 2.0000 0.1038 0.2495 1.2473 0.0906 0.1145 b 0.1880 1.4973 1.4242 2.9231 0.1576 0.2004 0.3140 0.3998 0.1756 0.0000 0.0000 0.0000 0.0000 
main 5.0000 6.0000 38.0000 9.0000 1.0000 9.0000 8.0000 1.0000 0.0558 0.2506 2.0047 0.0349 0.0588 b 0.1290 2.2547 1.4643 3.7304 0.2503 0.2128 0.1709 0.2391 0.3414 0.3088 0.2727 0.2087 0.0000 
main 5.0000 6.0000 43.0000 4.0000 0.0000 4.0000 3.0000 0.0000 0.0000 0.2500 0.7500 0.0000 0.0000 b 0.2410 1.0000 1.1489 2.1589 0.2500 0.2500 0.2500 0.0000 0.0000 0.0000 0.0000 0.0000 0.0000 
main 5.0000 6.0000 3.0000 4.0000 0.0000 4.0000 3.0000 2.0000 0.1072 0.2515 0.7545 0.0906 0.1145 b 0.1910 1.0045 1.0934 2.0967 0.1542 0.2339 0.3664 0.0000 0.0000 0.0000 0.0000 0.0000 0.0000 
main 5.0000 6.0000 47.0000 5.0000 0.0000 5.0000 4.0000 1.0000 0.0529 0.2505 1.0022 0.0349 0.0588 b 0.1670 1.2522 1.1652 2.4278 0.1907 0.3090 0.2249 0.2776 0.0000 0.0000 0.0000 0.0000 0.0000 
main 5.0000 6.0000 33.0000 7.0000 1.0000 7.0000 6.0000 2.0000 0.1013 0.2498 1.4990 0.0906 0.1145 b 0.1480 1.7490 1.4101 3.1581 0.3845 0.1617 0.3598 0.1900 0.2516 0.1513 0.0000 0.0000 0.0000 
main 5.0000 6.0000 49.0000 6.0000 0.0000 6.0000 5.0000 0.0000 0.0000 0.2500 1.2500 0.0000 0.0000 b 0.2010 1.5000 1.1149 2.6254 0.2500 0.2500 0.2500 0.2500 0.2500 0.0000 0.0000 0.0000 0.0000 
main 5.0000 6.0000 22.0000 4.0000 0.0000 4.0000 3.0000 0.0000 0.0000 0.2500 0.7500 0.0000 0.0000 b 0.2000 1.0000 1.3014 2.3090 0.2500 0.2500 0.2500 0.0000 0.0000 0.0000 0.0000 0.0000 0.0000 
main 5.0000 6.0000 58.0000 9.0000 1.0000 9.0000 8.0000 0.0000 0.0000 0.2500 2.0000 0.0000 0.0000 b 0.1910 2.2500 1.0669 3.3254 0.2500 0.2500 0.2500 0.2500 0.2500 0.2500 0.2500 0.2500 0.0000 
main 5.0000 6.0000 18.0000 9.0000 1.0000 9.0000 8.0000 2.0000 0.1071 0.2502 2.0012 0.0906 0.1145 b 0.1390 2.2512 1.2658 3.5103 0.1971 0.3425 0.1586 0.2066 0.3949 0.1550 0.3908 0.1556 0.0000 
main 5.0000 6.0000 12.0000 7.0000 1.0000 7.0000 6.0000 2.0000 0.0913 0.2495 1.4967 0.0906 0.1145 b 0.1740 1.7467 1.3480 3.0891 0.1634 0.2301 0.1627 0.3392 0.2198 0.3816 0.0000 0.0000 0.0000 
main 5.0000 6.0000 62.0000 10.0000 2.0000 10.0000 9.0000 1.0000 0.0570 0.2498 2.2485 0.0349 0.0588 b 0.1820 2.4985 1.1768 3.6741 0.2862 0.1853 0.2604 0.3386 0.3083 0.1860 0.2527 0.1791 0.2518 
main 5.0000 6.0000 31.0000 7.0000 1.0000 7.0000 6.0000 0.0000 0.0000 0.2500 1.5000 0.0000 0.0000 b 0.2060 1.7500 1.1530 2.8923 0.2500 0.2500 0.2500 0.2500 0.2500 0.2500 0.0000 0.0000 0.0000 
main 5.0000 6.0000 51.0000 6.0000 0.0000 6.0000 5.0000 2.0000 0.0936 0.2497 1.2485 0.0906 0.1145 b 0.1920 1.4985 1.1083 2.6073 0.1678 0.3607 0.1514 0.3290 0.2396 0.0000 0.0000 0.0000 0.0000 
main 5.0000 6.0000 34.0000 8.0000 1.0000 8.0000 7.0000 0.0000 0.0000 0.2500 1.7500 0.0000 0.0000 b 0.1580 2.0000 1.3697 3.3591 0.2500 0.2500 0.2500 0.2500 0.2500 0.2500 0.2500 0.0000 0.0000 
main 5.0000 6.0000 54.0000 7.0000 1.0000 7.0000 6.0000 2.0000 0.0920 0.2502 1.5009 0.0906 0.1145 b 0.1970 1.7509 1.1784 2.9265 0.1796 0.3822 0.2135 0.1699 0.2051 0.3507 0.0000 0.0000 0.0000 
main 5.0000 6.0000 55.0000 8.0000 1.0000 8.0000 7.0000 0.0000 0.0000 0.2500 1.7500 0.0000 0.0000 b 0.1650 2.0000 1.0919 3.1089 0.2500 0.2500 0.2500 0.2500 0.2500 0.2500 0.2500 0.0000 0.0000 
main 5.0000 6.0000 20.0000 10.0000 2.0000 10.0000 9.0000 1.0000 0.0443 0.2505 2.2545 0.0349 0.0588 b 0.1560 2.5045 1.1405 3.6468 0.2902 0.2195 0.3245 0.2283 0.1898 0.2763 0.2432 0.2777 0.2050 
main 5.0000 6.0000 59.0000 9.0000 1.0000 9.0000 8.0000 1.0000 0.0543 0.2504 2.0034 0.0349 0.0588 b 0.1440 2.2534 1.0975 3.3622 0.2483 0.1987 0.3329 0.2795 0.1849 0.2364 0.2084 0.3142 0.0000 
main 5.0000 6.0000 27.0000 5.0000 0.0000 5.0000 4.0000 2.0000 0.0930 0.2507 1.0026 0.0906 0.1145 b 0.2420 1.2526 1.2485 2.5116 0.3874 0.1911 0.2306 0.1934 0.0000 0.0000 0.0000 0.0000 0.0000 
main 5.0000 6.0000 40.0000 10.0000 2.0000 10.0000 9.0000 0.0000 0.0000 0.2500 2.2500 0.0000 0.0000 b 0.1750 2.5000 1.1514 3.6589 0.2500 0.2500 0.2500 0.2500 0.2500 0.2500 0.2500 0.2500 0.2500 
main 5.0000 6.0000 4.0000 5.0000 0.0000 5.0000 4.0000 0.0000 0.0000 0.2500 1.0000 0.0000 0.0000 b 0.2450 1.2500 1.0672 2.3255 0.2500 0.2500 0.2500 0.2500 0.0000 0.0000 0.0000 0.0000 0.0000 
main 5.0000 6.0000 6.0000 5.0000 0.0000 5.0000 4.0000 2.0000 0.0967 0.2494 0.9978 0.0906 0.1145 b 0.2720 1.2478 1.1149 2.3566 0.3742 0.1934 0.1559 0.2743 0.0000 0.0000 0.0000 0.0000 0.0000 
main 5.0000 6.0000 26.0000 5.0000 0.0000 5.0000 4.0000 1.0000 0.0509 0.2503 1.0012 0.0349 0.0588 b 0.2100 1.2512 1.3007 2.5603 0.2173 0.2625 0.2045 0.3169 0.0000 0.0000 0.0000 0.0000 0.0000 
main 5.0000 6.0000 61.0000 10.0000 2.0000 10.0000 9.0000 0.0000 0.0000 0.2500 2.2500 0.0000 0.0000 b 0.2010 2.5000 1.2092 3.7089 0.2500 0.2500 0.2500 0.2500 0.2500 0.2500 0.2500 0.2500 0.2500 
main 5.0000 6.0000 41.0000 10.0000 2.0000 10.0000 9.0000 1.0000 0.0502 0.2498 2.2482 0.0349 0.0588 b 0.1830 2.4982 1.1879 3.6903 0.2575 0.2223 0.2788 0.1998 0.3358 0.2496 0.1749 0.3005 0.2289 
main 5.0000 6.0000 25.0000 5.0000 0.0000 5.0000 4.0000 0.0000 0.0000 0.2500 1.0000 0.0000 0.0000 b 0.2530 1.2500 1.3123 2.5590 0.2500 0.2500 0.2500 0.2500 0.0000 0.0000 0.0000 0.0000 0.0000 
main 5.0000 6.0000 24.0000 4.0000 0.0000 4.0000 3.0000 2.0000 0.1123 0.2515 0.7546 0.0906 0.1145 b 0.2600 1.0046 1.2723 2.2803 0.1575 0.3759 0.2213 0.0000 0.0000 0.0000 0.0000 0.0000 0.0000 
main 5.0000 6.0000 7.0000 6.0000 0.0000 6.0000 5.0000 0.0000 0.0000 0.2500 1.2500 0.0000 0.0000 b 0.2380 1.5000 1.2965 2.7923 0.2500 0.2500 0.2500 0.2500 0.2500 0.0000 0.0000 0.0000 0.0000 
main 5.0000 6.0000 10.0000 7.0000 1.0000 7.0000 6.0000 0.0000 0.0000 0.2500 1.5000 0.0000 0.0000 b 0.1720 1.7500 1.3364 3.0756 0.2500 0.2500 0.2500 0.2500 0.2500 0.2500 0.0000 0.0000 0.0000 
main 5.0000 6.0000 50.0000 6.0000 0.0000 6.0000 5.0000 1.0000 0.0453 0.2490 1.2450 0.0349 0.0588 b 0.2070 1.4950 1.1655 2.6538 0.2354 0.2089 0.3180 0.2693 0.2135 0.0000 0.0000 0.0000 0.0000 
main 5.0000 6.0000 37.0000 9.0000 1.0000 9.0000 8.0000 0.0000 0.0000 0.2500 2.0000 0.0000 0.0000 b 0.2000 2.2500 1.2072 3.4422 0.2500 0.2500 0.2500 0.2500 0.2500 0.2500 0.2500 0.2500 0.0000 
main 5.0000 6.0000 56.0000 8.0000 1.0000 8.0000 7.0000 1.0000 0.0532 0.2498 1.7486 0.0349 0.0588 b 0.1680 1.9986 1.2241 3.2243 0.2216 0.3128 0.1555 0.2788 0.2497 0.2967 0.2335 0.0000 0.0000 
main 5.0000 6.0000 23.0000 4.0000 0.0000 4.0000 3.0000 1.0000 0.0513 0.2512 0.7537 0.0349 0.0588 b 0.2300 1.0037 1.3413 2.3460 0.2646 0.2945 0.1946 0.0000 0.0000 0.0000 0.0000 0.0000 0.0000 
main 5.0000 6.0000 14.0000 8.0000 1.0000 8.0000 7.0000 1.0000 0.0481 0.2506 1.7545 0.0349 0.0588 b 0.1370 2.0045 1.0931 3.0967 0.2478 0.1624 0.2376 0.2645 0.3222 0.2458 0.2743 0.0000 0.0000 
main 5.0000 6.0000 63.0000 10.0000 2.0000 10.0000 9.0000 2.0000 0.0980 0.2497 2.2476 0.0906 0.1145 b 0.1840 2.4976 1.4340 3.9399 0.3732 0.1749 0.3967 0.1628 0.2154 0.3407 0.1625 0.2685 0.1528 
main 5.0000 6.0000 32.0000 7.0000 1.0000 7.0000 6.0000 1.0000 0.0541 0.2494 1.4965 0.0349 0.0588 b 0.2810 1.7465 1.2987 3.0555 0.2776 0.3266 0.1761 0.2538 0.2008 0.2617 0.0000 0.0000 0.0000 
main 5.0000 6.0000 39.0000 9.0000 1.0000 9.0000 8.0000 2.0000 0.0950 0.2506 2.0050 0.0906 0.1145 b 0.1590 2.2550 1.0735 3.3306 0.3733 0.1576 0.2930 0.2486 0.1902 0.3962 0.1930 0.1531 0.0000 
main 5.0000 6.0000 44.0000 4.0000 0.0000 4.0000 3.0000 1.0000 0.0545 0.2516 0.7548 0.0349 0.0588 b 0.2840 1.0048 1.4421 2.4472 0.3045 0.1957 0.2546 0.0000 0.0000 0.0000 0.0000 0.0000 0.0000 
main 5.0000 6.0000 11.0000 7.0000 1.0000 7.0000 6.0000 1.0000 0.0558 0.2508 1.5050 0.0349 0.0588 b 0.1950 1.7550 1.4221 3.1808 0.2781 0.1561 0.3197 0.2560 0.2243 0.2707 0.0000 0.0000 0.0000 
main 5.0000 6.0000 52.0000 7.0000 1.0000 7.0000 6.0000 0.0000 0.0000 0.2500 1.5000 0.0000 0.0000 b 0.1750 1.7500 1.4464 3.1922 0.2500 0.2500 0.2500 0.2500 0.2500 0.2500 0.0000 0.0000 0.0000 
main 5.0000 6.0000 8.0000 6.0000 0.0000 6.0000 5.0000 1.0000 0.0389 0.2510 1.2549 0.0349 0.0588 b 0.1700 1.5049 1.0720 2.5804 0.2382 0.2112 0.2906 0.2211 0.2938 0.0000 0.0000 0.0000 0.0000 
main 5.0000 6.0000 13.0000 8.0000 1.0000 8.0000 7.0000 0.0000 0.0000 0.2500 1.7500 0.0000 0.0000 b 0.1490 2.0000 1.0564 3.0588 0.2500 0.2500 0.2500 0.2500 0.2500 0.2500 0.2500 0.0000 0.0000 
main 5.0000 6.0000 15.0000 8.0000 1.0000 8.0000 7.0000 2.0000 0.0940 0.2501 1.7506 0.0906 0.1145 b 0.1600 2.0006 1.4213 3.4264 0.1524 0.2455 0.3430 0.1913 0.3959 0.2709 0.1515 0.0000 0.0000 
main 5.0000 6.0000 35.0000 8.0000 1.0000 8.0000 7.0000 1.0000 0.0549 0.2503 1.7520 0.0349 0.0588 b 0.1740 2.0020 1.3817 3.3777 0.2514 0.1643 0.2363 0.2760 0.2127 0.2720 0.3393 0.0000 0.0000 
main 5.0000 6.0000 29.0000 6.0000 0.0000 6.0000 5.0000 1.0000 0.0484 0.2503 1.2513 0.0349 0.0588 b 0.1740 1.5013 1.0507 2.5434 0.2430 0.1819 0.2372 0.3112 0.2781 0.0000 0.0000 0.0000 0.0000 
main 5.0000 6.0000 19.0000 10.0000 2.0000 10.0000 9.0000 0.0000 0.0000 0.2500 2.2500 0.0000 0.0000 b 0.1510 2.5000 1.0123 3.5088 0.2500 0.2500 0.2500 0.2500 0.2500 0.2500 0.2500 0.2500 0.2500 
main 5.0000 6.0000 60.0000 9.0000 1.0000 9.0000 8.0000 2.0000 0.0985 0.2503 2.0027 0.0906 0.1145 b 0.1630 2.2527 1.2843 3.5451 0.1532 0.2001 0.2601 0.1640 0.3745 0.3033 0.3945 0.1530 0.0000 
main 5.0000 7.0000 11.0000 7.0000 1.0000 7.0000 6.0000 1.0000 0.0507 0.2503 1.5018 0.0349 0.0588 b 0.1760 1.7518 1.3983 3.1607 0.1934 0.2458 0.2048 0.2418 0.2880 0.3279 0.0000 0.0000 0.0000 
main 5.0000 7.0000 32.0000 7.0000 1.0000 7.0000 6.0000 1.0000 0.0568 0.2499 1.4997 0.0349 0.0588 b 0.1700 1.7497 1.0472 2.8085 0.1991 0.2628 0.3028 0.2597 0.1662 0.3090 0.0000 0.0000 0.0000 
main 5.0000 7.0000 53.0000 7.0000 1.0000 7.0000 6.0000 1.0000 0.0481 0.2500 1.4997 0.0349 0.0588 b 0.1880 1.7497 1.2499 3.0085 0.3132 0.2629 0.1848 0.2745 0.2013 0.2630 0.0000 0.0000 0.0000 
main 5.0000 7.0000 10.0000 7.0000 1.0000 7.0000 6.0000 0.0000 0.0000 0.2500 1.5000 0.0000 0.0000 b 0.1890 1.7500 1.2784 3.0256 0.2500 0.2500 0.2500 0.2500 0.2500 0.2500 0.0000 0.0000 0.0000 
main 5.0000 7.0000 48.0000 5.0000 0.0000 5.0000 4.0000 2.0000 0.0951 0.2505 1.0019 0.0906 0.1145 b 0.2080 1.2519 1.3639 2.6109 0.3009 0.1691 0.3596 0.1724 0.0000 0.0000 0.0000 0.0000 0.0000 
main 5.0000 7.0000 22.0000 4.0000 0.0000 4.0000 3.0000 0.0000 0.0000 0.2500 0.7500 0.0000 0.0000 b 0.2000 1.0000 1.2516 2.2589 0.2500 0.2500 0.2500 0.0000 0.0000 0.0000 0.0000 0.0000 0.0000 
main 5.0000 7.0000 52.0000 7.0000 1.0000 7.0000 6.0000 0.0000 0.0000 0.2500 1.5000 0.0000 0.0000 b 0.1800 1.7500 1.4077 3.1590 0.2500 0.2500 0.2500 0.2500 0.2500 0.2500 0.0000 0.0000 0.0000 
main 5.0000 7.0000 54.0000 7.0000 1.0000 7.0000 6.0000 2.0000 0.0912 0.2507 1.5040 0.0906 0.1145 b 0.1890 1.7540 1.1518 2.9128 0.1580 0.3933 0.1668 0.3054 0.2749 0.2057 0.0000 0.0000 0.0000 
main 5.0000 7.0000 18.0000 9.0000 1.0000 9.0000 8.0000 2.0000 0.0918 0.2505 2.0042 0.0906 0.1145 b 0.1650 2.2542 1.3981 3.6466 0.1620 0.3729 0.1507 0.2105 0.3247 0.1715 0.3639 0.2482 0.0000 
main 5.0000 7.0000 31.0000 7.0000 1.0000 7.0000 6.0000 0.0000 0.0000 0.2500 1.5000 0.0000 0.0000 b 0.2170 1.7500 1.3011 3.0424 0.2500 0.2500 0.2500 0.2500 0.2500 0.2500 0.0000 0.0000 0.0000 
main 5.0000 7.0000 19.0000 10.0000 2.0000 10.0000 9.0000 0.0000 0.0000 0.2500 2.2500 0.0000 0.0000 b 0.2790 2.5000 1.3677 3.8589 0.2500 0.2500 0.2500 0.2500 0.2500 0.2500 0.2500 0.2500 0.2500 
main 5.0000 7.0000 20.0000 10.0000 2.0000 10.0000 9.0000 1.0000 0.0524 0.2502 2.2516 0.0349 0.0588 b 0.2430 2.5016 1.3629 3.8607 0.1826 0.3325 0.2303 0.2556 0.2272 0.2869 0.1734 0.2659 0.2972 
main 5.0000 7.0000 59.0000 9.0000 1.0000 9.0000 8.0000 1.0000 0.0563 0.2496 1.9969 0.0349 0.0588 b 0.2160 2.2469 1.4547 3.6892 0.2629 0.3387 0.1691 0.3061 0.2433 0.1930 0.2643 0.2195 0.0000 
main 5.0000 7.0000 21.0000 10.0000 2.0000 10.0000 9.0000 2.0000 0.0925 0.2497 2.2474 0.0906 0.1145 b 0.2170 2.4974 1.3602 3.8564 0.2313 0.3760 0.1505 0.1775 0.3227 0.3992 0.2185 0.1730 0.1988 
main 5.0000 7.0000 47.0000 5.0000 0.0000 5.0000 4.0000 1.0000 0.0523 0.2503 1.0012 0.0349 0.0588 b 0.2140 1.2512 1.2071 2.4601 0.2007 0.3075 0.2815 0.2115 0.0000 0.0000 0.0000 0.0000 0.0000 
main 5.0000 7.0000 17.0000 9.0000 1.0000 9.0000 8.0000 1.0000 0.0541 0.2505 2.0038 0.0349 0.0588 b 0.1890 2.2538 1.3918 3.6462 0.2043 0.3081 0.3479 0.2492 0.2152 0.2616 0.1902 0.2272 0.0000 
main 5.0000 7.0000 7.0000 6.0000 0.0000 6.0000 5.0000 0.0000 0.0000 0.2500 1.2500 0.0000 0.0000 b 0.2150 1.5000 1.1000 2.6089 0.2500 0.2500 0.2500 0.2500 0.2500 0.0000 0.0000 0.0000 0.0000 
main 5.0000 7.0000 27.0000 5.0000 0.0000 5.0000 4.0000 2.0000 0.1074 0.2503 1.0011 0.0906 0.1145 b 0.2360 1.2511 1.1226 2.3766 0.3969 0.1884 0.2611 0.1547 0.0000 0.0000 0.0000 0.0000 0.0000 
main 5.0000 7.0000 12.0000 7.0000 1.0000 7.0000 6.0000 2.0000 0.1110 0.2498 1.4989 0.0906 0.1145 b 0.2090 1.7489 1.1034 2.8579 0.3917 0.1827 0.2158 0.1603 0.3896 0.1589 0.0000 0.0000 0.0000 
main 5.0000 7.0000 49.0000 6.0000 0.0000 6.0000 5.0000 0.0000 0.0000 0.2500 1.2500 0.0000 0.0000 b 0.1920 1.5000 1.2154 2.7255 0.2500 0.2500 0.2500 0.2500 0.2500 0.0000 0.0000 0.0000 0.0000 
main 5.0000 7.0000 37.0000 9.0000 1.0000 9.0000 8.0000 0.0000 0.0000 0.2500 2.0000 0.0000 0.0000 b 0.2130 2.2500 1.4369 3.6925 0.2500 0.2500 0.2500 0.2500 0.2500 0.2500 0.2500 0.2500 0.0000 
main 5.0000 7.0000 33.0000 7.0000 1.0000 7.0000 6.0000 2.0000 0.0960 0.2507 1.5044 0.0906 0.1145 b 0.4420 1.7544 1.3820 3.1302 0.3869 0.1531 0.1961 0.3515 0.2340 0.1828 0.0000 0.0000 0.0000 
main 5.0000 7.0000 1.0000 4.0000 0.0000 4.0000 3.0000 0.0000 0.0000 0.2500 0.7500 0.0000 0.0000 b 0.3770 1.0000 1.2480 2.2422 0.2500 0.2500 0.2500 0.0000 0.0000 0.0000 0.0000 0.0000 0.0000 
main 5.0000 7.0000 8.0000 6.0000 0.0000 6.0000 5.0000 1.0000 0.0535 0.2492 1.2460 0.0349 0.0588 b 0.2180 1.4960 1.2041 2.7049 0.2044 0.3371 0.2228 0.2617 0.2200 0.0000 0.0000 0.0000 0.0000 
main 5.0000 7.0000 14.0000 8.0000 1.0000 8.0000 7.0000 1.0000 0.0500 0.2497 1.7476 0.0349 0.0588 b 0.2070 1.9976 1.2964 3.2898 0.2611 0.2137 0.2474 0.1754 0.2301 0.2955 0.3244 0.0000 0.0000 
main 5.0000 7.0000 16.0000 9.0000 1.0000 9.0000 8.0000 0.0000 0.0000 0.2500 2.0000 0.0000 0.0000 b 0.1730 2.2500 1.3088 3.5590 0.2500 0.2500 0.2500 0.2500 0.2500 0.2500 0.2500 0.2500 0.0000 
main 5.0000 7.0000 28.0000 6.0000 0.0000 6.0000 5.0000 0.0000 0.0000 0.2500 1.2500 0.0000 0.0000 b 0.2120 1.5000 1.2190 2.7088 0.2500 0.2500 0.2500 0.2500 0.2500 0.0000 0.0000 0.0000 0.0000 
main 5.0000 7.0000 61.0000 10.0000 2.0000 10.0000 9.0000 0.0000 0.0000 0.2500 2.2500 0.0000 0.0000 b 0.2090 2.5000 1.2373 3.7255 0.2500 0.2500 0.2500 0.2500 0.2500 0.2500 0.2500 0.2500 0.2500 
main 5.0000 7.0000 38.0000 9.0000 1.0000 9.0000 8.0000 1.0000 0.0501 0.2495 1.9960 0.0349 0.0588 b 0.1910 2.2460 1.0617 3.3050 0.1654 0.3212 0.2911 0.2630 0.2093 0.2791 0.2189 0.2481 0.0000 
main 5.0000 7.0000 29.0000 6.0000 0.0000 6.0000 5.0000 1.0000 0.0473 0.2505 1.2524 0.0349 0.0588 b 0.1930 1.5024 1.0746 2.5780 0.2854 0.2403 0.2996 0.1783 0.2488 0.0000 0.0000 0.0000 0.0000 
main 5.0000 7.0000 56.0000 8.0000 1.0000 8.0000 7.0000 1.0000 0.0372 0.2501 1.7504 0.0349 0.0588 b 0.1530 2.0004 1.0845 3.0926 0.2586 0.2870 0.2409 0.2908 0.2091 0.2692 0.1947 0.0000 0.0000 
main 5.0000 7.0000 6.0000 5.0000 0.0000 5.0000 4.0000 2.0000 0.1018 0.2498 0.9993 0.0906 0.1145 b 0.2500 1.2493 1.2325 2.4915 0.1618 0.2291 0.3964 0.2120 0.0000 0.0000 0.0000 0.0000 0.0000 
main 5.0000 7.0000 23.0000 4.0000 0.0000 4.0000 3.0000 1.0000 0.0449 0.2485 0.7454 0.0349 0.0588 b 0.2200 0.9954 1.1352 2.1344 0.2417 0.2963 0.2073 0.0000 0.0000 0.0000 0.0000 0.0000 0.0000 
main 5.0000 7.0000 25.0000 5.0000 0.0000 5.0000 4.0000 0.0000 0.0000 0.2500 1.0000 0.0000 0.0000 b 0.2150 1.2500 1.3339 2.5924 0.2500 0.2500 0.2500 0.2500 0.0000 0.0000 0.0000 0.0000 0.0000 
main 5.0000 7.0000 62.0000 10.0000 2.0000 10.0000 9.0000 1.0000 0.0449 0.2505 2.2546 0.0349 0.0588 b 0.2010 2.5046 1.0783 3.5801 0.3113 0.2329 0.2024 0.2774 0.3111 0.2568 0.1958 0.2631 0.2037 
main 5.0000 7.0000 63.0000 10.0000 2.0000 10.0000 9.0000 2.0000 0.0910 0.2502 2.2522 0.0906 0.1145 b 0.2810 2.5022 1.3767 3.8779 0.2382 0.1555 0.2106 0.3935 0.2727 0.1511 0.3931 0.2529 0.1847 
main 5.0000 7.0000 51.0000 6.0000 0.0000 6.0000 5.0000 2.0000 0.0916 0.2498 1.2491 0.0906 0.1145 b 0.2210 1.4991 1.1233 2.6246 0.3449 0.2348 0.1550 0.3443 0.1701 0.0000 0.0000 0.0000 0.0000 
main 5.0000 7.0000 30.0000 6.0000 0.0000 6.0000 5.0000 2.0000 0.1029 0.2510 1.2548 0.0906 0.1145 b 0.2390 1.5048 1.4935 2.9972 0.1842 0.3335 0.1942 0.1552 0.3877 0.0000 0.0000 0.0000 0.0000 
main 5.0000 7.0000 3.0000 4.0000 0.0000 4.0000 3.0000 2.0000 0.0925 0.2502 0.7505 0.0906 0.1145 b 0.2160 1.0005 1.0394 2.0427 0.1682 0.2318 0.3505 0.0000 0.0000 0.0000 0.0000 0.0000 0.0000 
main 5.0000 7.0000 15.0000 8.0000 1.0000 8.0000 7.0000 2.0000 0.0934 0.2506 1.7541 0.0906 0.1145 b 0.2390 2.0041 1.2806 3.2798 0.3672 0.1855 0.2824 0.2161 0.1544 0.3790 0.1695 0.0000 0.0000 
main 5.0000 7.0000 26.0000 5.0000 0.0000 5.0000 4.0000 1.0000 0.0440 0.2493 0.9972 0.0349 0.0588 b 0.2410 1.2472 1.3465 2.5896 0.2594 0.1976 0.2373 0.3030 0.0000 0.0000 0.0000 0.0000 0.0000 
main 5.0000 7.0000 43.0000 4.0000 0.0000 4.0000 3.0000 0.0000 0.0000 0.2500 0.7500 0.0000 0.0000 b 0.2430 1.0000 1.3721 2.3757 0.2500 0.2500 0.2500 0.0000 0.0000 0.0000 0.0000 0.0000 0.0000 
main 5.0000 7.0000 2.0000 4.0000 0.0000 4.0000 3.0000 1.0000 0.0466 0.2514 0.7542 0.0349 0.0588 b 0.2600 1.0042 1.0731 2.0797 0.2533 0.2971 0.2039 0.0000 0.0000 0.0000 0.0000 0.0000 0.0000 
main 5.0000 7.0000 35.0000 8.0000 1.0000 8.0000 7.0000 1.0000 0.0414 0.2495 1.7464 0.0349 0.0588 b 0.2030 1.9964 1.0614 3.0553 0.2918 0.2041 0.2951 0.2061 0.2529 0.2130 0.2834 0.0000 0.0000 
main 5.0000 7.0000 36.0000 8.0000 1.0000 8.0000 7.0000 2.0000 0.0923 0.2493 1.7452 0.0906 0.1145 b 0.2110 1.9952 1.4965 3.4876 0.1861 0.1561 0.2370 0.3797 0.2827 0.1515 0.3523 0.0000 0.0000 
main 5.0000 7.0000 39.0000 9.0000 1.0000 9.0000 8.0000 2.0000 0.0968 0.2504 2.0032 0.0906 0.1145 b 0.1780 2.2532 1.2082 3.4622 0.3928 0.1547 0.1942 0.3353 0.3614 0.2205 0.1595 0.1847 0.0000 
main 5.0000 7.0000 50.0000 6.0000 0.0000 6.0000 5.0000 1.0000 0.0519 0.2498 1.2490 0.0349 0.0588 b 0.3290 1.4990 1.3850 2.8913 0.2591 0.2168 0.2519 0.3291 0.1921 0.0000 0.0000 0.0000 0.0000 
main 5.0000 7.0000 9.0000 6.0000 0.0000 6.0000 5.0000 2.0000 0.0923 0.2508 1.2541 0.0906 0.1145 b 0.2070 1.5041 1.4805 2.9965 0.2676 0.3993 0.1602 0.2329 0.1941 0.0000 0.0000 0.0000 0.0000 
main 5.0000 7.0000 45.0000 4.0000 0.0000 4.0000 3.0000 2.0000 0.0919 0.2497 0.7491 0.0906 0.1145 b 0.2190 0.9991 1.1123 2.1247 0.1719 0.2260 0.3512 0.0000 0.0000 0.0000 0.0000 0.0000 0.0000 
main 5.0000 7.0000 44.0000 4.0000 0.0000 4.0000 3.0000 1.0000 0.0482 0.2506 0.7517 0.0349 0.0588 b 0.2350 1.0017 1.0631 2.0772 0.2610 0.2927 0.1980 0.0000 0.0000 0.0000 0.0000 0.0000 0.0000 
main 5.0000 7.0000 57.0000 8.0000 1.0000 8.0000 7.0000 2.0000 0.0938 0.2497 1.7480 0.0906 0.1145 b 0.1850 1.9980 1.2658 3.2736 0.1520 0.2131 0.3212 0.1807 0.3817 0.1641 0.3352 0.0000 0.0000 
main 5.0000 7.0000 60.0000 9.0000 1.0000 9.0000 8.0000 2.0000 0.0915 0.2504 2.0032 0.0906 0.1145 b 0.1840 2.2532 1.0674 3.3287 0.3505 0.1531 0.2019 0.3957 0.2291 0.1976 0.3157 0.1599 0.0000 
main 5.0000 7.0000 24.0000 4.0000 0.0000 4.0000 3.0000 2.0000 0.1065 0.2497 0.7490 0.0906 0.1145 b 0.2680 0.9990 1.3331 2.3413 0.3686 0.1628 0.2176 0.0000 0.0000 0.0000 0.0000 0.0000 0.0000 
main 5.0000 7.0000 40.0000 10.0000 2.0000 10.0000 9.0000 0.0000 0.0000 0.2500 2.2500 0.0000 0.0000 b 0.1970 2.5000 1.2829 3.7755 0.2500 0.2500 0.2500 0.2500 0.2500 0.2500 0.2500 0.2500 0.2500 
main 5.0000 7.0000 58.0000 9.0000 1.0000 9.0000 8.0000 0.0000 0.0000 0.2500 2.0000 0.0000 0.0000 b 0.1810 2.2500 1.3927 3.6424 0.2500 0.2500 0.2500 0.2500 0.2500 0.2500 0.2500 0.2500 0.0000 
main 5.0000 7.0000 4.0000 5.0000 0.0000 5.0000 4.0000 0.0000 0.0000 0.2500 1.0000 0.0000 0.0000 b 0.2120 1.2500 1.0933 2.3422 0.2500 0.2500 0.2500 0.2500 0.0000 0.0000 0.0000 0.0000 0.0000 
main 5.0000 7.0000 5.0000 5.0000 0.0000 5.0000 4.0000 1.0000 0.0547 0.2493 0.9971 0.0349 0.0588 b 0.1770 1.2471 1.3271 2.5728 0.2363 0.3271 0.2350 0.1987 0.0000 0.0000 0.0000 0.0000 0.0000 
main 5.0000 7.0000 13.0000 8.0000 1.0000 8.0000 7.0000 0.0000 0.0000 0.2500 1.7500 0.0000 0.0000 b 0.1720 2.0000 1.3959 3.3922 0.2500 0.2500 0.2500 0.2500 0.2500 0.2500 0.2500 0.0000 0.0000 
main 5.0000 7.0000 46.0000 5.0000 0.0000 5.0000 4.0000 0.0000 0.0000 0.2500 1.0000 0.0000 0.0000 b 0.2150 1.2500 1.2275 2.4756 0.2500 0.2500 0.2500 0.2500 0.0000 0.0000 0.0000 0.0000 0.0000 
main 5.0000 7.0000 41.0000 10.0000 2.0000 10.0000 9.0000 1.0000 0.0509 0.2504 2.2537 0.0349 0.0588 b 0.1810 2.5037 1.3850 3.8793 0.2215 0.2471 0.1678 0.2322 0.2049 0.2646 0.3201 0.2745 0.3210 
main 5.0000 7.0000 34.0000 8.0000 1.0000 8.0000 7.0000 0.0000 0.0000 0.2500 1.7500 0.0000 0.0000 b 0.1600 2.0000 1.3793 3.3756 0.2500 0.2500 0.2500 0.2500 0.2500 0.2500 0.2500 0.0000 0.0000 
main 5.0000 7.0000 55.0000 8.0000 1.0000 8.0000 7.0000 0.0000 0.0000 0.2500 1.7500 0.0000 0.0000 b 0.1910 2.0000 1.4806 3.4923 0.2500 0.2500 0.2500 0.2500 0.2500 0.2500 0.2500 0.0000 0.0000 
main 5.0000 7.0000 42.0000 10.0000 2.0000 10.0000 9.0000 2.0000 0.0947 0.2499 2.2487 0.0906 0.1145 b 0.2490 2.4987 1.0759 3.5743 0.3898 0.2598 0.1616 0.3957 0.1979 0.1611 0.1987 0.1726 0.3115 
main 5.0000 8.0000 35.0000 8.0000 1.0000 8.0000 7.0000 1.0000 0.0551 0.2494 1.7459 0.0349 0.0588 b 0.3190 1.9959 1.2104 3.2049 0.3286 0.2411 0.2837 0.2382 0.1830 0.2894 0.1820 0.0000 0.0000 
main 5.0000 8.0000 16.0000 9.0000 1.0000 9.0000 8.0000 0.0000 0.0000 0.2500 2.0000 0.0000 0.0000 b 0.1860 2.2500 1.2131 3.4588 0.2500 0.2500 0.2500 0.2500 0.2500 0.2500 0.2500 0.2500 0.0000 
main 5.0000 8.0000 50.0000 6.0000 0.0000 6.0000 5.0000 1.0000 0.0391 0.2509 1.2543 0.0349 0.0588 b 0.2640 1.5043 1.4561 2.9634 0.2640 0.1942 0.2671 0.2968 0.2322 0.0000 0.0000 0.0000 0.0000 
main 5.0000 8.0000 23.0000 4.0000 0.0000 4.0000 3.0000 1.0000 0.0580 0.2484 0.7452 0.0349 0.0588 b 0.3470 0.9952 1.4957 2.4875 0.1915 0.3074 0.2462 0.0000 0.0000 0.0000 0.0000 0.0000 0.0000 
main 5.0000 8.0000 38.0000 9.0000 1.0000 9.0000 8.0000 1.0000 0.0532 0.2499 1.9994 0.0349 0.0588 b 0.2050 2.2494 1.4502 3.6918 0.2282 0.1889 0.2375 0.2831 0.1940 0.3218 0.2229 0.3229 0.0000 
main 5.0000 8.0000 63.0000 10.0000 2.0000 10.0000 9.0000 2.0000 0.0978 0.2496 2.2462 0.0906 0.1145 b 0.1760 2.4962 1.4929 3.9885 0.1505 0.3198 0.3659 0.1562 0.3863 0.1677 0.2148 0.3224 0.1626 
main 5.0000 8.0000 21.0000 10.0000 2.0000 10.0000 9.0000 2.0000 0.0985 0.2495 2.2451 0.0906 0.1145 b 0.1720 2.4951 1.2346 3.7207 0.1924 0.1538 0.1831 0.1519 0.2974 0.1713 0.3873 0.3224 0.3856 
main 5.0000 8.0000 42.0000 10.0000 2.0000 10.0000 9.0000 2.0000 0.0944 0.2498 2.2479 0.0906 0.1145 b 0.1840 2.4979 1.3730 3.8736 0.3678 0.1629 0.2225 0.3379 0.1545 0.2897 0.1720 0.3793 0.1613 
main 5.0000 8.0000 28.0000 6.0000 0.0000 6.0000 5.0000 0.0000 0.0000 0.2500 1.2500 0.0000 0.0000 b 0.2060 1.5000 1.2207 2.7090 0.2500 0.2500 0.2500 0.2500 0.2500 0.0000 0.0000 0.0000 0.0000 
main 5.0000 8.0000 56.0000 8.0000 1.0000 8.0000 7.0000 1.0000 0.0584 0.2498 1.7486 0.0349 0.0588 b 0.1870 1.9986 1.2040 3.1908 0.2944 0.2072 0.3233 0.2522 0.2903 0.1545 0.2268 0.0000 0.0000 
main 5.0000 8.0000 45.0000 4.0000 0.0000 4.0000 3.0000 2.0000 0.0978 0.2491 0.7473 0.0906 0.1145 b 0.2690 0.9973 1.0259 2.0229 0.2399 0.1562 0.3512 0.0000 0.0000 0.0000 0.0000 0.0000 0.0000 
main 5.0000 8.0000 51.0000 6.0000 0.0000 6.0000 5.0000 2.0000 0.1053 0.2500 1.2499 0.0906 0.1145 b 0.1620 1.4999 1.3787 2.8755 0.1838 0.3666 0.1528 0.3623 0.1844 0.0000 0.0000 0.0000 0.0000 
main 5.0000 8.0000 17.0000 9.0000 1.0000 9.0000 8.0000 1.0000 0.0446 0.2501 2.0004 0.0349 0.0588 b 0.2010 2.2504 1.4201 3.6761 0.2585 0.3365 0.2673 0.2031 0.2705 0.2346 0.1956 0.2344 0.0000 
main 5.0000 8.0000 4.0000 5.0000 0.0000 5.0000 4.0000 0.0000 0.0000 0.2500 1.0000 0.0000 0.0000 b 0.2080 1.2500 1.2734 2.5257 0.2500 0.2500 0.2500 0.2500 0.0000 0.0000 0.0000 0.0000 0.0000 
main 5.0000 8.0000 8.0000 6.0000 0.0000 6.0000 5.0000 1.0000 0.0579 0.2508 1.2542 0.0349 0.0588 b 0.2190 1.5042 1.2361 2.7466 0.2380 0.1763 0.3297 0.2284 0.2818 0.0000 0.0000 0.0000 0.0000 
main 5.0000 8.0000 27.0000 5.0000 0.0000 5.0000 4.0000 2.0000 0.0940 0.2495 0.9982 0.0906 0.1145 b 0.2000 1.2482 1.2331 2.4906 0.1781 0.3668 0.1693 0.2840 0.0000 0.0000 0.0000 0.0000 0.0000 
main 5.0000 8.0000 9.0000 6.0000 0.0000 6.0000 5.0000 2.0000 0.0962 0.2495 1.2477 0.0906 0.1145 b 0.1950 1.4977 1.3045 2.8068 0.3286 0.3700 0.1537 0.2270 0.1685 0.0000 0.0000 0.0000 0.0000 
main 5.0000 8.0000 40.0000 10.0000 2.0000 10.0000 9.0000 0.0000 0.0000 0.2500 2.2500 0.0000 0.0000 b 0.1880 2.5000 1.1206 3.6255 0.2500 0.2500 0.2500 0.2500 0.2500 0.2500 0.2500 0.2500 0.2500 
main 5.0000 8.0000 60.0000 9.0000 1.0000 9.0000 8.0000 2.0000 0.0957 0.2505 2.0043 0.0906 0.1145 b 0.1890 2.2543 1.3968 3.6465 0.1568 0.3442 0.1612 0.2462 0.1658 0.3548 0.3820 0.1932 0.0000 
main 5.0000 8.0000 22.0000 4.0000 0.0000 4.0000 3.0000 0.0000 0.0000 0.2500 0.7500 0.0000 0.0000 b 0.1640 1.0000 1.4739 2.4757 0.2500 0.2500 0.2500 0.0000 0.0000 0.0000 0.0000 0.0000 0.0000 
main 5.0000 8.0000 53.0000 7.0000 1.0000 7.0000 6.0000 1.0000 0.0553 0.2498 1.4987 0.0349 0.0588 b 0.1600 1.7487 1.4738 3.2245 0.1661 0.3219 0.2767 0.2137 0.2397 0.2807 0.0000 0.0000 0.0000 
main 5.0000 8.0000 48.0000 5.0000 0.0000 5.0000 4.0000 2.0000 0.1012 0.2491 0.9963 0.0906 0.1145 b 0.2160 1.2463 1.4966 2.7386 0.2755 0.1743 0.3810 0.1654 0.0000 0.0000 0.0000 0.0000 0.0000 
main 5.0000 8.0000 26.0000 5.0000 0.0000 5.0000 4.0000 1.0000 0.0546 0.2500 0.9999 0.0349 0.0588 b 0.2070 1.2499 1.4293 2.6756 0.3182 0.2343 0.2602 0.1872 0.0000 0.0000 0.0000 0.0000 0.0000 
main 5.0000 8.0000 54.0000 7.0000 1.0000 7.0000 6.0000 2.0000 0.0926 0.2505 1.5030 0.0906 0.1145 b 0.1680 1.7530 1.1094 2.8618 0.2850 0.1927 0.1608 0.3309 0.3747 0.1589 0.0000 0.0000 0.0000 
main 5.0000 8.0000 18.0000 9.0000 1.0000 9.0000 8.0000 2.0000 0.0931 0.2504 2.0035 0.0906 0.1145 b 0.2040 2.2535 1.3845 3.6291 0.1834 0.1522 0.3905 0.2221 0.3175 0.2277 0.1526 0.3576 0.0000 
main 5.0000 8.0000 15.0000 8.0000 1.0000 8.0000 7.0000 2.0000 0.0995 0.2507 1.7549 0.0906 0.1145 b 0.1780 2.0049 1.2570 3.2637 0.1787 0.2310 0.3924 0.1586 0.2418 0.3856 0.1669 0.0000 0.0000 
main 5.0000 8.0000 7.0000 6.0000 0.0000 6.0000 5.0000 0.0000 0.0000 0.2500 1.2500 0.0000 0.0000 b 0.2210 1.5000 1.1712 2.6588 0.2500 0.2500 0.2500 0.2500 0.2500 0.0000 0.0000 0.0000 0.0000 
main 5.0000 8.0000 43.0000 4.0000 0.0000 4.0000 3.0000 0.0000 0.0000 0.2500 0.7500 0.0000 0.0000 b 0.2040 1.0000 1.0763 2.0922 0.2500 0.2500 0.2500 0.0000 0.0000 0.0000 0.0000 0.0000 0.0000 
main 5.0000 8.0000 59.0000 9.0000 1.0000 9.0000 8.0000 1.0000 0.0548 0.2499 1.9996 0.0349 0.0588 b 0.1930 2.2496 1.4826 3.7420 0.2505 0.2944 0.2341 0.1671 0.3519 0.2394 0.2122 0.2499 0.0000 
main 5.0000 8.0000 5.0000 5.0000 0.0000 5.0000 4.0000 1.0000 0.0359 0.2506 1.0023 0.0349 0.0588 b 0.1990 1.2523 1.3878 2.6447 0.2821 0.2446 0.2024 0.2733 0.0000 0.0000 0.0000 0.0000 0.0000 
main 5.0000 8.0000 13.0000 8.0000 1.0000 8.0000 7.0000 0.0000 0.0000 0.2500 1.7500 0.0000 0.0000 b 0.1940 2.0000 1.2155 3.2257 0.2500 0.2500 0.2500 0.2500 0.2500 0.2500 0.2500 0.0000 0.0000 
main 5.0000 8.0000 32.0000 7.0000 1.0000 7.0000 6.0000 1.0000 0.0585 0.2499 1.4997 0.0349 0.0588 b 0.2100 1.7497 1.0660 2.8251 0.1693 0.2716 0.2372 0.2057 0.3335 0.2823 0.0000 0.0000 0.0000 
main 5.0000 8.0000 39.0000 9.0000 1.0000 9.0000 8.0000 2.0000 0.0931 0.2501 2.0004 0.0906 0.1145 b 0.1900 2.2504 1.2339 3.4927 0.2081 0.3855 0.1809 0.2397 0.3356 0.1516 0.3462 0.1529 0.0000 
main 5.0000 8.0000 6.0000 5.0000 0.0000 5.0000 4.0000 2.0000 0.0926 0.2508 1.0033 0.0906 0.1145 b 0.2430 1.2533 1.4911 2.7457 0.1560 0.2180 0.3760 0.2533 0.0000 0.0000 0.0000 0.0000 0.0000 
main 5.0000 8.0000 58.0000 9.0000 1.0000 9.0000 8.0000 0.0000 0.0000 0.2500 2.0000 0.0000 0.0000 b 0.1430 2.2500 1.1085 3.3588 0.2500 0.2500 0.2500 0.2500 0.2500 0.2500 0.2500 0.2500 0.0000 
main 5.0000 8.0000 44.0000 4.0000 0.0000 4.0000 3.0000 1.0000 0.0584 0.2505 0.7514 0.0349 0.0588 b 0.2990 1.0014 1.2314 2.2270 0.2472 0.1938 0.3104 0.0000 0.0000 0.0000 0.0000 0.0000 0.0000 
main 5.0000 8.0000 2.0000 4.0000 0.0000 4.0000 3.0000 1.0000 0.0527 0.2505 0.7515 0.0349 0.0588 b 0.2630 1.0015 1.2575 2.2604 0.2037 0.3077 0.2401 0.0000 0.0000 0.0000 0.0000 0.0000 0.0000 
main 5.0000 8.0000 41.0000 10.0000 2.0000 10.0000 9.0000 1.0000 0.0580 0.2495 2.2453 0.0349 0.0588 b 0.1630 2.4953 1.0421 3.5374 0.2708 0.2313 0.3034 0.2381 0.3370 0.2991 0.1590 0.1876 0.2189 
main 5.0000 8.0000 46.0000 5.0000 0.0000 5.0000 4.0000 0.0000 0.0000 0.2500 1.0000 0.0000 0.0000 b 0.1780 1.2500 1.2936 2.5424 0.2500 0.2500 0.2500 0.2500 0.0000 0.0000 0.0000 0.0000 0.0000 
main 5.0000 8.0000 61.0000 10.0000 2.0000 10.0000 9.0000 0.0000 0.0000 0.2500 2.2500 0.0000 0.0000 b 0.1790 2.5000 1.4996 3.9923 0.2500 0.2500 0.2500 0.2500 0.2500 0.2500 0.2500 0.2500 0.2500 
main 5.0000 8.0000 24.0000 4.0000 0.0000 4.0000 3.0000 2.0000 0.1019 0.2493 0.7480 0.0906 0.1145 b 0.2940 0.9980 1.4907 2.4905 0.1512 0.3546 0.2422 0.0000 0.0000 0.0000 0.0000 0.0000 0.0000 
main 5.0000 8.0000 34.0000 8.0000 1.0000 8.0000 7.0000 0.0000 0.0000 0.2500 1.7500 0.0000 0.0000 b 0.1530 2.0000 1.3177 3.3090 0.2500 0.2500 0.2500 0.2500 0.2500 0.2500 0.2500 0.0000 0.0000 
main 5.0000 8.0000 52.0000 7.0000 1.0000 7.0000 6.0000 0.0000 0.0000 0.2500 1.5000 0.0000 0.0000 b 0.1540 1.7500 1.3194 3.0589 0.2500 0.2500 0.2500 0.2500 0.2500 0.2500 0.0000 0.0000 0.0000 
main 5.0000 8.0000 25.0000 5.0000 0.0000 5.0000 4.0000 0.0000 0.0000 0.2500 1.0000 0.0000 0.0000 b 0.1830 1.2500 1.4985 2.7592 0.2500 0.2500 0.2500 0.2500 0.0000 0.0000 0.0000 0.0000 0.0000 
main 5.0000 8.0000 37.0000 9.0000 1.0000 9.0000 8.0000 0.0000 0.0000 0.2500 2.0000 0.0000 0.0000 b 0.1980 2.2500 1.2045 3.4590 0.2500 0.2500 0.2500 0.2500 0.2500 0.2500 0.2500 0.2500 0.0000 
main 5.0000 8.0000 3.0000 4.0000 0.0000 4.0000 3.0000 2.0000 0.0917 0.2512 0.7535 0.0906 0.1145 b 0.2060 1.0035 1.3013 2.3123 0.2004 0.3570 0.1961 0.0000 0.0000 0.0000 0.0000 0.0000 0.0000 
main 5.0000 8.0000 1.0000 4.0000 0.0000 4.0000 3.0000 0.0000 0.0000 0.2500 0.7500 0.0000 0.0000 b 0.1890 1.0000 1.0959 2.1088 0.2500 0.2500 0.2500 0.0000 0.0000 0.0000 0.0000 0.0000 0.0000 
main 5.0000 8.0000 12.0000 7.0000 1.0000 7.0000 6.0000 2.0000 0.0955 0.2508 1.5049 0.0906 0.1145 b 0.2050 1.7549 1.4501 3.2140 0.2077 0.1550 0.3988 0.1649 0.2553 0.3232 0.0000 0.0000 0.0000 
main 5.0000 8.0000 20.0000 10.0000 2.0000 10.0000 9.0000 1.0000 0.0502 0.2499 2.2487 0.0349 0.0588 b 0.1850 2.4987 1.0761 3.5743 0.2609 0.2269 0.1600 0.2921 0.1963 0.3108 0.2366 0.3024 0.2627 
main 5.0000 8.0000 49.0000 6.0000 0.0000 6.0000 5.0000 0.0000 0.0000 0.2500 1.2500 0.0000 0.0000 b 0.1800 1.5000 1.2989 2.8091 0.2500 0.2500 0.2500 0.2500 0.2500 0.0000 0.0000 0.0000 0.0000 
main 5.0000 8.0000 33.0000 7.0000 1.0000 7.0000 6.0000 2.0000 0.0945 0.2493 1.4957 0.0906 0.1145 b 0.2160 1.7457 1.4648 3.2049 0.1642 0.2437 0.1754 0.3990 0.1880 0.3254 0.0000 0.0000 0.0000 
main 5.0000 8.0000 57.0000 8.0000 1.0000 8.0000 7.0000 2.0000 0.0964 0.2500 1.7500 0.0906 0.1145 b 0.1970 2.0000 1.1150 3.1088 0.1838 0.2294 0.3798 0.1793 0.3950 0.2156 0.1672 0.0000 0.0000 
main 5.0000 8.0000 30.0000 6.0000 0.0000 6.0000 5.0000 2.0000 0.1028 0.2501 1.2506 0.0906 0.1145 b 0.2190 1.5006 1.4297 2.9261 0.1604 0.3518 0.1531 0.2189 0.3664 0.0000 0.0000 0.0000 0.0000 
main 5.0000 8.0000 36.0000 8.0000 1.0000 8.0000 7.0000 2.0000 0.0944 0.2507 1.7548 0.0906 0.1145 b 0.1700 2.0048 1.0864 3.0969 0.1616 0.2686 0.3934 0.2020 0.1652 0.2006 0.3633 0.0000 0.0000 
main 5.0000 8.0000 62.0000 10.0000 2.0000 10.0000 9.0000 1.0000 0.0527 0.2504 2.2538 0.0349 0.0588 b 0.1990 2.5038 1.2496 3.7460 0.3182 0.2507 0.2127 0.2852 0.3182 0.1751 0.2226 0.2772 0.1938 
main 5.0000 8.0000 10.0000 7.0000 1.0000 7.0000 6.0000 0.0000 0.0000 0.2500 1.5000 0.0000 0.0000 b 0.2100 1.7500 1.4483 3.1922 0.2500 0.2500 0.2500 0.2500 0.2500 0.2500 0.0000 0.0000 0.0000 
main 5.0000 8.0000 19.0000 10.0000 2.0000 10.0000 9.0000 0.0000 0.0000 0.2500 2.2500 0.0000 0.0000 b 0.1670 2.5000 1.0550 3.5421 0.2500 0.2500 0.2500 0.2500 0.2500 0.2500 0.2500 0.2500 0.2500 
main 5.0000 8.0000 31.0000 7.0000 1.0000 7.0000 6.0000 0.0000 0.0000 0.2500 1.5000 0.0000 0.0000 b 0.1990 1.7500 1.3586 3.1090 0.2500 0.2500 0.2500 0.2500 0.2500 0.2500 0.0000 0.0000 0.0000 
main 5.0000 8.0000 11.0000 7.0000 1.0000 7.0000 6.0000 1.0000 0.0528 0.2500 1.5001 0.0349 0.0588 b 0.2000 1.7501 1.0965 2.8591 0.3121 0.2160 0.1858 0.3059 0.2677 0.2127 0.0000 0.0000 0.0000 
main 5.0000 8.0000 29.0000 6.0000 0.0000 6.0000 5.0000 1.0000 0.0524 0.2503 1.2515 0.0349 0.0588 b 0.1900 1.5015 1.1438 2.6604 0.3329 0.2608 0.2227 0.1936 0.2415 0.0000 0.0000 0.0000 0.0000 
main 5.0000 8.0000 55.0000 8.0000 1.0000 8.0000 7.0000 0.0000 0.0000 0.2500 1.7500 0.0000 0.0000 b 0.1430 2.0000 1.0224 3.0255 0.2500 0.2500 0.2500 0.2500 0.2500 0.2500 0.2500 0.0000 0.0000 
main 5.0000 8.0000 14.0000 8.0000 1.0000 8.0000 7.0000 1.0000 0.0588 0.2495 1.7468 0.0349 0.0588 b 0.1580 1.9968 1.3378 3.3391 0.2379 0.2633 0.2168 0.1652 0.2341 0.3564 0.2730 0.0000 0.0000 
main 5.0000 8.0000 47.0000 5.0000 0.0000 5.0000 4.0000 1.0000 0.0464 0.2490 0.9959 0.0349 0.0588 b 0.1910 1.2459 1.4437 2.6882 0.2925 0.2374 0.1888 0.2772 0.0000 0.0000 0.0000 0.0000 0.0000 
