group subNo block index seqDur shortLong nTargets nIOI rhythmicVarTAG seqSTD seqMeanIOI seqSumIOI Lowbound Upbound pressedKey rt seqDuration startInterval trialDuration IOI1 IOI2 IOI3 IOI4 IOI5 IOI6 IOI7 IOI8 IOI9 
main 6.0000 1.0000 46.0000 5.0000 0.0000 5.0000 4.0000 0.0000 0.0000 0.2500 1.0000 0.0000 0.0000 b 0.1470 1.2500 1.2879 1.2796 0.2500 0.2500 0.2500 0.2500 0.0000 0.0000 0.0000 0.0000 0.0000 
main 6.0000 1.0000 12.0000 7.0000 1.0000 7.0000 6.0000 2.0000 0.0950 0.2503 1.5016 0.0906 0.1145 b 0.1650 1.7516 1.0792 1.0709 0.2009 0.1741 0.3784 0.1919 0.3663 0.1900 0.0000 0.0000 0.0000 
main 6.0000 1.0000 20.0000 10.0000 2.0000 10.0000 9.0000 1.0000 0.0552 0.2505 2.2545 0.0349 0.0588 b 0.1780 2.5045 1.4229 1.4146 0.2596 0.2082 0.1763 0.2976 0.1848 0.2945 0.3241 0.2937 0.2156 
main 6.0000 1.0000 61.0000 10.0000 2.0000 10.0000 9.0000 0.0000 0.0000 0.2500 2.2500 0.0000 0.0000 b 0.1400 2.5000 1.1539 1.1456 0.2500 0.2500 0.2500 0.2500 0.2500 0.2500 0.2500 0.2500 0.2500 
main 6.0000 1.0000 35.0000 8.0000 1.0000 8.0000 7.0000 1.0000 0.0532 0.2502 1.7515 0.0349 0.0588 b 0.1470 2.0015 1.3342 1.3258 0.2522 0.1726 0.2732 0.1910 0.3232 0.2898 0.2496 0.0000 0.0000 
main 6.0000 1.0000 45.0000 4.0000 0.0000 4.0000 3.0000 2.0000 0.0924 0.2497 0.7491 0.0906 0.1145 b 0.2050 0.9991 1.4463 1.4380 0.3488 0.2343 0.1660 0.0000 0.0000 0.0000 0.0000 0.0000 0.0000 
main 6.0000 1.0000 56.0000 8.0000 1.0000 8.0000 7.0000 1.0000 0.0571 0.2498 1.7485 0.0349 0.0588 b 0.1300 1.9985 1.3750 1.3666 0.1694 0.2322 0.3118 0.2786 0.1991 0.3227 0.2348 0.0000 0.0000 
main 6.0000 1.0000 49.0000 6.0000 0.0000 6.0000 5.0000 0.0000 0.0000 0.2500 1.2500 0.0000 0.0000 b 0.1670 1.5000 1.1084 1.1001 0.2500 0.2500 0.2500 0.2500 0.2500 0.0000 0.0000 0.0000 0.0000 
main 6.0000 1.0000 33.0000 7.0000 1.0000 7.0000 6.0000 2.0000 0.0986 0.2499 1.4997 0.0906 0.1145 b 0.2270 1.7497 1.1041 1.0957 0.1801 0.3726 0.2168 0.1719 0.3786 0.1796 0.0000 0.0000 0.0000 
main 6.0000 1.0000 19.0000 10.0000 2.0000 10.0000 9.0000 0.0000 0.0000 0.2500 2.2500 0.0000 0.0000 b 0.2230 2.5000 1.3953 1.3869 0.2500 0.2500 0.2500 0.2500 0.2500 0.2500 0.2500 0.2500 0.2500 
main 6.0000 1.0000 10.0000 7.0000 1.0000 7.0000 6.0000 0.0000 0.0000 0.2500 1.5000 0.0000 0.0000 b 0.1620 1.7500 1.0456 1.0373 0.2500 0.2500 0.2500 0.2500 0.2500 0.2500 0.0000 0.0000 0.0000 
main 6.0000 1.0000 59.0000 9.0000 1.0000 9.0000 8.0000 1.0000 0.0556 0.2504 2.0030 0.0349 0.0588 b 0.1640 2.2530 1.1890 1.1807 0.2680 0.2329 0.3217 0.1685 0.2563 0.2105 0.3302 0.2149 0.0000 
main 6.0000 1.0000 50.0000 6.0000 0.0000 6.0000 5.0000 1.0000 0.0426 0.2490 1.2452 0.0349 0.0588 b 0.1600 1.4952 1.1811 1.1728 0.2835 0.2218 0.2851 0.1881 0.2667 0.0000 0.0000 0.0000 0.0000 
main 6.0000 1.0000 8.0000 6.0000 0.0000 6.0000 5.0000 1.0000 0.0408 0.2508 1.2542 0.0349 0.0588 b 0.1730 1.5042 1.4010 1.3927 0.3046 0.2476 0.1960 0.2725 0.2336 0.0000 0.0000 0.0000 0.0000 
main 6.0000 1.0000 37.0000 9.0000 1.0000 9.0000 8.0000 0.0000 0.0000 0.2500 2.0000 0.0000 0.0000 b 0.1480 2.2500 1.2268 1.2184 0.2500 0.2500 0.2500 0.2500 0.2500 0.2500 0.2500 0.2500 0.0000 
main 6.0000 1.0000 14.0000 8.0000 1.0000 8.0000 7.0000 1.0000 0.0557 0.2505 1.7537 0.0349 0.0588 b 0.1770 2.0037 1.4051 1.3967 0.1612 0.2530 0.3034 0.2067 0.2432 0.3264 0.2597 0.0000 0.0000 
main 6.0000 1.0000 28.0000 6.0000 0.0000 6.0000 5.0000 0.0000 0.0000 0.2500 1.2500 0.0000 0.0000 b 0.1590 1.5000 1.0258 1.0174 0.2500 0.2500 0.2500 0.2500 0.2500 0.0000 0.0000 0.0000 0.0000 
main 6.0000 1.0000 57.0000 8.0000 1.0000 8.0000 7.0000 2.0000 0.0956 0.2495 1.7468 0.0906 0.1145 b 0.1390 1.9968 1.1748 1.1664 0.3762 0.1516 0.3722 0.1912 0.2167 0.2824 0.1566 0.0000 0.0000 
main 6.0000 1.0000 18.0000 9.0000 1.0000 9.0000 8.0000 2.0000 0.0970 0.2498 1.9981 0.0906 0.1145 b 0.1630 2.2481 1.2271 1.2188 0.2598 0.1529 0.2333 0.3998 0.1731 0.2121 0.1740 0.3931 0.0000 
main 6.0000 1.0000 3.0000 4.0000 0.0000 4.0000 3.0000 2.0000 0.0925 0.2500 0.7499 0.0906 0.1145 b 0.4030 0.9999 1.4703 1.4620 0.1779 0.2177 0.3543 0.0000 0.0000 0.0000 0.0000 0.0000 0.0000 
main 6.0000 1.0000 60.0000 9.0000 1.0000 9.0000 8.0000 2.0000 0.0924 0.2495 1.9959 0.0906 0.1145 b 0.1850 2.2459 1.0427 1.0344 0.1545 0.3874 0.1562 0.2316 0.1538 0.2798 0.3594 0.2732 0.0000 
main 6.0000 1.0000 15.0000 8.0000 1.0000 8.0000 7.0000 2.0000 0.0937 0.2503 1.7522 0.0906 0.1145 b 0.1540 2.0022 1.4459 1.4376 0.3938 0.3099 0.1590 0.2499 0.1591 0.3167 0.1638 0.0000 0.0000 
main 6.0000 1.0000 25.0000 5.0000 0.0000 5.0000 4.0000 0.0000 0.0000 0.2500 1.0000 0.0000 0.0000 b 0.1460 1.2500 1.4606 1.4523 0.2500 0.2500 0.2500 0.2500 0.0000 0.0000 0.0000 0.0000 0.0000 
main 6.0000 1.0000 53.0000 7.0000 1.0000 7.0000 6.0000 1.0000 0.0522 0.2493 1.4956 0.0349 0.0588 b 0.1350 1.7456 1.2923 1.2840 0.1969 0.2950 0.2190 0.1935 0.2801 0.3112 0.0000 0.0000 0.0000 
main 6.0000 1.0000 54.0000 7.0000 1.0000 7.0000 6.0000 2.0000 0.1029 0.2500 1.4997 0.0906 0.1145 b 0.1620 1.7497 1.2928 1.2845 0.2066 0.3803 0.1543 0.2140 0.3786 0.1659 0.0000 0.0000 0.0000 
main 6.0000 1.0000 27.0000 5.0000 0.0000 5.0000 4.0000 2.0000 0.1018 0.2501 1.0004 0.0906 0.1145 b 0.1760 1.2504 1.0786 1.0703 0.1598 0.3780 0.1772 0.2854 0.0000 0.0000 0.0000 0.0000 0.0000 
main 6.0000 1.0000 47.0000 5.0000 0.0000 5.0000 4.0000 1.0000 0.0478 0.2495 0.9979 0.0349 0.0588 b 0.1450 1.2479 1.4791 1.4707 0.2004 0.2306 0.3133 0.2536 0.0000 0.0000 0.0000 0.0000 0.0000 
main 6.0000 1.0000 1.0000 4.0000 0.0000 4.0000 3.0000 0.0000 0.0000 0.2500 0.7500 0.0000 0.0000 b 0.1790 1.0000 1.3272 1.3189 0.2500 0.2500 0.2500 0.0000 0.0000 0.0000 0.0000 0.0000 0.0000 
main 6.0000 1.0000 32.0000 7.0000 1.0000 7.0000 6.0000 1.0000 0.0484 0.2501 1.5005 0.0349 0.0588 b 0.1130 1.7505 1.1921 1.1838 0.2041 0.2648 0.3377 0.2406 0.2106 0.2427 0.0000 0.0000 0.0000 
main 6.0000 1.0000 63.0000 10.0000 2.0000 10.0000 9.0000 2.0000 0.1034 0.2500 2.2504 0.0906 0.1145 b 0.1510 2.5004 1.1243 1.1160 0.3942 0.1686 0.2477 0.1616 0.1973 0.1701 0.3636 0.3903 0.1571 
main 6.0000 1.0000 9.0000 6.0000 0.0000 6.0000 5.0000 2.0000 0.0940 0.2508 1.2538 0.0906 0.1145 b 0.1790 1.5038 1.4952 1.4869 0.1909 0.2912 0.3962 0.1648 0.2107 0.0000 0.0000 0.0000 0.0000 
main 6.0000 1.0000 26.0000 5.0000 0.0000 5.0000 4.0000 1.0000 0.0548 0.2508 1.0034 0.0349 0.0588 b 0.1950 1.2534 1.4461 1.4378 0.2975 0.2687 0.1715 0.2657 0.0000 0.0000 0.0000 0.0000 0.0000 
main 6.0000 1.0000 39.0000 9.0000 1.0000 9.0000 8.0000 2.0000 0.0935 0.2505 2.0036 0.0906 0.1145 b 0.1380 2.2536 1.4932 1.4848 0.1530 0.2020 0.2890 0.3951 0.3558 0.1677 0.2806 0.1603 0.0000 
main 6.0000 1.0000 22.0000 4.0000 0.0000 4.0000 3.0000 0.0000 0.0000 0.2500 0.7500 0.0000 0.0000 b 0.2220 1.0000 1.0248 1.0165 0.2500 0.2500 0.2500 0.0000 0.0000 0.0000 0.0000 0.0000 0.0000 
main 6.0000 1.0000 40.0000 10.0000 2.0000 10.0000 9.0000 0.0000 0.0000 0.2500 2.2500 0.0000 0.0000 b 0.1740 2.5000 1.1227 1.1143 0.2500 0.2500 0.2500 0.2500 0.2500 0.2500 0.2500 0.2500 0.2500 
main 6.0000 1.0000 4.0000 5.0000 0.0000 5.0000 4.0000 0.0000 0.0000 0.2500 1.0000 0.0000 0.0000 b 0.1930 1.2500 1.1813 1.1730 0.2500 0.2500 0.2500 0.2500 0.0000 0.0000 0.0000 0.0000 0.0000 
main 6.0000 1.0000 2.0000 4.0000 0.0000 4.0000 3.0000 1.0000 0.0578 0.2484 0.7453 0.0349 0.0588 b 0.1950 0.9953 1.0378 1.0295 0.3065 0.2479 0.1910 0.0000 0.0000 0.0000 0.0000 0.0000 0.0000 
main 6.0000 1.0000 6.0000 5.0000 0.0000 5.0000 4.0000 2.0000 0.1066 0.2499 0.9995 0.0906 0.1145 b 0.1720 1.2495 1.2208 1.2125 0.2758 0.1608 0.3898 0.1732 0.0000 0.0000 0.0000 0.0000 0.0000 
main 6.0000 1.0000 23.0000 4.0000 0.0000 4.0000 3.0000 1.0000 0.0426 0.2492 0.7476 0.0349 0.0588 b 0.1780 0.9976 1.3780 1.3697 0.2497 0.2064 0.2915 0.0000 0.0000 0.0000 0.0000 0.0000 0.0000 
main 6.0000 1.0000 38.0000 9.0000 1.0000 9.0000 8.0000 1.0000 0.0537 0.2504 2.0029 0.0349 0.0588 b 0.1110 2.2529 1.0931 1.0847 0.2640 0.1827 0.2620 0.3303 0.2444 0.1834 0.3112 0.2249 0.0000 
main 6.0000 1.0000 5.0000 5.0000 0.0000 5.0000 4.0000 1.0000 0.0430 0.2497 0.9988 0.0349 0.0588 b 0.1610 1.2488 1.4523 1.4439 0.1956 0.2772 0.2354 0.2906 0.0000 0.0000 0.0000 0.0000 0.0000 
main 6.0000 1.0000 21.0000 10.0000 2.0000 10.0000 9.0000 2.0000 0.0919 0.2502 2.2521 0.0906 0.1145 b 0.1360 2.5021 1.4174 1.4091 0.2386 0.1718 0.2456 0.1897 0.3498 0.3953 0.1629 0.3467 0.1516 
main 6.0000 1.0000 52.0000 7.0000 1.0000 7.0000 6.0000 0.0000 0.0000 0.2500 1.5000 0.0000 0.0000 b 0.1300 1.7500 1.3542 1.3459 0.2500 0.2500 0.2500 0.2500 0.2500 0.2500 0.0000 0.0000 0.0000 
main 6.0000 1.0000 13.0000 8.0000 1.0000 8.0000 7.0000 0.0000 0.0000 0.2500 1.7500 0.0000 0.0000 b 0.1280 2.0000 1.0565 1.0481 0.2500 0.2500 0.2500 0.2500 0.2500 0.2500 0.2500 0.0000 0.0000 
main 6.0000 1.0000 36.0000 8.0000 1.0000 8.0000 7.0000 2.0000 0.0919 0.2496 1.7475 0.0906 0.1145 b 0.1650 1.9975 1.2139 1.2056 0.2115 0.3884 0.2235 0.1557 0.2221 0.1767 0.3696 0.0000 0.0000 
main 6.0000 1.0000 17.0000 9.0000 1.0000 9.0000 8.0000 1.0000 0.0576 0.2502 2.0013 0.0349 0.0588 b 0.1240 2.2513 1.4352 1.4269 0.2644 0.2103 0.2601 0.3242 0.1596 0.2323 0.3302 0.2201 0.0000 
main 6.0000 1.0000 24.0000 4.0000 0.0000 4.0000 3.0000 2.0000 0.1054 0.2513 0.7539 0.0906 0.1145 b 0.2050 1.0039 1.1089 1.1006 0.2132 0.3704 0.1702 0.0000 0.0000 0.0000 0.0000 0.0000 0.0000 
main 6.0000 1.0000 44.0000 4.0000 0.0000 4.0000 3.0000 1.0000 0.0402 0.2510 0.7531 0.0349 0.0588 b 0.2140 1.0031 1.0178 1.0094 0.2688 0.2050 0.2793 0.0000 0.0000 0.0000 0.0000 0.0000 0.0000 
main 6.0000 1.0000 16.0000 9.0000 1.0000 9.0000 8.0000 0.0000 0.0000 0.2500 2.0000 0.0000 0.0000 b 0.1850 2.2500 1.4912 1.4829 0.2500 0.2500 0.2500 0.2500 0.2500 0.2500 0.2500 0.2500 0.0000 
main 6.0000 1.0000 58.0000 9.0000 1.0000 9.0000 8.0000 0.0000 0.0000 0.2500 2.0000 0.0000 0.0000 b 0.1620 2.2500 1.2042 1.1959 0.2500 0.2500 0.2500 0.2500 0.2500 0.2500 0.2500 0.2500 0.0000 
main 6.0000 1.0000 30.0000 6.0000 0.0000 6.0000 5.0000 2.0000 0.0964 0.2500 1.2502 0.0906 0.1145 b 0.2450 1.5002 1.3417 1.3334 0.2473 0.1707 0.2883 0.1527 0.3912 0.0000 0.0000 0.0000 0.0000 
main 6.0000 1.0000 43.0000 4.0000 0.0000 4.0000 3.0000 0.0000 0.0000 0.2500 0.7500 0.0000 0.0000 b 0.2000 1.0000 1.1633 1.1549 0.2500 0.2500 0.2500 0.0000 0.0000 0.0000 0.0000 0.0000 0.0000 
main 6.0000 1.0000 29.0000 6.0000 0.0000 6.0000 5.0000 1.0000 0.0509 0.2491 1.2455 0.0349 0.0588 b 0.1590 1.4955 1.0020 0.9936 0.2153 0.2550 0.1992 0.3308 0.2452 0.0000 0.0000 0.0000 0.0000 
main 6.0000 1.0000 42.0000 10.0000 2.0000 10.0000 9.0000 2.0000 0.0976 0.2496 2.2461 0.0906 0.1145 b 0.1780 2.4961 1.2830 1.2746 0.1848 0.3762 0.1708 0.2085 0.3613 0.2149 0.1859 0.1507 0.3929 
main 6.0000 1.0000 31.0000 7.0000 1.0000 7.0000 6.0000 0.0000 0.0000 0.2500 1.5000 0.0000 0.0000 b 0.1570 1.7500 1.3103 1.3020 0.2500 0.2500 0.2500 0.2500 0.2500 0.2500 0.0000 0.0000 0.0000 
main 6.0000 1.0000 41.0000 10.0000 2.0000 10.0000 9.0000 1.0000 0.0473 0.2498 2.2479 0.0349 0.0588 b 0.1830 2.4979 1.1382 1.1299 0.2558 0.1515 0.2119 0.2762 0.3098 0.2659 0.2263 0.2885 0.2619 
main 6.0000 1.0000 7.0000 6.0000 0.0000 6.0000 5.0000 0.0000 0.0000 0.2500 1.2500 0.0000 0.0000 b 0.1790 1.5000 1.0658 1.0575 0.2500 0.2500 0.2500 0.2500 0.2500 0.0000 0.0000 0.0000 0.0000 
main 6.0000 1.0000 51.0000 6.0000 0.0000 6.0000 5.0000 2.0000 0.0908 0.2505 1.2524 0.0906 0.1145 b 0.1980 1.5024 1.3487 1.3403 0.3724 0.1540 0.2490 0.3037 0.1733 0.0000 0.0000 0.0000 0.0000 
main 6.0000 1.0000 34.0000 8.0000 1.0000 8.0000 7.0000 0.0000 0.0000 0.2500 1.7500 0.0000 0.0000 b 0.1670 2.0000 1.4500 1.4417 0.2500 0.2500 0.2500 0.2500 0.2500 0.2500 0.2500 0.0000 0.0000 
main 6.0000 1.0000 48.0000 5.0000 0.0000 5.0000 4.0000 2.0000 0.0931 0.2501 1.0003 0.0906 0.1145 b 0.2580 1.2503 1.4446 1.4362 0.3780 0.1886 0.2595 0.1742 0.0000 0.0000 0.0000 0.0000 0.0000 
main 6.0000 1.0000 11.0000 7.0000 1.0000 7.0000 6.0000 1.0000 0.0559 0.2498 1.4985 0.0349 0.0588 b 0.1650 1.7485 1.1484 1.1400 0.1975 0.3276 0.3022 0.1908 0.2254 0.2549 0.0000 0.0000 0.0000 
main 6.0000 1.0000 55.0000 8.0000 1.0000 8.0000 7.0000 0.0000 0.0000 0.2500 1.7500 0.0000 0.0000 b 0.1690 2.0000 1.3710 1.3627 0.2500 0.2500 0.2500 0.2500 0.2500 0.2500 0.2500 0.0000 0.0000 
main 6.0000 1.0000 62.0000 10.0000 2.0000 10.0000 9.0000 1.0000 0.0539 0.2501 2.2507 0.0349 0.0588 b 0.1620 2.5007 1.1349 1.1266 0.2694 0.1993 0.2780 0.2149 0.2703 0.1509 0.2843 0.2505 0.3331 
main 6.0000 2.0000 54.0000 7.0000 1.0000 7.0000 6.0000 2.0000 0.0920 0.2500 1.4997 0.0906 0.1145 b 0.1470 1.7497 1.3356 1.3273 0.1863 0.3893 0.1910 0.3224 0.1501 0.2606 0.0000 0.0000 0.0000 
main 6.0000 2.0000 7.0000 6.0000 0.0000 6.0000 5.0000 0.0000 0.0000 0.2500 1.2500 0.0000 0.0000 b 0.2130 1.5000 1.1980 1.1897 0.2500 0.2500 0.2500 0.2500 0.2500 0.0000 0.0000 0.0000 0.0000 
main 6.0000 2.0000 49.0000 6.0000 0.0000 6.0000 5.0000 0.0000 0.0000 0.2500 1.2500 0.0000 0.0000 b 0.1320 1.5000 1.2352 1.2269 0.2500 0.2500 0.2500 0.2500 0.2500 0.0000 0.0000 0.0000 0.0000 
main 6.0000 2.0000 6.0000 5.0000 0.0000 5.0000 4.0000 2.0000 0.1076 0.2490 0.9958 0.0906 0.1145 b 0.1230 1.2458 1.2892 1.2809 0.1837 0.3986 0.1592 0.2542 0.0000 0.0000 0.0000 0.0000 0.0000 
main 6.0000 2.0000 36.0000 8.0000 1.0000 8.0000 7.0000 2.0000 0.0974 0.2498 1.7489 0.0906 0.1145 b 0.1320 1.9989 1.1763 1.1680 0.3567 0.2315 0.3871 0.1511 0.2926 0.1519 0.1780 0.0000 0.0000 
main 6.0000 2.0000 12.0000 7.0000 1.0000 7.0000 6.0000 2.0000 0.0952 0.2505 1.5031 0.0906 0.1145 b 0.1170 1.7531 1.1320 1.1237 0.3776 0.1592 0.2721 0.1823 0.3443 0.1676 0.0000 0.0000 0.0000 
main 6.0000 2.0000 31.0000 7.0000 1.0000 7.0000 6.0000 0.0000 0.0000 0.2500 1.5000 0.0000 0.0000 b 0.1140 1.7500 1.0515 1.0431 0.2500 0.2500 0.2500 0.2500 0.2500 0.2500 0.0000 0.0000 0.0000 
main 6.0000 2.0000 29.0000 6.0000 0.0000 6.0000 5.0000 1.0000 0.0579 0.2501 1.2504 0.0349 0.0588 b 0.1400 1.5004 1.1811 1.1727 0.2374 0.3328 0.2394 0.1729 0.2679 0.0000 0.0000 0.0000 0.0000 
main 6.0000 2.0000 20.0000 10.0000 2.0000 10.0000 9.0000 1.0000 0.0485 0.2496 2.2466 0.0349 0.0588 b 0.1180 2.4966 1.1786 1.1703 0.2039 0.2567 0.3123 0.2251 0.1871 0.2324 0.3318 0.2728 0.2245 
main 6.0000 2.0000 22.0000 4.0000 0.0000 4.0000 3.0000 0.0000 0.0000 0.2500 0.7500 0.0000 0.0000 b 0.1310 1.0000 1.4370 1.4287 0.2500 0.2500 0.2500 0.0000 0.0000 0.0000 0.0000 0.0000 0.0000 
main 6.0000 2.0000 48.0000 5.0000 0.0000 5.0000 4.0000 2.0000 0.0984 0.2499 0.9998 0.0906 0.1145 b 0.0770 1.2498 1.2437 1.2354 0.2071 0.3939 0.2256 0.1732 0.0000 0.0000 0.0000 0.0000 0.0000 
main 6.0000 2.0000 38.0000 9.0000 1.0000 9.0000 8.0000 1.0000 0.0355 0.2496 1.9964 0.0349 0.0588 NA E 2.2464 1.4034 1.3951 0.2071 0.2554 0.2298 0.3087 0.2475 0.2869 0.2528 0.2083 0.0000 
main 6.0000 2.0000 40.0000 10.0000 2.0000 10.0000 9.0000 0.0000 0.0000 0.2500 2.2500 0.0000 0.0000 b 0.1350 2.5000 1.3422 1.3339 0.2500 0.2500 0.2500 0.2500 0.2500 0.2500 0.2500 0.2500 0.2500 
main 6.0000 2.0000 8.0000 6.0000 0.0000 6.0000 5.0000 1.0000 0.0492 0.2503 1.2513 0.0349 0.0588 b 0.1830 1.5013 1.4540 1.4457 0.2440 0.2876 0.2217 0.1882 0.3099 0.0000 0.0000 0.0000 0.0000 
main 6.0000 2.0000 16.0000 9.0000 1.0000 9.0000 8.0000 0.0000 0.0000 0.2500 2.0000 0.0000 0.0000 b 0.1550 2.2500 1.4877 1.4793 0.2500 0.2500 0.2500 0.2500 0.2500 0.2500 0.2500 0.2500 0.0000 
main 6.0000 2.0000 41.0000 10.0000 2.0000 10.0000 9.0000 1.0000 0.0509 0.2495 2.2457 0.0349 0.0588 b 0.1650 2.4957 1.1510 1.1427 0.2196 0.2796 0.1666 0.3259 0.2693 0.1942 0.2643 0.2306 0.2957 
main 6.0000 2.0000 58.0000 9.0000 1.0000 9.0000 8.0000 0.0000 0.0000 0.2500 2.0000 0.0000 0.0000 b 0.2010 2.2500 1.3410 1.3326 0.2500 0.2500 0.2500 0.2500 0.2500 0.2500 0.2500 0.2500 0.0000 
main 6.0000 2.0000 14.0000 8.0000 1.0000 8.0000 7.0000 1.0000 0.0579 0.2497 1.7480 0.0349 0.0588 b 0.1450 1.9980 1.0604 1.0520 0.2204 0.2767 0.1850 0.3039 0.2360 0.1892 0.3367 0.0000 0.0000 
main 6.0000 2.0000 21.0000 10.0000 2.0000 10.0000 9.0000 2.0000 0.0910 0.2495 2.2457 0.0906 0.1145 b 0.2130 2.4957 1.1079 1.0996 0.1578 0.3460 0.1743 0.2260 0.2855 0.1794 0.3349 0.3890 0.1528 
main 6.0000 2.0000 53.0000 7.0000 1.0000 7.0000 6.0000 1.0000 0.0562 0.2502 1.5013 0.0349 0.0588 b 0.2350 1.7513 1.3660 1.3577 0.2668 0.1842 0.2452 0.2931 0.3238 0.1880 0.0000 0.0000 0.0000 
main 6.0000 2.0000 28.0000 6.0000 0.0000 6.0000 5.0000 0.0000 0.0000 0.2500 1.2500 0.0000 0.0000 b 0.2890 1.5000 1.2165 1.2081 0.2500 0.2500 0.2500 0.2500 0.2500 0.0000 0.0000 0.0000 0.0000 
main 6.0000 2.0000 55.0000 8.0000 1.0000 8.0000 7.0000 0.0000 0.0000 0.2500 1.7500 0.0000 0.0000 b 0.1060 2.0000 1.4953 1.4869 0.2500 0.2500 0.2500 0.2500 0.2500 0.2500 0.2500 0.0000 0.0000 
main 6.0000 2.0000 3.0000 4.0000 0.0000 4.0000 3.0000 2.0000 0.1046 0.2506 0.7518 0.0906 0.1145 b 0.2100 1.0018 1.1506 1.1422 0.3603 0.2395 0.1519 0.0000 0.0000 0.0000 0.0000 0.0000 0.0000 
main 6.0000 2.0000 1.0000 4.0000 0.0000 4.0000 3.0000 0.0000 0.0000 0.2500 0.7500 0.0000 0.0000 b 0.1700 1.0000 1.4412 1.4329 0.2500 0.2500 0.2500 0.0000 0.0000 0.0000 0.0000 0.0000 0.0000 
main 6.0000 2.0000 57.0000 8.0000 1.0000 8.0000 7.0000 2.0000 0.0914 0.2497 1.7476 0.0906 0.1145 b 0.1600 1.9976 1.1463 1.1380 0.1508 0.3169 0.3919 0.1572 0.2231 0.1979 0.3098 0.0000 0.0000 
main 6.0000 2.0000 13.0000 8.0000 1.0000 8.0000 7.0000 0.0000 0.0000 0.2500 1.7500 0.0000 0.0000 b 0.1850 2.0000 1.4179 1.4095 0.2500 0.2500 0.2500 0.2500 0.2500 0.2500 0.2500 0.0000 0.0000 
main 6.0000 2.0000 45.0000 4.0000 0.0000 4.0000 3.0000 2.0000 0.0951 0.2501 0.7502 0.0906 0.1145 b 0.2660 1.0002 1.2826 1.2743 0.2374 0.1620 0.3508 0.0000 0.0000 0.0000 0.0000 0.0000 0.0000 
main 6.0000 2.0000 42.0000 10.0000 2.0000 10.0000 9.0000 2.0000 0.0913 0.2501 2.2508 0.0906 0.1145 b 0.2320 2.5008 1.2774 1.2691 0.3906 0.2890 0.2058 0.1807 0.2407 0.1591 0.3959 0.1571 0.2318 
main 6.0000 2.0000 61.0000 10.0000 2.0000 10.0000 9.0000 0.0000 0.0000 0.2500 2.2500 0.0000 0.0000 b 0.1640 2.5000 1.4209 1.4126 0.2500 0.2500 0.2500 0.2500 0.2500 0.2500 0.2500 0.2500 0.2500 
main 6.0000 2.0000 27.0000 5.0000 0.0000 5.0000 4.0000 2.0000 0.1005 0.2488 0.9951 0.0906 0.1145 b 0.2460 1.2451 1.0177 1.0094 0.1920 0.1628 0.3889 0.2514 0.0000 0.0000 0.0000 0.0000 0.0000 
main 6.0000 2.0000 51.0000 6.0000 0.0000 6.0000 5.0000 2.0000 0.1001 0.2508 1.2542 0.0906 0.1145 b 0.1810 1.5042 1.3760 1.3677 0.3030 0.1607 0.3954 0.2340 0.1611 0.0000 0.0000 0.0000 0.0000 
main 6.0000 2.0000 26.0000 5.0000 0.0000 5.0000 4.0000 1.0000 0.0533 0.2496 0.9986 0.0349 0.0588 b 0.1800 1.2486 1.2766 1.2683 0.2233 0.2507 0.3236 0.2010 0.0000 0.0000 0.0000 0.0000 0.0000 
main 6.0000 2.0000 15.0000 8.0000 1.0000 8.0000 7.0000 2.0000 0.0953 0.2495 1.7464 0.0906 0.1145 b 0.1790 1.9964 1.4420 1.4337 0.1701 0.2154 0.3560 0.1537 0.3405 0.1602 0.3507 0.0000 0.0000 
main 6.0000 2.0000 59.0000 9.0000 1.0000 9.0000 8.0000 1.0000 0.0529 0.2503 2.0022 0.0349 0.0588 b 0.1650 2.2522 1.3871 1.3787 0.2858 0.2461 0.2993 0.1826 0.2758 0.1751 0.3151 0.2223 0.0000 
main 6.0000 2.0000 19.0000 10.0000 2.0000 10.0000 9.0000 0.0000 0.0000 0.2500 2.2500 0.0000 0.0000 b 0.1850 2.5000 1.3392 1.3308 0.2500 0.2500 0.2500 0.2500 0.2500 0.2500 0.2500 0.2500 0.2500 
main 6.0000 2.0000 32.0000 7.0000 1.0000 7.0000 6.0000 1.0000 0.0562 0.2498 1.4987 0.0349 0.0588 b 0.1880 1.7487 1.4200 1.4117 0.1815 0.2696 0.2979 0.2685 0.3035 0.1778 0.0000 0.0000 0.0000 
main 6.0000 2.0000 18.0000 9.0000 1.0000 9.0000 8.0000 2.0000 0.0915 0.2497 1.9975 0.0906 0.1145 b 0.1910 2.2475 1.3570 1.3486 0.1725 0.2651 0.3830 0.2175 0.3660 0.1548 0.2874 0.1512 0.0000 
main 6.0000 2.0000 25.0000 5.0000 0.0000 5.0000 4.0000 0.0000 0.0000 0.2500 1.0000 0.0000 0.0000 b 0.2430 1.2500 1.3032 1.2948 0.2500 0.2500 0.2500 0.2500 0.0000 0.0000 0.0000 0.0000 0.0000 
main 6.0000 2.0000 11.0000 7.0000 1.0000 7.0000 6.0000 1.0000 0.0442 0.2506 1.5039 0.0349 0.0588 b 0.1470 1.7539 1.2208 1.2124 0.2388 0.3239 0.2126 0.2611 0.2010 0.2665 0.0000 0.0000 0.0000 
main 6.0000 2.0000 10.0000 7.0000 1.0000 7.0000 6.0000 0.0000 0.0000 0.2500 1.5000 0.0000 0.0000 b 0.1420 1.7500 1.1047 1.0963 0.2500 0.2500 0.2500 0.2500 0.2500 0.2500 0.0000 0.0000 0.0000 
main 6.0000 2.0000 30.0000 6.0000 0.0000 6.0000 5.0000 2.0000 0.0916 0.2506 1.2531 0.0906 0.1145 b 0.1240 1.5031 1.0237 1.0154 0.2584 0.3501 0.1577 0.3296 0.1572 0.0000 0.0000 0.0000 0.0000 
main 6.0000 2.0000 35.0000 8.0000 1.0000 8.0000 7.0000 1.0000 0.0491 0.2499 1.7490 0.0349 0.0588 b 0.1370 1.9990 1.0108 1.0025 0.2374 0.2753 0.2419 0.2012 0.2863 0.1831 0.3237 0.0000 0.0000 
main 6.0000 2.0000 4.0000 5.0000 0.0000 5.0000 4.0000 0.0000 0.0000 0.2500 1.0000 0.0000 0.0000 b 0.1520 1.2500 1.3230 1.3146 0.2500 0.2500 0.2500 0.2500 0.0000 0.0000 0.0000 0.0000 0.0000 
main 6.0000 2.0000 23.0000 4.0000 0.0000 4.0000 3.0000 1.0000 0.0525 0.2511 0.7532 0.0349 0.0588 b 0.1700 1.0032 1.0759 1.0676 0.1924 0.2937 0.2670 0.0000 0.0000 0.0000 0.0000 0.0000 0.0000 
main 6.0000 2.0000 56.0000 8.0000 1.0000 8.0000 7.0000 1.0000 0.0586 0.2494 1.7455 0.0349 0.0588 b 0.1660 1.9955 1.3939 1.3855 0.2601 0.3499 0.2849 0.1664 0.2201 0.2514 0.2128 0.0000 0.0000 
main 6.0000 2.0000 2.0000 4.0000 0.0000 4.0000 3.0000 1.0000 0.0444 0.2490 0.7470 0.0349 0.0588 b 0.1640 0.9970 1.0123 1.0039 0.2386 0.2107 0.2976 0.0000 0.0000 0.0000 0.0000 0.0000 0.0000 
main 6.0000 2.0000 33.0000 7.0000 1.0000 7.0000 6.0000 2.0000 0.0948 0.2505 1.5028 0.0906 0.1145 b 0.1560 1.7528 1.3253 1.3170 0.1986 0.1640 0.3420 0.1625 0.2486 0.3872 0.0000 0.0000 0.0000 
main 6.0000 2.0000 5.0000 5.0000 0.0000 5.0000 4.0000 1.0000 0.0445 0.2505 1.0018 0.0349 0.0588 b 0.1470 1.2518 1.3239 1.3156 0.1974 0.2685 0.3010 0.2349 0.0000 0.0000 0.0000 0.0000 0.0000 
main 6.0000 2.0000 62.0000 10.0000 2.0000 10.0000 9.0000 1.0000 0.0562 0.2497 2.2473 0.0349 0.0588 NA E 2.4973 1.0870 1.0787 0.2674 0.1765 0.2406 0.3238 0.1799 0.2104 0.2941 0.2321 0.3226 
main 6.0000 2.0000 17.0000 9.0000 1.0000 9.0000 8.0000 1.0000 0.0532 0.2496 1.9970 0.0349 0.0588 b 0.2400 2.2470 1.2329 1.2246 0.3151 0.2272 0.2623 0.2353 0.2972 0.2110 0.1552 0.2937 0.0000 
main 6.0000 2.0000 46.0000 5.0000 0.0000 5.0000 4.0000 0.0000 0.0000 0.2500 1.0000 0.0000 0.0000 b 0.1750 1.2500 1.0049 0.9966 0.2500 0.2500 0.2500 0.2500 0.0000 0.0000 0.0000 0.0000 0.0000 
main 6.0000 2.0000 63.0000 10.0000 2.0000 10.0000 9.0000 2.0000 0.0963 0.2505 2.2544 0.0906 0.1145 b 0.1460 2.5044 1.4393 1.4310 0.1547 0.2242 0.3922 0.3490 0.2298 0.1732 0.2025 0.3773 0.1514 
main 6.0000 2.0000 60.0000 9.0000 1.0000 9.0000 8.0000 2.0000 0.0935 0.2495 1.9963 0.0906 0.1145 b 0.1900 2.2463 1.1136 1.1052 0.1558 0.2674 0.3856 0.2104 0.3848 0.1802 0.2568 0.1551 0.0000 
main 6.0000 2.0000 47.0000 5.0000 0.0000 5.0000 4.0000 1.0000 0.0494 0.2489 0.9956 0.0349 0.0588 b 0.2070 1.2456 1.1751 1.1668 0.2551 0.2048 0.3159 0.2198 0.0000 0.0000 0.0000 0.0000 0.0000 
main 6.0000 2.0000 52.0000 7.0000 1.0000 7.0000 6.0000 0.0000 0.0000 0.2500 1.5000 0.0000 0.0000 b 0.1950 1.7500 1.3640 1.3556 0.2500 0.2500 0.2500 0.2500 0.2500 0.2500 0.0000 0.0000 0.0000 
main 6.0000 2.0000 9.0000 6.0000 0.0000 6.0000 5.0000 2.0000 0.0952 0.2491 1.2456 0.0906 0.1145 b 0.1670 1.4956 1.3059 1.2976 0.1563 0.3098 0.2459 0.3747 0.1588 0.0000 0.0000 0.0000 0.0000 
main 6.0000 2.0000 24.0000 4.0000 0.0000 4.0000 3.0000 2.0000 0.1085 0.2491 0.7472 0.0906 0.1145 b 0.2130 0.9972 1.3211 1.3128 0.2215 0.1571 0.3687 0.0000 0.0000 0.0000 0.0000 0.0000 0.0000 
main 6.0000 2.0000 50.0000 6.0000 0.0000 6.0000 5.0000 1.0000 0.0553 0.2495 1.2476 0.0349 0.0588 b 0.2360 1.4976 1.1706 1.1623 0.2585 0.1938 0.3285 0.1995 0.2672 0.0000 0.0000 0.0000 0.0000 
main 6.0000 2.0000 43.0000 4.0000 0.0000 4.0000 3.0000 0.0000 0.0000 0.2500 0.7500 0.0000 0.0000 b 0.1750 1.0000 1.4081 1.3998 0.2500 0.2500 0.2500 0.0000 0.0000 0.0000 0.0000 0.0000 0.0000 
main 6.0000 2.0000 34.0000 8.0000 1.0000 8.0000 7.0000 0.0000 0.0000 0.2500 1.7500 0.0000 0.0000 b 0.1380 2.0000 1.1657 1.1574 0.2500 0.2500 0.2500 0.2500 0.2500 0.2500 0.2500 0.0000 0.0000 
main 6.0000 2.0000 44.0000 4.0000 0.0000 4.0000 3.0000 1.0000 0.0549 0.2499 0.7498 0.0349 0.0588 b 0.3210 0.9998 1.1919 1.1836 0.1883 0.2678 0.2937 0.0000 0.0000 0.0000 0.0000 0.0000 0.0000 
main 6.0000 2.0000 39.0000 9.0000 1.0000 9.0000 8.0000 2.0000 0.0907 0.2498 1.9987 0.0906 0.1145 b 0.1680 2.2487 1.0453 1.0370 0.1626 0.1963 0.3372 0.1566 0.3832 0.1700 0.3302 0.2626 0.0000 
main 6.0000 2.0000 37.0000 9.0000 1.0000 9.0000 8.0000 0.0000 0.0000 0.2500 2.0000 0.0000 0.0000 b 0.1600 2.2500 1.2661 1.2578 0.2500 0.2500 0.2500 0.2500 0.2500 0.2500 0.2500 0.2500 0.0000 
main 6.0000 3.0000 18.0000 9.0000 1.0000 9.0000 8.0000 2.0000 0.0971 0.2494 1.9955 0.0906 0.1145 b 0.2580 2.2455 1.0283 1.0200 0.3511 0.1572 0.1908 0.3505 0.1735 0.2100 0.1714 0.3911 0.0000 
main 6.0000 3.0000 38.0000 9.0000 1.0000 9.0000 8.0000 1.0000 0.0522 0.2494 1.9953 0.0349 0.0588 b 0.1660 2.2453 1.2390 1.2307 0.2968 0.2046 0.2394 0.1517 0.2897 0.2452 0.3080 0.2599 0.0000 
main 6.0000 3.0000 36.0000 8.0000 1.0000 8.0000 7.0000 2.0000 0.0911 0.2496 1.7475 0.0906 0.1145 b 0.1630 1.9975 1.1640 1.1556 0.3461 0.3976 0.2061 0.2425 0.1680 0.2370 0.1504 0.0000 0.0000 
main 6.0000 3.0000 62.0000 10.0000 2.0000 10.0000 9.0000 1.0000 0.0520 0.2496 2.2466 0.0349 0.0588 b 0.1660 2.4966 1.1232 1.1148 0.2764 0.2235 0.1694 0.2828 0.1857 0.3306 0.2806 0.2250 0.2726 
main 6.0000 3.0000 41.0000 10.0000 2.0000 10.0000 9.0000 1.0000 0.0460 0.2497 2.2473 0.0349 0.0588 NA E 2.4973 1.0373 1.0290 0.2209 0.1858 0.2669 0.3061 0.2728 0.1867 0.2821 0.2268 0.2993 
main 6.0000 3.0000 15.0000 8.0000 1.0000 8.0000 7.0000 2.0000 0.0971 0.2507 1.7549 0.0906 0.1145 b 0.2710 2.0049 1.3586 1.3502 0.3935 0.1720 0.1987 0.3415 0.1505 0.3164 0.1822 0.0000 0.0000 
main 6.0000 3.0000 61.0000 10.0000 2.0000 10.0000 9.0000 0.0000 0.0000 0.2500 2.2500 0.0000 0.0000 b 0.1540 2.5000 1.4082 1.3999 0.2500 0.2500 0.2500 0.2500 0.2500 0.2500 0.2500 0.2500 0.2500 
main 6.0000 3.0000 8.0000 6.0000 0.0000 6.0000 5.0000 1.0000 0.0409 0.2504 1.2520 0.0349 0.0588 b 0.1980 1.5020 1.1850 1.1767 0.3109 0.2455 0.2080 0.2676 0.2201 0.0000 0.0000 0.0000 0.0000 
main 6.0000 3.0000 33.0000 7.0000 1.0000 7.0000 6.0000 2.0000 0.1009 0.2493 1.4957 0.0906 0.1145 b 0.1840 1.7457 1.2543 1.2460 0.2508 0.1600 0.3409 0.3988 0.1873 0.1579 0.0000 0.0000 0.0000 
main 6.0000 3.0000 12.0000 7.0000 1.0000 7.0000 6.0000 2.0000 0.0912 0.2498 1.4989 0.0906 0.1145 b 0.1670 1.7489 1.3514 1.3430 0.3730 0.2254 0.1730 0.2217 0.3506 0.1552 0.0000 0.0000 0.0000 
main 6.0000 3.0000 57.0000 8.0000 1.0000 8.0000 7.0000 2.0000 0.0916 0.2502 1.7511 0.0906 0.1145 b 0.1660 2.0011 1.4607 1.4524 0.3901 0.2083 0.1645 0.2704 0.1985 0.3555 0.1638 0.0000 0.0000 
main 6.0000 3.0000 7.0000 6.0000 0.0000 6.0000 5.0000 0.0000 0.0000 0.2500 1.2500 0.0000 0.0000 b 0.1380 1.5000 1.3083 1.3000 0.2500 0.2500 0.2500 0.2500 0.2500 0.0000 0.0000 0.0000 0.0000 
main 6.0000 3.0000 31.0000 7.0000 1.0000 7.0000 6.0000 0.0000 0.0000 0.2500 1.5000 0.0000 0.0000 b 0.1490 1.7500 1.0659 1.0575 0.2500 0.2500 0.2500 0.2500 0.2500 0.2500 0.0000 0.0000 0.0000 
main 6.0000 3.0000 54.0000 7.0000 1.0000 7.0000 6.0000 2.0000 0.0987 0.2495 1.4972 0.0906 0.1145 b 0.1690 1.7472 1.2507 1.2424 0.3561 0.1745 0.3873 0.2318 0.1518 0.1956 0.0000 0.0000 0.0000 
main 6.0000 3.0000 4.0000 5.0000 0.0000 5.0000 4.0000 0.0000 0.0000 0.2500 1.0000 0.0000 0.0000 b 0.1930 1.2500 1.1020 1.0937 0.2500 0.2500 0.2500 0.2500 0.0000 0.0000 0.0000 0.0000 0.0000 
main 6.0000 3.0000 27.0000 5.0000 0.0000 5.0000 4.0000 2.0000 0.1017 0.2500 0.9999 0.0906 0.1145 b 0.2000 1.2499 1.0093 1.0010 0.3786 0.2822 0.1853 0.1538 0.0000 0.0000 0.0000 0.0000 0.0000 
main 6.0000 3.0000 5.0000 5.0000 0.0000 5.0000 4.0000 1.0000 0.0394 0.2507 1.0028 0.0349 0.0588 b 0.1750 1.2528 1.0944 1.0860 0.2768 0.2362 0.2879 0.2019 0.0000 0.0000 0.0000 0.0000 0.0000 
main 6.0000 3.0000 2.0000 4.0000 0.0000 4.0000 3.0000 1.0000 0.0536 0.2513 0.7539 0.0349 0.0588 b 0.1960 1.0039 1.3604 1.3521 0.2641 0.2974 0.1925 0.0000 0.0000 0.0000 0.0000 0.0000 0.0000 
main 6.0000 3.0000 60.0000 9.0000 1.0000 9.0000 8.0000 2.0000 0.0926 0.2496 1.9967 0.0906 0.1145 b 0.2070 2.2467 1.1089 1.1006 0.1905 0.2325 0.1732 0.3833 0.1845 0.3828 0.1564 0.2934 0.0000 
main 6.0000 3.0000 50.0000 6.0000 0.0000 6.0000 5.0000 1.0000 0.0424 0.2504 1.2522 0.0349 0.0588 b 0.1850 1.5022 1.0899 1.0815 0.2355 0.1903 0.2622 0.3067 0.2574 0.0000 0.0000 0.0000 0.0000 
main 6.0000 3.0000 23.0000 4.0000 0.0000 4.0000 3.0000 1.0000 0.0461 0.2498 0.7494 0.0349 0.0588 b 0.2070 0.9994 1.1374 1.1291 0.2028 0.2517 0.2949 0.0000 0.0000 0.0000 0.0000 0.0000 0.0000 
main 6.0000 3.0000 59.0000 9.0000 1.0000 9.0000 8.0000 1.0000 0.0568 0.2503 2.0023 0.0349 0.0588 b 0.1740 2.2523 1.2931 1.2848 0.3148 0.2128 0.1559 0.2388 0.2793 0.2124 0.2636 0.3246 0.0000 
main 6.0000 3.0000 34.0000 8.0000 1.0000 8.0000 7.0000 0.0000 0.0000 0.2500 1.7500 0.0000 0.0000 b 0.1420 2.0000 1.0843 1.0759 0.2500 0.2500 0.2500 0.2500 0.2500 0.2500 0.2500 0.0000 0.0000 
main 6.0000 3.0000 16.0000 9.0000 1.0000 9.0000 8.0000 0.0000 0.0000 0.2500 2.0000 0.0000 0.0000 b 0.1670 2.2500 1.4414 1.4331 0.2500 0.2500 0.2500 0.2500 0.2500 0.2500 0.2500 0.2500 0.0000 
main 6.0000 3.0000 47.0000 5.0000 0.0000 5.0000 4.0000 1.0000 0.0389 0.2503 1.0011 0.0349 0.0588 b 0.1890 1.2511 1.3510 1.3427 0.1996 0.2623 0.2929 0.2464 0.0000 0.0000 0.0000 0.0000 0.0000 
main 6.0000 3.0000 49.0000 6.0000 0.0000 6.0000 5.0000 0.0000 0.0000 0.2500 1.2500 0.0000 0.0000 b 0.1570 1.5000 1.0026 0.9942 0.2500 0.2500 0.2500 0.2500 0.2500 0.0000 0.0000 0.0000 0.0000 
main 6.0000 3.0000 43.0000 4.0000 0.0000 4.0000 3.0000 0.0000 0.0000 0.2500 0.7500 0.0000 0.0000 b 0.2650 1.0000 1.0237 1.0154 0.2500 0.2500 0.2500 0.0000 0.0000 0.0000 0.0000 0.0000 0.0000 
main 6.0000 3.0000 63.0000 10.0000 2.0000 10.0000 9.0000 2.0000 0.0967 0.2505 2.2549 0.0906 0.1145 b 0.1340 2.5049 1.1022 1.0938 0.1696 0.2062 0.3919 0.2872 0.3550 0.1537 0.1808 0.1556 0.3547 
main 6.0000 3.0000 46.0000 5.0000 0.0000 5.0000 4.0000 0.0000 0.0000 0.2500 1.0000 0.0000 0.0000 b 0.2200 1.2500 1.4959 1.4875 0.2500 0.2500 0.2500 0.2500 0.0000 0.0000 0.0000 0.0000 0.0000 
main 6.0000 3.0000 39.0000 9.0000 1.0000 9.0000 8.0000 2.0000 0.0976 0.2497 1.9975 0.0906 0.1145 b 0.1710 2.2475 1.4819 1.4736 0.1589 0.3315 0.1979 0.1677 0.1960 0.3744 0.1824 0.3887 0.0000 
main 6.0000 3.0000 44.0000 4.0000 0.0000 4.0000 3.0000 1.0000 0.0491 0.2491 0.7472 0.0349 0.0588 b 0.2350 0.9972 1.1267 1.1184 0.2520 0.2967 0.1985 0.0000 0.0000 0.0000 0.0000 0.0000 0.0000 
main 6.0000 3.0000 11.0000 7.0000 1.0000 7.0000 6.0000 1.0000 0.0499 0.2503 1.5017 0.0349 0.0588 b 0.1530 1.7517 1.1342 1.1259 0.2988 0.2542 0.1783 0.2111 0.3084 0.2509 0.0000 0.0000 0.0000 
main 6.0000 3.0000 32.0000 7.0000 1.0000 7.0000 6.0000 1.0000 0.0516 0.2503 1.5016 0.0349 0.0588 b 0.1490 1.7516 1.4538 1.4455 0.2456 0.1848 0.3217 0.2728 0.1988 0.2778 0.0000 0.0000 0.0000 
main 6.0000 3.0000 48.0000 5.0000 0.0000 5.0000 4.0000 2.0000 0.0923 0.2496 0.9983 0.0906 0.1145 b 0.1800 1.2483 1.0997 1.0913 0.3150 0.1756 0.3425 0.1651 0.0000 0.0000 0.0000 0.0000 0.0000 
main 6.0000 3.0000 37.0000 9.0000 1.0000 9.0000 8.0000 0.0000 0.0000 0.2500 2.0000 0.0000 0.0000 b 0.1750 2.2500 1.1362 1.1279 0.2500 0.2500 0.2500 0.2500 0.2500 0.2500 0.2500 0.2500 0.0000 
main 6.0000 3.0000 22.0000 4.0000 0.0000 4.0000 3.0000 0.0000 0.0000 0.2500 0.7500 0.0000 0.0000 b 0.2000 1.0000 1.4911 1.4827 0.2500 0.2500 0.2500 0.0000 0.0000 0.0000 0.0000 0.0000 0.0000 
main 6.0000 3.0000 30.0000 6.0000 0.0000 6.0000 5.0000 2.0000 0.1097 0.2494 1.2468 0.0906 0.1145 b 0.1940 1.4968 1.1228 1.1144 0.1717 0.3710 0.1877 0.3662 0.1502 0.0000 0.0000 0.0000 0.0000 
main 6.0000 3.0000 51.0000 6.0000 0.0000 6.0000 5.0000 2.0000 0.0931 0.2503 1.2515 0.0906 0.1145 b 0.2220 1.5015 1.4394 1.4311 0.3927 0.1673 0.2320 0.2859 0.1735 0.0000 0.0000 0.0000 0.0000 
main 6.0000 3.0000 35.0000 8.0000 1.0000 8.0000 7.0000 1.0000 0.0537 0.2505 1.7535 0.0349 0.0588 b 0.2020 2.0035 1.1798 1.1715 0.2355 0.3287 0.2280 0.1824 0.3160 0.2114 0.2516 0.0000 0.0000 
main 6.0000 3.0000 14.0000 8.0000 1.0000 8.0000 7.0000 1.0000 0.0552 0.2495 1.7466 0.0349 0.0588 b 0.1880 1.9966 1.2613 1.2530 0.2878 0.2269 0.1876 0.3177 0.2587 0.2942 0.1737 0.0000 0.0000 
main 6.0000 3.0000 19.0000 10.0000 2.0000 10.0000 9.0000 0.0000 0.0000 0.2500 2.2500 0.0000 0.0000 b 0.1610 2.5000 1.3851 1.3768 0.2500 0.2500 0.2500 0.2500 0.2500 0.2500 0.2500 0.2500 0.2500 
main 6.0000 3.0000 21.0000 10.0000 2.0000 10.0000 9.0000 2.0000 0.0916 0.2500 2.2500 0.0906 0.1145 b 0.1670 2.5000 1.2075 1.1992 0.1541 0.3856 0.1523 0.2669 0.1971 0.2682 0.3980 0.1817 0.2461 
main 6.0000 3.0000 53.0000 7.0000 1.0000 7.0000 6.0000 1.0000 0.0544 0.2496 1.4979 0.0349 0.0588 b 0.1520 1.7479 1.1177 1.1093 0.3259 0.2532 0.2944 0.1774 0.2099 0.2371 0.0000 0.0000 0.0000 
main 6.0000 3.0000 52.0000 7.0000 1.0000 7.0000 6.0000 0.0000 0.0000 0.2500 1.5000 0.0000 0.0000 b 0.1760 1.7500 1.0019 0.9936 0.2500 0.2500 0.2500 0.2500 0.2500 0.2500 0.0000 0.0000 0.0000 
main 6.0000 3.0000 25.0000 5.0000 0.0000 5.0000 4.0000 0.0000 0.0000 0.2500 1.0000 0.0000 0.0000 b 0.1760 1.2500 1.3778 1.3694 0.2500 0.2500 0.2500 0.2500 0.0000 0.0000 0.0000 0.0000 0.0000 
main 6.0000 3.0000 24.0000 4.0000 0.0000 4.0000 3.0000 2.0000 0.0965 0.2493 0.7478 0.0906 0.1145 b 0.3070 0.9978 1.4302 1.4218 0.1643 0.2294 0.3542 0.0000 0.0000 0.0000 0.0000 0.0000 0.0000 
main 6.0000 3.0000 28.0000 6.0000 0.0000 6.0000 5.0000 0.0000 0.0000 0.2500 1.2500 0.0000 0.0000 b 0.1670 1.5000 1.3801 1.3718 0.2500 0.2500 0.2500 0.2500 0.2500 0.0000 0.0000 0.0000 0.0000 
main 6.0000 3.0000 13.0000 8.0000 1.0000 8.0000 7.0000 0.0000 0.0000 0.2500 1.7500 0.0000 0.0000 b 0.1420 2.0000 1.2773 1.2690 0.2500 0.2500 0.2500 0.2500 0.2500 0.2500 0.2500 0.0000 0.0000 
main 6.0000 3.0000 45.0000 4.0000 0.0000 4.0000 3.0000 2.0000 0.0962 0.2486 0.7459 0.0906 0.1145 b 0.2740 0.9959 1.4438 1.4355 0.2109 0.3580 0.1770 0.0000 0.0000 0.0000 0.0000 0.0000 0.0000 
main 6.0000 3.0000 40.0000 10.0000 2.0000 10.0000 9.0000 0.0000 0.0000 0.2500 2.2500 0.0000 0.0000 b 0.1760 2.5000 1.3665 1.3582 0.2500 0.2500 0.2500 0.2500 0.2500 0.2500 0.2500 0.2500 0.2500 
main 6.0000 3.0000 29.0000 6.0000 0.0000 6.0000 5.0000 1.0000 0.0494 0.2494 1.2472 0.0349 0.0588 b 0.1470 1.4972 1.0601 1.0518 0.2971 0.1795 0.2656 0.2185 0.2865 0.0000 0.0000 0.0000 0.0000 
main 6.0000 3.0000 58.0000 9.0000 1.0000 9.0000 8.0000 0.0000 0.0000 0.2500 2.0000 0.0000 0.0000 b 0.1730 2.2500 1.4267 1.4184 0.2500 0.2500 0.2500 0.2500 0.2500 0.2500 0.2500 0.2500 0.0000 
main 6.0000 3.0000 1.0000 4.0000 0.0000 4.0000 3.0000 0.0000 0.0000 0.2500 0.7500 0.0000 0.0000 b 0.2870 1.0000 1.4739 1.4656 0.2500 0.2500 0.2500 0.0000 0.0000 0.0000 0.0000 0.0000 0.0000 
main 6.0000 3.0000 3.0000 4.0000 0.0000 4.0000 3.0000 2.0000 0.1131 0.2498 0.7494 0.0906 0.1145 b 0.2060 0.9994 1.4010 1.3926 0.2201 0.3748 0.1546 0.0000 0.0000 0.0000 0.0000 0.0000 0.0000 
main 6.0000 3.0000 26.0000 5.0000 0.0000 5.0000 4.0000 1.0000 0.0426 0.2509 1.0038 0.0349 0.0588 b 0.1580 1.2538 1.4522 1.4439 0.2036 0.2996 0.2708 0.2297 0.0000 0.0000 0.0000 0.0000 0.0000 
main 6.0000 3.0000 9.0000 6.0000 0.0000 6.0000 5.0000 2.0000 0.0969 0.2500 1.2502 0.0906 0.1145 b 0.1830 1.5002 1.2335 1.2252 0.3304 0.3665 0.1526 0.2399 0.1608 0.0000 0.0000 0.0000 0.0000 
main 6.0000 3.0000 55.0000 8.0000 1.0000 8.0000 7.0000 0.0000 0.0000 0.2500 1.7500 0.0000 0.0000 b 0.1850 2.0000 1.2571 1.2488 0.2500 0.2500 0.2500 0.2500 0.2500 0.2500 0.2500 0.0000 0.0000 
main 6.0000 3.0000 10.0000 7.0000 1.0000 7.0000 6.0000 0.0000 0.0000 0.2500 1.5000 0.0000 0.0000 b 0.1810 1.7500 1.2989 1.2906 0.2500 0.2500 0.2500 0.2500 0.2500 0.2500 0.0000 0.0000 0.0000 
main 6.0000 3.0000 17.0000 9.0000 1.0000 9.0000 8.0000 1.0000 0.0501 0.2505 2.0044 0.0349 0.0588 b 0.1310 2.2544 1.0211 1.0127 0.2566 0.2255 0.3379 0.2806 0.2323 0.2828 0.1758 0.2129 0.0000 
main 6.0000 3.0000 56.0000 8.0000 1.0000 8.0000 7.0000 1.0000 0.0471 0.2497 1.7481 0.0349 0.0588 b 0.2180 1.9981 1.2633 1.2549 0.2835 0.1881 0.3091 0.2801 0.2390 0.1887 0.2595 0.0000 0.0000 
main 6.0000 3.0000 42.0000 10.0000 2.0000 10.0000 9.0000 2.0000 0.0913 0.2498 2.2484 0.0906 0.1145 b 0.1700 2.4984 1.1003 1.0920 0.2181 0.1649 0.2788 0.2188 0.3883 0.1562 0.3956 0.2634 0.1644 
main 6.0000 3.0000 6.0000 5.0000 0.0000 5.0000 4.0000 2.0000 0.0919 0.2506 1.0023 0.0906 0.1145 b 0.2390 1.2523 1.0737 1.0653 0.3426 0.1593 0.1849 0.3155 0.0000 0.0000 0.0000 0.0000 0.0000 
main 6.0000 3.0000 20.0000 10.0000 2.0000 10.0000 9.0000 1.0000 0.0423 0.2497 2.2473 0.0349 0.0588 b 0.1520 2.4973 1.0726 1.0643 0.2874 0.2141 0.2667 0.3084 0.2452 0.2830 0.2507 0.1741 0.2175 
main 6.0000 4.0000 57.0000 8.0000 1.0000 8.0000 7.0000 2.0000 0.0969 0.2502 1.7511 0.0906 0.1145 b 0.2170 2.0011 1.2601 1.2518 0.1950 0.3922 0.1824 0.2570 0.1925 0.3771 0.1549 0.0000 0.0000 
main 6.0000 4.0000 32.0000 7.0000 1.0000 7.0000 6.0000 1.0000 0.0584 0.2504 1.5024 0.0349 0.0588 b 0.1320 1.7524 1.2433 1.2350 0.2828 0.1827 0.3179 0.1888 0.3013 0.2289 0.0000 0.0000 0.0000 
main 6.0000 4.0000 37.0000 9.0000 1.0000 9.0000 8.0000 0.0000 0.0000 0.2500 2.0000 0.0000 0.0000 b 0.1790 2.2500 1.2491 1.2408 0.2500 0.2500 0.2500 0.2500 0.2500 0.2500 0.2500 0.2500 0.0000 
main 6.0000 4.0000 48.0000 5.0000 0.0000 5.0000 4.0000 2.0000 0.0943 0.2498 0.9990 0.0906 0.1145 b 0.1830 1.2490 1.1520 1.1437 0.1596 0.3724 0.2724 0.1947 0.0000 0.0000 0.0000 0.0000 0.0000 
main 6.0000 4.0000 55.0000 8.0000 1.0000 8.0000 7.0000 0.0000 0.0000 0.2500 1.7500 0.0000 0.0000 b 0.1400 2.0000 1.1579 1.1496 0.2500 0.2500 0.2500 0.2500 0.2500 0.2500 0.2500 0.0000 0.0000 
main 6.0000 4.0000 56.0000 8.0000 1.0000 8.0000 7.0000 1.0000 0.0518 0.2499 1.7496 0.0349 0.0588 b 0.1630 1.9996 1.1447 1.1363 0.2735 0.2327 0.2613 0.2116 0.3489 0.1905 0.2312 0.0000 0.0000 
main 6.0000 4.0000 22.0000 4.0000 0.0000 4.0000 3.0000 0.0000 0.0000 0.2500 0.7500 0.0000 0.0000 b 0.1730 1.0000 1.2810 1.2727 0.2500 0.2500 0.2500 0.0000 0.0000 0.0000 0.0000 0.0000 0.0000 
main 6.0000 4.0000 53.0000 7.0000 1.0000 7.0000 6.0000 1.0000 0.0571 0.2493 1.4956 0.0349 0.0588 b 0.1370 1.7456 1.0302 1.0219 0.2069 0.2852 0.2502 0.3050 0.1576 0.2907 0.0000 0.0000 0.0000 
main 6.0000 4.0000 51.0000 6.0000 0.0000 6.0000 5.0000 2.0000 0.0931 0.2502 1.2509 0.0906 0.1145 b 0.1650 1.5009 1.3613 1.3530 0.2758 0.1882 0.3980 0.2266 0.1622 0.0000 0.0000 0.0000 0.0000 
main 6.0000 4.0000 29.0000 6.0000 0.0000 6.0000 5.0000 1.0000 0.0506 0.2497 1.2486 0.0349 0.0588 b 0.2690 1.4986 1.0068 0.9985 0.2802 0.2167 0.1802 0.3055 0.2660 0.0000 0.0000 0.0000 0.0000 
main 6.0000 4.0000 27.0000 5.0000 0.0000 5.0000 4.0000 2.0000 0.0966 0.2490 0.9958 0.0906 0.1145 b 0.1470 1.2458 1.0046 0.9963 0.2452 0.3859 0.1686 0.1962 0.0000 0.0000 0.0000 0.0000 0.0000 
main 6.0000 4.0000 61.0000 10.0000 2.0000 10.0000 9.0000 0.0000 0.0000 0.2500 2.2500 0.0000 0.0000 b 0.1140 2.5000 1.4394 1.4310 0.2500 0.2500 0.2500 0.2500 0.2500 0.2500 0.2500 0.2500 0.2500 
main 6.0000 4.0000 26.0000 5.0000 0.0000 5.0000 4.0000 1.0000 0.0562 0.2496 0.9983 0.0349 0.0588 b 0.1630 1.2483 1.2792 1.2709 0.1925 0.2177 0.2691 0.3190 0.0000 0.0000 0.0000 0.0000 0.0000 
main 6.0000 4.0000 23.0000 4.0000 0.0000 4.0000 3.0000 1.0000 0.0495 0.2484 0.7453 0.0349 0.0588 b 0.2020 0.9953 1.2275 1.2192 0.2452 0.2006 0.2995 0.0000 0.0000 0.0000 0.0000 0.0000 0.0000 
main 6.0000 4.0000 1.0000 4.0000 0.0000 4.0000 3.0000 0.0000 0.0000 0.2500 0.7500 0.0000 0.0000 b 0.1680 1.0000 1.4914 1.4830 0.2500 0.2500 0.2500 0.0000 0.0000 0.0000 0.0000 0.0000 0.0000 
main 6.0000 4.0000 59.0000 9.0000 1.0000 9.0000 8.0000 1.0000 0.0570 0.2494 1.9955 0.0349 0.0588 b 0.1420 2.2455 1.1147 1.1063 0.2215 0.2766 0.3339 0.1858 0.2404 0.1863 0.3235 0.2275 0.0000 
main 6.0000 4.0000 4.0000 5.0000 0.0000 5.0000 4.0000 0.0000 0.0000 0.2500 1.0000 0.0000 0.0000 b 0.1530 1.2500 1.0409 1.0326 0.2500 0.2500 0.2500 0.2500 0.0000 0.0000 0.0000 0.0000 0.0000 
main 6.0000 4.0000 50.0000 6.0000 0.0000 6.0000 5.0000 1.0000 0.0570 0.2492 1.2458 0.0349 0.0588 b 0.1570 1.4958 1.0272 1.0189 0.3165 0.2724 0.1633 0.2302 0.2634 0.0000 0.0000 0.0000 0.0000 
main 6.0000 4.0000 49.0000 6.0000 0.0000 6.0000 5.0000 0.0000 0.0000 0.2500 1.2500 0.0000 0.0000 b 0.1340 1.5000 1.3919 1.3836 0.2500 0.2500 0.2500 0.2500 0.2500 0.0000 0.0000 0.0000 0.0000 
main 6.0000 4.0000 44.0000 4.0000 0.0000 4.0000 3.0000 1.0000 0.0496 0.2493 0.7479 0.0349 0.0588 b 0.1830 0.9979 1.3253 1.3170 0.2612 0.2919 0.1948 0.0000 0.0000 0.0000 0.0000 0.0000 0.0000 
main 6.0000 4.0000 25.0000 5.0000 0.0000 5.0000 4.0000 0.0000 0.0000 0.2500 1.0000 0.0000 0.0000 b 0.1220 1.2500 1.0054 0.9971 0.2500 0.2500 0.2500 0.2500 0.0000 0.0000 0.0000 0.0000 0.0000 
main 6.0000 4.0000 52.0000 7.0000 1.0000 7.0000 6.0000 0.0000 0.0000 0.2500 1.5000 0.0000 0.0000 b 0.1400 1.7500 1.3236 1.3153 0.2500 0.2500 0.2500 0.2500 0.2500 0.2500 0.0000 0.0000 0.0000 
main 6.0000 4.0000 11.0000 7.0000 1.0000 7.0000 6.0000 1.0000 0.0546 0.2502 1.5014 0.0349 0.0588 b 0.1540 1.7514 1.4278 1.4194 0.2613 0.1504 0.2366 0.2793 0.3103 0.2634 0.0000 0.0000 0.0000 
main 6.0000 4.0000 6.0000 5.0000 0.0000 5.0000 4.0000 2.0000 0.0948 0.2493 0.9973 0.0906 0.1145 b 0.1210 1.2473 1.4800 1.4716 0.1666 0.3075 0.3523 0.1709 0.0000 0.0000 0.0000 0.0000 0.0000 
main 6.0000 4.0000 33.0000 7.0000 1.0000 7.0000 6.0000 2.0000 0.0907 0.2493 1.4959 0.0906 0.1145 b 0.1340 1.7459 1.4752 1.4669 0.3529 0.1781 0.2356 0.1978 0.1610 0.3705 0.0000 0.0000 0.0000 
main 6.0000 4.0000 62.0000 10.0000 2.0000 10.0000 9.0000 1.0000 0.0475 0.2498 2.2485 0.0349 0.0588 b 0.1660 2.4985 1.0025 0.9942 0.2865 0.2455 0.3088 0.2148 0.1768 0.2371 0.3197 0.2500 0.2094 
main 6.0000 4.0000 20.0000 10.0000 2.0000 10.0000 9.0000 1.0000 0.0560 0.2500 2.2503 0.0349 0.0588 b 0.1630 2.5003 1.2553 1.2470 0.3135 0.1803 0.2222 0.2594 0.2942 0.2678 0.1716 0.2156 0.3258 
main 6.0000 4.0000 46.0000 5.0000 0.0000 5.0000 4.0000 0.0000 0.0000 0.2500 1.0000 0.0000 0.0000 b 0.1950 1.2500 1.4442 1.4359 0.2500 0.2500 0.2500 0.2500 0.0000 0.0000 0.0000 0.0000 0.0000 
main 6.0000 4.0000 41.0000 10.0000 2.0000 10.0000 9.0000 1.0000 0.0573 0.2497 2.2470 0.0349 0.0588 b 0.1310 2.4970 1.1264 1.1181 0.2872 0.2601 0.1992 0.2370 0.1598 0.2894 0.3353 0.2887 0.1904 
main 6.0000 4.0000 12.0000 7.0000 1.0000 7.0000 6.0000 2.0000 0.0964 0.2505 1.5029 0.0906 0.1145 b 0.1790 1.7529 1.3944 1.3860 0.1503 0.1818 0.3937 0.2479 0.1912 0.3380 0.0000 0.0000 0.0000 
main 6.0000 4.0000 17.0000 9.0000 1.0000 9.0000 8.0000 1.0000 0.0570 0.2495 1.9962 0.0349 0.0588 b 0.1460 2.2462 1.3353 1.3269 0.2724 0.1688 0.2025 0.2928 0.1981 0.2451 0.3403 0.2763 0.0000 
main 6.0000 4.0000 2.0000 4.0000 0.0000 4.0000 3.0000 1.0000 0.0390 0.2488 0.7465 0.0349 0.0588 b 0.1610 0.9965 1.1244 1.1161 0.2648 0.2044 0.2772 0.0000 0.0000 0.0000 0.0000 0.0000 0.0000 
main 6.0000 4.0000 5.0000 5.0000 0.0000 5.0000 4.0000 1.0000 0.0389 0.2499 0.9997 0.0349 0.0588 b 0.1420 1.2497 1.1895 1.1811 0.2570 0.3003 0.2338 0.2087 0.0000 0.0000 0.0000 0.0000 0.0000 
main 6.0000 4.0000 42.0000 10.0000 2.0000 10.0000 9.0000 2.0000 0.0931 0.2502 2.2520 0.0906 0.1145 b 0.1480 2.5020 1.1822 1.1739 0.2050 0.1764 0.3905 0.3342 0.3769 0.2428 0.1511 0.2133 0.1619 
main 6.0000 4.0000 30.0000 6.0000 0.0000 6.0000 5.0000 2.0000 0.0991 0.2496 1.2482 0.0906 0.1145 b 0.1740 1.4982 1.4028 1.3945 0.1645 0.3672 0.2011 0.3463 0.1691 0.0000 0.0000 0.0000 0.0000 
main 6.0000 4.0000 10.0000 7.0000 1.0000 7.0000 6.0000 0.0000 0.0000 0.2500 1.5000 0.0000 0.0000 b 0.1770 1.7500 1.4230 1.4147 0.2500 0.2500 0.2500 0.2500 0.2500 0.2500 0.0000 0.0000 0.0000 
main 6.0000 4.0000 21.0000 10.0000 2.0000 10.0000 9.0000 2.0000 0.0910 0.2499 2.2487 0.0906 0.1145 b 0.1960 2.4987 1.4159 1.4076 0.1745 0.3108 0.1569 0.2100 0.3769 0.1881 0.3571 0.3234 0.1510 
main 6.0000 4.0000 36.0000 8.0000 1.0000 8.0000 7.0000 2.0000 0.0914 0.2507 1.7546 0.0906 0.1145 b 0.2240 2.0046 1.1576 1.1493 0.1537 0.1898 0.3671 0.1808 0.2165 0.2649 0.3819 0.0000 0.0000 
main 6.0000 4.0000 39.0000 9.0000 1.0000 9.0000 8.0000 2.0000 0.0914 0.2496 1.9966 0.0906 0.1145 b 0.1530 2.2466 1.1261 1.1178 0.1759 0.3191 0.1716 0.3303 0.3998 0.2566 0.1922 0.1511 0.0000 
main 6.0000 4.0000 63.0000 10.0000 2.0000 10.0000 9.0000 2.0000 0.0940 0.2503 2.2523 0.0906 0.1145 b 0.1910 2.5023 1.4577 1.4494 0.1797 0.3777 0.2995 0.1951 0.3797 0.1603 0.1865 0.1513 0.3226 
main 6.0000 4.0000 28.0000 6.0000 0.0000 6.0000 5.0000 0.0000 0.0000 0.2500 1.2500 0.0000 0.0000 b 0.1870 1.5000 1.4369 1.4285 0.2500 0.2500 0.2500 0.2500 0.2500 0.0000 0.0000 0.0000 0.0000 
main 6.0000 4.0000 35.0000 8.0000 1.0000 8.0000 7.0000 1.0000 0.0559 0.2500 1.7497 0.0349 0.0588 b 0.1690 1.9997 1.2741 1.2658 0.2454 0.2018 0.2626 0.1628 0.2878 0.2545 0.3347 0.0000 0.0000 
main 6.0000 4.0000 60.0000 9.0000 1.0000 9.0000 8.0000 2.0000 0.0911 0.2504 2.0031 0.0906 0.1145 b 0.1850 2.2531 1.0312 1.0229 0.3857 0.1645 0.2112 0.1853 0.2280 0.1550 0.3690 0.3045 0.0000 
main 6.0000 4.0000 43.0000 4.0000 0.0000 4.0000 3.0000 0.0000 0.0000 0.2500 0.7500 0.0000 0.0000 b 0.2520 1.0000 1.0505 1.0421 0.2500 0.2500 0.2500 0.0000 0.0000 0.0000 0.0000 0.0000 0.0000 
main 6.0000 4.0000 45.0000 4.0000 0.0000 4.0000 3.0000 2.0000 0.0929 0.2494 0.7482 0.0906 0.1145 b 0.1810 0.9982 1.2123 1.2039 0.2090 0.1835 0.3557 0.0000 0.0000 0.0000 0.0000 0.0000 0.0000 
main 6.0000 4.0000 19.0000 10.0000 2.0000 10.0000 9.0000 0.0000 0.0000 0.2500 2.2500 0.0000 0.0000 b 0.2280 2.5000 1.2672 1.2589 0.2500 0.2500 0.2500 0.2500 0.2500 0.2500 0.2500 0.2500 0.2500 
main 6.0000 4.0000 9.0000 6.0000 0.0000 6.0000 5.0000 2.0000 0.0994 0.2493 1.2463 0.0906 0.1145 b 0.2190 1.4963 1.1906 1.1823 0.3086 0.1847 0.3928 0.2086 0.1516 0.0000 0.0000 0.0000 0.0000 
main 6.0000 4.0000 38.0000 9.0000 1.0000 9.0000 8.0000 1.0000 0.0491 0.2503 2.0027 0.0349 0.0588 b 0.1780 2.2527 1.1666 1.1582 0.2563 0.2117 0.1749 0.2287 0.3336 0.2382 0.2933 0.2660 0.0000 
main 6.0000 4.0000 15.0000 8.0000 1.0000 8.0000 7.0000 2.0000 0.0925 0.2500 1.7498 0.0906 0.1145 b 0.2030 1.9998 1.0243 1.0159 0.1501 0.3864 0.2007 0.2978 0.3393 0.2223 0.1532 0.0000 0.0000 
main 6.0000 4.0000 47.0000 5.0000 0.0000 5.0000 4.0000 1.0000 0.0580 0.2502 1.0008 0.0349 0.0588 b 0.2060 1.2508 1.1156 1.1073 0.3195 0.1808 0.2347 0.2658 0.0000 0.0000 0.0000 0.0000 0.0000 
main 6.0000 4.0000 13.0000 8.0000 1.0000 8.0000 7.0000 0.0000 0.0000 0.2500 1.7500 0.0000 0.0000 b 0.1720 2.0000 1.0900 1.0817 0.2500 0.2500 0.2500 0.2500 0.2500 0.2500 0.2500 0.0000 0.0000 
main 6.0000 4.0000 24.0000 4.0000 0.0000 4.0000 3.0000 2.0000 0.1070 0.2501 0.7503 0.0906 0.1145 b 0.2450 1.0003 1.0874 1.0790 0.1643 0.2161 0.3699 0.0000 0.0000 0.0000 0.0000 0.0000 0.0000 
main 6.0000 4.0000 18.0000 9.0000 1.0000 9.0000 8.0000 2.0000 0.0926 0.2496 1.9966 0.0906 0.1145 b 0.1830 2.2466 1.0296 1.0213 0.2037 0.1659 0.2462 0.1840 0.3925 0.1618 0.2570 0.3855 0.0000 
main 6.0000 4.0000 58.0000 9.0000 1.0000 9.0000 8.0000 0.0000 0.0000 0.2500 2.0000 0.0000 0.0000 b 0.1480 2.2500 1.4756 1.4672 0.2500 0.2500 0.2500 0.2500 0.2500 0.2500 0.2500 0.2500 0.0000 
main 6.0000 4.0000 7.0000 6.0000 0.0000 6.0000 5.0000 0.0000 0.0000 0.2500 1.2500 0.0000 0.0000 b 0.2420 1.5000 1.4803 1.4720 0.2500 0.2500 0.2500 0.2500 0.2500 0.0000 0.0000 0.0000 0.0000 
main 6.0000 4.0000 31.0000 7.0000 1.0000 7.0000 6.0000 0.0000 0.0000 0.2500 1.5000 0.0000 0.0000 b 0.1660 1.7500 1.1702 1.1619 0.2500 0.2500 0.2500 0.2500 0.2500 0.2500 0.0000 0.0000 0.0000 
main 6.0000 4.0000 34.0000 8.0000 1.0000 8.0000 7.0000 0.0000 0.0000 0.2500 1.7500 0.0000 0.0000 b 0.1580 2.0000 1.2901 1.2818 0.2500 0.2500 0.2500 0.2500 0.2500 0.2500 0.2500 0.0000 0.0000 
main 6.0000 4.0000 14.0000 8.0000 1.0000 8.0000 7.0000 1.0000 0.0577 0.2501 1.7507 0.0349 0.0588 b 0.2510 2.0007 1.3809 1.3725 0.2321 0.2862 0.2531 0.1923 0.2637 0.3470 0.1762 0.0000 0.0000 
main 6.0000 4.0000 3.0000 4.0000 0.0000 4.0000 3.0000 2.0000 0.1028 0.2484 0.7453 0.0906 0.1145 b 0.2940 0.9953 1.2074 1.1990 0.1690 0.3646 0.2117 0.0000 0.0000 0.0000 0.0000 0.0000 0.0000 
main 6.0000 4.0000 40.0000 10.0000 2.0000 10.0000 9.0000 0.0000 0.0000 0.2500 2.2500 0.0000 0.0000 b 0.1660 2.5000 1.2643 1.2560 0.2500 0.2500 0.2500 0.2500 0.2500 0.2500 0.2500 0.2500 0.2500 
main 6.0000 4.0000 54.0000 7.0000 1.0000 7.0000 6.0000 2.0000 0.0930 0.2504 1.5023 0.0906 0.1145 b 0.1770 1.7523 1.1094 1.1010 0.1547 0.3792 0.2091 0.3530 0.1830 0.2234 0.0000 0.0000 0.0000 
main 6.0000 4.0000 16.0000 9.0000 1.0000 9.0000 8.0000 0.0000 0.0000 0.2500 2.0000 0.0000 0.0000 b 0.1820 2.2500 1.2633 1.2549 0.2500 0.2500 0.2500 0.2500 0.2500 0.2500 0.2500 0.2500 0.0000 
main 6.0000 4.0000 8.0000 6.0000 0.0000 6.0000 5.0000 1.0000 0.0374 0.2508 1.2539 0.0349 0.0588 b 0.1920 1.5039 1.3102 1.3018 0.2319 0.2574 0.2101 0.2446 0.3099 0.0000 0.0000 0.0000 0.0000 
main 6.0000 5.0000 58.0000 9.0000 1.0000 9.0000 8.0000 0.0000 0.0000 0.2500 2.0000 0.0000 0.0000 b 0.1700 2.2500 1.1470 1.1387 0.2500 0.2500 0.2500 0.2500 0.2500 0.2500 0.2500 0.2500 0.0000 
main 6.0000 5.0000 9.0000 6.0000 0.0000 6.0000 5.0000 2.0000 0.0949 0.2501 1.2503 0.0906 0.1145 b 0.1420 1.5003 1.3130 1.3047 0.1569 0.3660 0.3217 0.1564 0.2494 0.0000 0.0000 0.0000 0.0000 
main 6.0000 5.0000 15.0000 8.0000 1.0000 8.0000 7.0000 2.0000 0.0945 0.2496 1.7471 0.0906 0.1145 b 0.1390 1.9971 1.3325 1.3242 0.3967 0.1726 0.2041 0.1514 0.3269 0.1833 0.3122 0.0000 0.0000 
main 6.0000 5.0000 35.0000 8.0000 1.0000 8.0000 7.0000 1.0000 0.0587 0.2499 1.7492 0.0349 0.0588 b 0.1340 1.9992 1.0353 1.0269 0.1744 0.2602 0.1896 0.2907 0.2266 0.2640 0.3438 0.0000 0.0000 
main 6.0000 5.0000 53.0000 7.0000 1.0000 7.0000 6.0000 1.0000 0.0415 0.2500 1.4999 0.0349 0.0588 b 0.1890 1.7499 1.4082 1.3999 0.2784 0.2328 0.2647 0.2382 0.3022 0.1836 0.0000 0.0000 0.0000 
main 6.0000 5.0000 20.0000 10.0000 2.0000 10.0000 9.0000 1.0000 0.0489 0.2495 2.2458 0.0349 0.0588 b 0.1390 2.4958 1.0222 1.0139 0.2757 0.2122 0.3128 0.2127 0.2552 0.2034 0.3081 0.1800 0.2857 
main 6.0000 5.0000 41.0000 10.0000 2.0000 10.0000 9.0000 1.0000 0.0568 0.2500 2.2501 0.0349 0.0588 b 0.1360 2.5001 1.0668 1.0584 0.3018 0.2648 0.3140 0.1727 0.2954 0.1597 0.2532 0.2800 0.2085 
main 6.0000 5.0000 22.0000 4.0000 0.0000 4.0000 3.0000 0.0000 0.0000 0.2500 0.7500 0.0000 0.0000 b 0.1920 1.0000 1.1977 1.1893 0.2500 0.2500 0.2500 0.0000 0.0000 0.0000 0.0000 0.0000 0.0000 
main 6.0000 5.0000 34.0000 8.0000 1.0000 8.0000 7.0000 0.0000 0.0000 0.2500 1.7500 0.0000 0.0000 b 0.1260 2.0000 1.1071 1.0987 0.2500 0.2500 0.2500 0.2500 0.2500 0.2500 0.2500 0.0000 0.0000 
main 6.0000 5.0000 28.0000 6.0000 0.0000 6.0000 5.0000 0.0000 0.0000 0.2500 1.2500 0.0000 0.0000 b 0.1530 1.5000 1.4323 1.4239 0.2500 0.2500 0.2500 0.2500 0.2500 0.0000 0.0000 0.0000 0.0000 
main 6.0000 5.0000 11.0000 7.0000 1.0000 7.0000 6.0000 1.0000 0.0472 0.2496 1.4978 0.0349 0.0588 NA E 1.7478 1.2602 1.2519 0.2752 0.2173 0.2726 0.1871 0.3172 0.2284 0.0000 0.0000 0.0000 
main 6.0000 5.0000 23.0000 4.0000 0.0000 4.0000 3.0000 1.0000 0.0508 0.2491 0.7474 0.0349 0.0588 b 0.1780 0.9974 1.3297 1.3214 0.3040 0.2396 0.2037 0.0000 0.0000 0.0000 0.0000 0.0000 0.0000 
main 6.0000 5.0000 50.0000 6.0000 0.0000 6.0000 5.0000 1.0000 0.0556 0.2505 1.2527 0.0349 0.0588 b 0.1610 1.5027 1.0145 1.0061 0.2291 0.2965 0.1911 0.3211 0.2148 0.0000 0.0000 0.0000 0.0000 
main 6.0000 5.0000 39.0000 9.0000 1.0000 9.0000 8.0000 2.0000 0.0953 0.2504 2.0035 0.0906 0.1145 b 0.1250 2.2535 1.0319 1.0236 0.1716 0.3991 0.3576 0.3262 0.2166 0.1812 0.1543 0.1969 0.0000 
main 6.0000 5.0000 54.0000 7.0000 1.0000 7.0000 6.0000 2.0000 0.1094 0.2501 1.5003 0.0906 0.1145 b 0.1840 1.7503 1.2531 1.2448 0.3793 0.1740 0.2140 0.1751 0.3989 0.1590 0.0000 0.0000 0.0000 
main 6.0000 5.0000 29.0000 6.0000 0.0000 6.0000 5.0000 1.0000 0.0373 0.2495 1.2476 0.0349 0.0588 b 0.2120 1.4976 1.0556 1.0472 0.2201 0.2709 0.2140 0.3032 0.2393 0.0000 0.0000 0.0000 0.0000 
main 6.0000 5.0000 61.0000 10.0000 2.0000 10.0000 9.0000 0.0000 0.0000 0.2500 2.2500 0.0000 0.0000 b 0.1760 2.5000 1.2468 1.2384 0.2500 0.2500 0.2500 0.2500 0.2500 0.2500 0.2500 0.2500 0.2500 
main 6.0000 5.0000 30.0000 6.0000 0.0000 6.0000 5.0000 2.0000 0.0947 0.2506 1.2532 0.0906 0.1145 b 0.2940 1.5032 1.4625 1.4542 0.1519 0.3562 0.1590 0.2545 0.3315 0.0000 0.0000 0.0000 0.0000 
main 6.0000 5.0000 16.0000 9.0000 1.0000 9.0000 8.0000 0.0000 0.0000 0.2500 2.0000 0.0000 0.0000 b 0.2010 2.2500 1.2239 1.2156 0.2500 0.2500 0.2500 0.2500 0.2500 0.2500 0.2500 0.2500 0.0000 
main 6.0000 5.0000 12.0000 7.0000 1.0000 7.0000 6.0000 2.0000 0.0913 0.2504 1.5026 0.0906 0.1145 b 0.3200 1.7526 1.3030 1.2947 0.3158 0.1989 0.2527 0.1523 0.3957 0.1872 0.0000 0.0000 0.0000 
main 6.0000 5.0000 47.0000 5.0000 0.0000 5.0000 4.0000 1.0000 0.0539 0.2491 0.9964 0.0349 0.0588 b 0.2080 1.2464 1.3337 1.3254 0.3248 0.2067 0.2504 0.2146 0.0000 0.0000 0.0000 0.0000 0.0000 
main 6.0000 5.0000 44.0000 4.0000 0.0000 4.0000 3.0000 1.0000 0.0474 0.2489 0.7468 0.0349 0.0588 b 0.1890 0.9968 1.3581 1.3497 0.2277 0.3033 0.2158 0.0000 0.0000 0.0000 0.0000 0.0000 0.0000 
main 6.0000 5.0000 60.0000 9.0000 1.0000 9.0000 8.0000 2.0000 0.0933 0.2506 2.0046 0.0906 0.1145 b 0.1650 2.2546 1.0080 0.9997 0.2198 0.1569 0.3813 0.1675 0.2520 0.3730 0.1524 0.3016 0.0000 
main 6.0000 5.0000 36.0000 8.0000 1.0000 8.0000 7.0000 2.0000 0.0946 0.2501 1.7506 0.0906 0.1145 b 0.1680 2.0006 1.2026 1.1942 0.1809 0.2487 0.2149 0.1584 0.1854 0.3636 0.3988 0.0000 0.0000 
main 6.0000 5.0000 14.0000 8.0000 1.0000 8.0000 7.0000 1.0000 0.0424 0.2497 1.7479 0.0349 0.0588 b 0.1750 1.9979 1.1225 1.1142 0.2489 0.2896 0.1902 0.2578 0.1954 0.2972 0.2689 0.0000 0.0000 
main 6.0000 5.0000 33.0000 7.0000 1.0000 7.0000 6.0000 2.0000 0.0921 0.2506 1.5038 0.0906 0.1145 b 0.2260 1.7538 1.2401 1.2317 0.3851 0.1600 0.2567 0.1524 0.3259 0.2236 0.0000 0.0000 0.0000 
main 6.0000 5.0000 62.0000 10.0000 2.0000 10.0000 9.0000 1.0000 0.0558 0.2496 2.2467 0.0349 0.0588 b 0.1970 2.4967 1.2831 1.2747 0.2830 0.1979 0.2649 0.1864 0.3542 0.2015 0.2743 0.2038 0.2808 
main 6.0000 5.0000 21.0000 10.0000 2.0000 10.0000 9.0000 2.0000 0.0938 0.2503 2.2528 0.0906 0.1145 b 0.2180 2.5028 1.0371 1.0288 0.1517 0.2044 0.2489 0.1562 0.2308 0.3819 0.3194 0.3927 0.1667 
main 6.0000 5.0000 18.0000 9.0000 1.0000 9.0000 8.0000 2.0000 0.0930 0.2502 2.0018 0.0906 0.1145 b 0.1400 2.2518 1.1582 1.1499 0.1539 0.3611 0.3900 0.3032 0.1716 0.2492 0.2204 0.1524 0.0000 
main 6.0000 5.0000 37.0000 9.0000 1.0000 9.0000 8.0000 0.0000 0.0000 0.2500 2.0000 0.0000 0.0000 b 0.1730 2.2500 1.2247 1.2164 0.2500 0.2500 0.2500 0.2500 0.2500 0.2500 0.2500 0.2500 0.0000 
main 6.0000 5.0000 6.0000 5.0000 0.0000 5.0000 4.0000 2.0000 0.0956 0.2493 0.9973 0.0906 0.1145 b 0.2060 1.2473 1.2214 1.2130 0.2115 0.3852 0.1637 0.2370 0.0000 0.0000 0.0000 0.0000 0.0000 
main 6.0000 5.0000 43.0000 4.0000 0.0000 4.0000 3.0000 0.0000 0.0000 0.2500 0.7500 0.0000 0.0000 b 0.1850 1.0000 1.3633 1.3550 0.2500 0.2500 0.2500 0.0000 0.0000 0.0000 0.0000 0.0000 0.0000 
main 6.0000 5.0000 45.0000 4.0000 0.0000 4.0000 3.0000 2.0000 0.1134 0.2516 0.7548 0.0906 0.1145 b 0.1450 1.0048 1.2475 1.2392 0.1853 0.3825 0.1870 0.0000 0.0000 0.0000 0.0000 0.0000 0.0000 
main 6.0000 5.0000 38.0000 9.0000 1.0000 9.0000 8.0000 1.0000 0.0572 0.2504 2.0031 0.0349 0.0588 b 0.1590 2.2531 1.1219 1.1135 0.1978 0.1623 0.2996 0.2533 0.2996 0.2031 0.2660 0.3213 0.0000 
main 6.0000 5.0000 52.0000 7.0000 1.0000 7.0000 6.0000 0.0000 0.0000 0.2500 1.5000 0.0000 0.0000 b 0.1670 1.7500 1.3590 1.3506 0.2500 0.2500 0.2500 0.2500 0.2500 0.2500 0.0000 0.0000 0.0000 
main 6.0000 5.0000 1.0000 4.0000 0.0000 4.0000 3.0000 0.0000 0.0000 0.2500 0.7500 0.0000 0.0000 b 0.2200 1.0000 1.2285 1.2201 0.2500 0.2500 0.2500 0.0000 0.0000 0.0000 0.0000 0.0000 0.0000 
main 6.0000 5.0000 63.0000 10.0000 2.0000 10.0000 9.0000 2.0000 0.0907 0.2503 2.2529 0.0906 0.1145 b 0.1880 2.5029 1.3143 1.3060 0.1666 0.2457 0.3124 0.3898 0.1888 0.1597 0.2188 0.1856 0.3855 
main 6.0000 5.0000 13.0000 8.0000 1.0000 8.0000 7.0000 0.0000 0.0000 0.2500 1.7500 0.0000 0.0000 b 0.2000 2.0000 1.2112 1.2029 0.2500 0.2500 0.2500 0.2500 0.2500 0.2500 0.2500 0.0000 0.0000 
main 6.0000 5.0000 49.0000 6.0000 0.0000 6.0000 5.0000 0.0000 0.0000 0.2500 1.2500 0.0000 0.0000 b 0.2230 1.5000 1.0003 0.9920 0.2500 0.2500 0.2500 0.2500 0.2500 0.0000 0.0000 0.0000 0.0000 
main 6.0000 5.0000 25.0000 5.0000 0.0000 5.0000 4.0000 0.0000 0.0000 0.2500 1.0000 0.0000 0.0000 b 0.1760 1.2500 1.0258 1.0175 0.2500 0.2500 0.2500 0.2500 0.0000 0.0000 0.0000 0.0000 0.0000 
main 6.0000 5.0000 4.0000 5.0000 0.0000 5.0000 4.0000 0.0000 0.0000 0.2500 1.0000 0.0000 0.0000 b 0.1710 1.2500 1.3784 1.3701 0.2500 0.2500 0.2500 0.2500 0.0000 0.0000 0.0000 0.0000 0.0000 
main 6.0000 5.0000 32.0000 7.0000 1.0000 7.0000 6.0000 1.0000 0.0405 0.2504 1.5022 0.0349 0.0588 NA E 1.7522 1.0126 1.0042 0.2495 0.2051 0.2534 0.2167 0.2566 0.3209 0.0000 0.0000 0.0000 
main 6.0000 5.0000 7.0000 6.0000 0.0000 6.0000 5.0000 0.0000 0.0000 0.2500 1.2500 0.0000 0.0000 b 0.3380 1.5000 1.3373 1.3290 0.2500 0.2500 0.2500 0.2500 0.2500 0.0000 0.0000 0.0000 0.0000 
main 6.0000 5.0000 17.0000 9.0000 1.0000 9.0000 8.0000 1.0000 0.0558 0.2504 2.0032 0.0349 0.0588 b 0.1720 2.2532 1.1550 1.1467 0.2932 0.1838 0.2132 0.3290 0.2564 0.2259 0.3112 0.1904 0.0000 
main 6.0000 5.0000 2.0000 4.0000 0.0000 4.0000 3.0000 1.0000 0.0476 0.2500 0.7500 0.0349 0.0588 b 0.2370 1.0000 1.2656 1.2573 0.2056 0.3002 0.2442 0.0000 0.0000 0.0000 0.0000 0.0000 0.0000 
main 6.0000 5.0000 55.0000 8.0000 1.0000 8.0000 7.0000 0.0000 0.0000 0.2500 1.7500 0.0000 0.0000 b 0.1830 2.0000 1.1215 1.1131 0.2500 0.2500 0.2500 0.2500 0.2500 0.2500 0.2500 0.0000 0.0000 
main 6.0000 5.0000 59.0000 9.0000 1.0000 9.0000 8.0000 1.0000 0.0469 0.2497 1.9973 0.0349 0.0588 b 0.1690 2.2473 1.1483 1.1400 0.2046 0.2625 0.1863 0.2626 0.3243 0.2538 0.2932 0.2100 0.0000 
main 6.0000 5.0000 31.0000 7.0000 1.0000 7.0000 6.0000 0.0000 0.0000 0.2500 1.5000 0.0000 0.0000 b 0.1780 1.7500 1.2965 1.2881 0.2500 0.2500 0.2500 0.2500 0.2500 0.2500 0.0000 0.0000 0.0000 
main 6.0000 5.0000 56.0000 8.0000 1.0000 8.0000 7.0000 1.0000 0.0448 0.2495 1.7466 0.0349 0.0588 b 0.1440 1.9966 1.1382 1.1299 0.2823 0.1818 0.2525 0.2825 0.1937 0.2582 0.2956 0.0000 0.0000 
main 6.0000 5.0000 5.0000 5.0000 0.0000 5.0000 4.0000 1.0000 0.0406 0.2512 1.0047 0.0349 0.0588 b 0.4190 1.2547 1.2292 1.2209 0.2393 0.2725 0.2000 0.2929 0.0000 0.0000 0.0000 0.0000 0.0000 
main 6.0000 5.0000 40.0000 10.0000 2.0000 10.0000 9.0000 0.0000 0.0000 0.2500 2.2500 0.0000 0.0000 b 0.2000 2.5000 1.4274 1.4191 0.2500 0.2500 0.2500 0.2500 0.2500 0.2500 0.2500 0.2500 0.2500 
main 6.0000 5.0000 8.0000 6.0000 0.0000 6.0000 5.0000 1.0000 0.0531 0.2501 1.2507 0.0349 0.0588 b 0.2120 1.5007 1.0202 1.0119 0.1677 0.2345 0.2626 0.3075 0.2783 0.0000 0.0000 0.0000 0.0000 
main 6.0000 5.0000 3.0000 4.0000 0.0000 4.0000 3.0000 2.0000 0.0942 0.2515 0.7545 0.0906 0.1145 b 0.2250 1.0045 1.1928 1.1844 0.1879 0.3597 0.2068 0.0000 0.0000 0.0000 0.0000 0.0000 0.0000 
main 6.0000 5.0000 57.0000 8.0000 1.0000 8.0000 7.0000 2.0000 0.0906 0.2497 1.7482 0.0906 0.1145 b 0.2250 1.9982 1.1678 1.1595 0.1745 0.3506 0.2254 0.2564 0.1570 0.1908 0.3936 0.0000 0.0000 
main 6.0000 5.0000 10.0000 7.0000 1.0000 7.0000 6.0000 0.0000 0.0000 0.2500 1.5000 0.0000 0.0000 b 0.1620 1.7500 1.0973 1.0889 0.2500 0.2500 0.2500 0.2500 0.2500 0.2500 0.0000 0.0000 0.0000 
main 6.0000 5.0000 42.0000 10.0000 2.0000 10.0000 9.0000 2.0000 0.0912 0.2497 2.2470 0.0906 0.1145 b 0.1490 2.4970 1.3051 1.2968 0.3685 0.2131 0.3935 0.1510 0.2278 0.1592 0.2322 0.3272 0.1745 
main 6.0000 5.0000 24.0000 4.0000 0.0000 4.0000 3.0000 2.0000 0.0972 0.2485 0.7455 0.0906 0.1145 b 0.1940 0.9955 1.3748 1.3665 0.2342 0.3521 0.1592 0.0000 0.0000 0.0000 0.0000 0.0000 0.0000 
main 6.0000 5.0000 46.0000 5.0000 0.0000 5.0000 4.0000 0.0000 0.0000 0.2500 1.0000 0.0000 0.0000 b 0.1290 1.2500 1.1158 1.1074 0.2500 0.2500 0.2500 0.2500 0.0000 0.0000 0.0000 0.0000 0.0000 
main 6.0000 5.0000 48.0000 5.0000 0.0000 5.0000 4.0000 2.0000 0.0973 0.2505 1.0020 0.0906 0.1145 b 0.1470 1.2520 1.3131 1.3048 0.1805 0.3207 0.1539 0.3467 0.0000 0.0000 0.0000 0.0000 0.0000 
main 6.0000 5.0000 19.0000 10.0000 2.0000 10.0000 9.0000 0.0000 0.0000 0.2500 2.2500 0.0000 0.0000 b 0.1580 2.5000 1.1027 1.0944 0.2500 0.2500 0.2500 0.2500 0.2500 0.2500 0.2500 0.2500 0.2500 
main 6.0000 5.0000 26.0000 5.0000 0.0000 5.0000 4.0000 1.0000 0.0550 0.2495 0.9981 0.0349 0.0588 b 0.3410 1.2481 1.0886 1.0803 0.3221 0.2576 0.2245 0.1939 0.0000 0.0000 0.0000 0.0000 0.0000 
main 6.0000 5.0000 51.0000 6.0000 0.0000 6.0000 5.0000 2.0000 0.0968 0.2492 1.2459 0.0906 0.1145 b 0.1510 1.4959 1.1531 1.1448 0.2675 0.1516 0.3046 0.1509 0.3714 0.0000 0.0000 0.0000 0.0000 
main 6.0000 5.0000 27.0000 5.0000 0.0000 5.0000 4.0000 2.0000 0.0930 0.2491 0.9966 0.0906 0.1145 b 0.1630 1.2466 1.1713 1.1630 0.3118 0.1507 0.1906 0.3435 0.0000 0.0000 0.0000 0.0000 0.0000 
main 6.0000 6.0000 12.0000 7.0000 1.0000 7.0000 6.0000 2.0000 0.0915 0.2503 1.5016 0.0906 0.1145 b 0.1540 1.7516 1.2775 1.2692 0.3131 0.2193 0.3997 0.1732 0.2382 0.1580 0.0000 0.0000 0.0000 
main 6.0000 6.0000 37.0000 9.0000 1.0000 9.0000 8.0000 0.0000 0.0000 0.2500 2.0000 0.0000 0.0000 b 0.1250 2.2500 1.1788 1.1705 0.2500 0.2500 0.2500 0.2500 0.2500 0.2500 0.2500 0.2500 0.0000 
main 6.0000 6.0000 43.0000 4.0000 0.0000 4.0000 3.0000 0.0000 0.0000 0.2500 0.7500 0.0000 0.0000 b 0.1950 1.0000 1.0258 1.0175 0.2500 0.2500 0.2500 0.0000 0.0000 0.0000 0.0000 0.0000 0.0000 
main 6.0000 6.0000 60.0000 9.0000 1.0000 9.0000 8.0000 2.0000 0.0913 0.2503 2.0025 0.0906 0.1145 b 0.1630 2.2525 1.4567 1.4483 0.3897 0.1638 0.3357 0.1546 0.2217 0.3414 0.2122 0.1834 0.0000 
main 6.0000 6.0000 53.0000 7.0000 1.0000 7.0000 6.0000 1.0000 0.0575 0.2505 1.5031 0.0349 0.0588 b 0.1730 1.7531 1.3420 1.3337 0.1954 0.2820 0.3231 0.2283 0.2936 0.1807 0.0000 0.0000 0.0000 
main 6.0000 6.0000 15.0000 8.0000 1.0000 8.0000 7.0000 2.0000 0.0976 0.2495 1.7465 0.0906 0.1145 b 0.1600 1.9965 1.4310 1.4226 0.1622 0.2107 0.1511 0.3983 0.2946 0.3475 0.1821 0.0000 0.0000 
main 6.0000 6.0000 24.0000 4.0000 0.0000 4.0000 3.0000 2.0000 0.0954 0.2492 0.7475 0.0906 0.1145 b 0.2320 0.9975 1.3706 1.3622 0.3498 0.1601 0.2376 0.0000 0.0000 0.0000 0.0000 0.0000 0.0000 
main 6.0000 6.0000 38.0000 9.0000 1.0000 9.0000 8.0000 1.0000 0.0493 0.2506 2.0046 0.0349 0.0588 b 0.1340 2.2546 1.1809 1.1726 0.2710 0.1779 0.2717 0.1968 0.2861 0.2456 0.3289 0.2266 0.0000 
main 6.0000 6.0000 35.0000 8.0000 1.0000 8.0000 7.0000 1.0000 0.0567 0.2496 1.7470 0.0349 0.0588 b 0.1350 1.9970 1.2897 1.2814 0.3051 0.2511 0.1834 0.2310 0.2705 0.1787 0.3273 0.0000 0.0000 
main 6.0000 6.0000 40.0000 10.0000 2.0000 10.0000 9.0000 0.0000 0.0000 0.2500 2.2500 0.0000 0.0000 b 0.1610 2.5000 1.3713 1.3630 0.2500 0.2500 0.2500 0.2500 0.2500 0.2500 0.2500 0.2500 0.2500 
main 6.0000 6.0000 32.0000 7.0000 1.0000 7.0000 6.0000 1.0000 0.0544 0.2505 1.5028 0.0349 0.0588 b 0.1570 1.7528 1.4123 1.4040 0.2728 0.3044 0.2437 0.3009 0.1624 0.2186 0.0000 0.0000 0.0000 
main 6.0000 6.0000 49.0000 6.0000 0.0000 6.0000 5.0000 0.0000 0.0000 0.2500 1.2500 0.0000 0.0000 b 0.1790 1.5000 1.0813 1.0730 0.2500 0.2500 0.2500 0.2500 0.2500 0.0000 0.0000 0.0000 0.0000 
main 6.0000 6.0000 17.0000 9.0000 1.0000 9.0000 8.0000 1.0000 0.0484 0.2495 1.9961 0.0349 0.0588 b 0.2110 2.2461 1.0024 0.9941 0.2684 0.2204 0.2945 0.2186 0.2991 0.2386 0.2943 0.1621 0.0000 
main 6.0000 6.0000 57.0000 8.0000 1.0000 8.0000 7.0000 2.0000 0.0911 0.2501 1.7505 0.0906 0.1145 b 0.1800 2.0005 1.4016 1.3933 0.2158 0.3410 0.1803 0.2805 0.1624 0.3959 0.1748 0.0000 0.0000 
main 6.0000 6.0000 22.0000 4.0000 0.0000 4.0000 3.0000 0.0000 0.0000 0.2500 0.7500 0.0000 0.0000 b 0.3050 1.0000 1.4097 1.4014 0.2500 0.2500 0.2500 0.0000 0.0000 0.0000 0.0000 0.0000 0.0000 
main 6.0000 6.0000 61.0000 10.0000 2.0000 10.0000 9.0000 0.0000 0.0000 0.2500 2.2500 0.0000 0.0000 b 0.1560 2.5000 1.1661 1.1578 0.2500 0.2500 0.2500 0.2500 0.2500 0.2500 0.2500 0.2500 0.2500 
main 6.0000 6.0000 36.0000 8.0000 1.0000 8.0000 7.0000 2.0000 0.1033 0.2505 1.7532 0.0906 0.1145 b 0.1630 2.0032 1.4735 1.4652 0.2966 0.1512 0.2007 0.1659 0.3988 0.1709 0.3691 0.0000 0.0000 
main 6.0000 6.0000 2.0000 4.0000 0.0000 4.0000 3.0000 1.0000 0.0401 0.2491 0.7474 0.0349 0.0588 b 0.1590 0.9974 1.0627 1.0544 0.2389 0.2933 0.2152 0.0000 0.0000 0.0000 0.0000 0.0000 0.0000 
main 6.0000 6.0000 27.0000 5.0000 0.0000 5.0000 4.0000 2.0000 0.0978 0.2490 0.9960 0.0906 0.1145 b 0.1530 1.2460 1.2343 1.2260 0.2051 0.2618 0.1503 0.3788 0.0000 0.0000 0.0000 0.0000 0.0000 
main 6.0000 6.0000 39.0000 9.0000 1.0000 9.0000 8.0000 2.0000 0.0999 0.2500 1.9997 0.0906 0.1145 b 0.1650 2.2497 1.0207 1.0123 0.1636 0.3350 0.1637 0.2037 0.3942 0.2056 0.1616 0.3722 0.0000 
main 6.0000 6.0000 19.0000 10.0000 2.0000 10.0000 9.0000 0.0000 0.0000 0.2500 2.2500 0.0000 0.0000 b 0.1460 2.5000 1.0454 1.0370 0.2500 0.2500 0.2500 0.2500 0.2500 0.2500 0.2500 0.2500 0.2500 
main 6.0000 6.0000 20.0000 10.0000 2.0000 10.0000 9.0000 1.0000 0.0581 0.2501 2.2513 0.0349 0.0588 b 0.1730 2.5013 1.2914 1.2831 0.1946 0.3236 0.2253 0.3299 0.2382 0.2666 0.1595 0.2192 0.2944 
main 6.0000 6.0000 4.0000 5.0000 0.0000 5.0000 4.0000 0.0000 0.0000 0.2500 1.0000 0.0000 0.0000 b 0.2650 1.2500 1.1567 1.1484 0.2500 0.2500 0.2500 0.2500 0.0000 0.0000 0.0000 0.0000 0.0000 
main 6.0000 6.0000 33.0000 7.0000 1.0000 7.0000 6.0000 2.0000 0.0992 0.2498 1.4988 0.0906 0.1145 b 0.4240 1.7488 1.0286 1.0202 0.1650 0.3521 0.1520 0.2538 0.1904 0.3857 0.0000 0.0000 0.0000 
main 6.0000 6.0000 7.0000 6.0000 0.0000 6.0000 5.0000 0.0000 0.0000 0.2500 1.2500 0.0000 0.0000 b 0.1460 1.5000 1.4648 1.4565 0.2500 0.2500 0.2500 0.2500 0.2500 0.0000 0.0000 0.0000 0.0000 
main 6.0000 6.0000 10.0000 7.0000 1.0000 7.0000 6.0000 0.0000 0.0000 0.2500 1.5000 0.0000 0.0000 b 0.1770 1.7500 1.2043 1.1959 0.2500 0.2500 0.2500 0.2500 0.2500 0.2500 0.0000 0.0000 0.0000 
main 6.0000 6.0000 54.0000 7.0000 1.0000 7.0000 6.0000 2.0000 0.0918 0.2493 1.4956 0.0906 0.1145 b 0.1700 1.7456 1.4910 1.4827 0.1564 0.3666 0.2067 0.1703 0.3568 0.2388 0.0000 0.0000 0.0000 
main 6.0000 6.0000 14.0000 8.0000 1.0000 8.0000 7.0000 1.0000 0.0554 0.2495 1.7467 0.0349 0.0588 b 0.1370 1.9967 1.0833 1.0749 0.2351 0.3002 0.2563 0.1947 0.3215 0.1666 0.2723 0.0000 0.0000 
main 6.0000 6.0000 18.0000 9.0000 1.0000 9.0000 8.0000 2.0000 0.0941 0.2501 2.0007 0.0906 0.1145 b 0.1710 2.2507 1.4157 1.4074 0.2677 0.1970 0.3845 0.1880 0.1526 0.3846 0.2704 0.1558 0.0000 
main 6.0000 6.0000 63.0000 10.0000 2.0000 10.0000 9.0000 2.0000 0.0928 0.2505 2.2544 0.0906 0.1145 b 0.1430 2.5044 1.4401 1.4318 0.1877 0.1595 0.2875 0.1697 0.3114 0.2252 0.3879 0.1504 0.3752 
main 6.0000 6.0000 29.0000 6.0000 0.0000 6.0000 5.0000 1.0000 0.0528 0.2505 1.2524 0.0349 0.0588 b 0.2970 1.5024 1.4294 1.4211 0.2084 0.2899 0.2165 0.3235 0.2140 0.0000 0.0000 0.0000 0.0000 
main 6.0000 6.0000 41.0000 10.0000 2.0000 10.0000 9.0000 1.0000 0.0537 0.2505 2.2543 0.0349 0.0588 b 0.1380 2.5043 1.3969 1.3886 0.2340 0.2687 0.3016 0.2213 0.3053 0.1691 0.3155 0.1796 0.2592 
main 6.0000 6.0000 48.0000 5.0000 0.0000 5.0000 4.0000 2.0000 0.1122 0.2494 0.9975 0.0906 0.1145 b 0.2010 1.2475 1.3268 1.3184 0.3228 0.1503 0.3677 0.1568 0.0000 0.0000 0.0000 0.0000 0.0000 
main 6.0000 6.0000 52.0000 7.0000 1.0000 7.0000 6.0000 0.0000 0.0000 0.2500 1.5000 0.0000 0.0000 b 0.1510 1.7500 1.3866 1.3783 0.2500 0.2500 0.2500 0.2500 0.2500 0.2500 0.0000 0.0000 0.0000 
main 6.0000 6.0000 51.0000 6.0000 0.0000 6.0000 5.0000 2.0000 0.0925 0.2504 1.2519 0.0906 0.1145 b 0.1640 1.5019 1.2971 1.2887 0.2873 0.1775 0.2240 0.1700 0.3932 0.0000 0.0000 0.0000 0.0000 
main 6.0000 6.0000 16.0000 9.0000 1.0000 9.0000 8.0000 0.0000 0.0000 0.2500 2.0000 0.0000 0.0000 b 0.1420 2.2500 1.2173 1.2089 0.2500 0.2500 0.2500 0.2500 0.2500 0.2500 0.2500 0.2500 0.0000 
main 6.0000 6.0000 31.0000 7.0000 1.0000 7.0000 6.0000 0.0000 0.0000 0.2500 1.5000 0.0000 0.0000 b 0.1300 1.7500 1.3042 1.2959 0.2500 0.2500 0.2500 0.2500 0.2500 0.2500 0.0000 0.0000 0.0000 
main 6.0000 6.0000 26.0000 5.0000 0.0000 5.0000 4.0000 1.0000 0.0469 0.2507 1.0029 0.0349 0.0588 b 0.1680 1.2529 1.1616 1.1532 0.2928 0.2440 0.1874 0.2788 0.0000 0.0000 0.0000 0.0000 0.0000 
main 6.0000 6.0000 34.0000 8.0000 1.0000 8.0000 7.0000 0.0000 0.0000 0.2500 1.7500 0.0000 0.0000 b 0.1430 2.0000 1.2696 1.2612 0.2500 0.2500 0.2500 0.2500 0.2500 0.2500 0.2500 0.0000 0.0000 
main 6.0000 6.0000 5.0000 5.0000 0.0000 5.0000 4.0000 1.0000 0.0412 0.2495 0.9981 0.0349 0.0588 b 0.1670 1.2481 1.2654 1.2570 0.2209 0.2543 0.2169 0.3059 0.0000 0.0000 0.0000 0.0000 0.0000 
main 6.0000 6.0000 1.0000 4.0000 0.0000 4.0000 3.0000 0.0000 0.0000 0.2500 0.7500 0.0000 0.0000 b 0.2060 1.0000 1.1234 1.1151 0.2500 0.2500 0.2500 0.0000 0.0000 0.0000 0.0000 0.0000 0.0000 
main 6.0000 6.0000 25.0000 5.0000 0.0000 5.0000 4.0000 0.0000 0.0000 0.2500 1.0000 0.0000 0.0000 NA E 1.2500 1.2993 1.2909 0.2500 0.2500 0.2500 0.2500 0.0000 0.0000 0.0000 0.0000 0.0000 
main 6.0000 6.0000 58.0000 9.0000 1.0000 9.0000 8.0000 0.0000 0.0000 0.2500 2.0000 0.0000 0.0000 b 0.2070 2.2500 1.3119 1.3035 0.2500 0.2500 0.2500 0.2500 0.2500 0.2500 0.2500 0.2500 0.0000 
main 6.0000 6.0000 46.0000 5.0000 0.0000 5.0000 4.0000 0.0000 0.0000 0.2500 1.0000 0.0000 0.0000 b 0.2620 1.2500 1.0275 1.0191 0.2500 0.2500 0.2500 0.2500 0.0000 0.0000 0.0000 0.0000 0.0000 
main 6.0000 6.0000 11.0000 7.0000 1.0000 7.0000 6.0000 1.0000 0.0576 0.2506 1.5036 0.0349 0.0588 b 0.2120 1.7536 1.4468 1.4385 0.2116 0.3368 0.2601 0.2934 0.1817 0.2200 0.0000 0.0000 0.0000 
main 6.0000 6.0000 8.0000 6.0000 0.0000 6.0000 5.0000 1.0000 0.0385 0.2494 1.2471 0.0349 0.0588 b 0.1960 1.4971 1.3980 1.3897 0.2105 0.2681 0.2126 0.2545 0.3013 0.0000 0.0000 0.0000 0.0000 
main 6.0000 6.0000 21.0000 10.0000 2.0000 10.0000 9.0000 2.0000 0.1028 0.2499 2.2492 0.0906 0.1145 b 0.1820 2.4992 1.4833 1.4750 0.3937 0.1565 0.3967 0.1734 0.3469 0.1698 0.2591 0.1999 0.1531 
main 6.0000 6.0000 9.0000 6.0000 0.0000 6.0000 5.0000 2.0000 0.0913 0.2507 1.2534 0.0906 0.1145 b 0.1870 1.5034 1.1263 1.1179 0.1975 0.2640 0.1530 0.3946 0.2443 0.0000 0.0000 0.0000 0.0000 
main 6.0000 6.0000 62.0000 10.0000 2.0000 10.0000 9.0000 1.0000 0.0580 0.2495 2.2456 0.0349 0.0588 b 0.1420 2.4956 1.0895 1.0811 0.3073 0.2594 0.2117 0.3065 0.1524 0.2394 0.3099 0.2784 0.1806 
main 6.0000 6.0000 13.0000 8.0000 1.0000 8.0000 7.0000 0.0000 0.0000 0.2500 1.7500 0.0000 0.0000 b 0.1330 2.0000 1.1430 1.1347 0.2500 0.2500 0.2500 0.2500 0.2500 0.2500 0.2500 0.0000 0.0000 
main 6.0000 6.0000 55.0000 8.0000 1.0000 8.0000 7.0000 0.0000 0.0000 0.2500 1.7500 0.0000 0.0000 b 0.1850 2.0000 1.2814 1.2730 0.2500 0.2500 0.2500 0.2500 0.2500 0.2500 0.2500 0.0000 0.0000 
main 6.0000 6.0000 44.0000 4.0000 0.0000 4.0000 3.0000 1.0000 0.0566 0.2494 0.7482 0.0349 0.0588 b 0.1970 0.9982 1.0138 1.0055 0.1902 0.2550 0.3030 0.0000 0.0000 0.0000 0.0000 0.0000 0.0000 
main 6.0000 6.0000 30.0000 6.0000 0.0000 6.0000 5.0000 2.0000 0.0944 0.2502 1.2509 0.0906 0.1145 b 0.1380 1.5009 1.2300 1.2217 0.1528 0.3078 0.3817 0.1784 0.2302 0.0000 0.0000 0.0000 0.0000 
main 6.0000 6.0000 59.0000 9.0000 1.0000 9.0000 8.0000 1.0000 0.0580 0.2494 1.9953 0.0349 0.0588 b 0.1810 2.2453 1.4059 1.3976 0.2785 0.1906 0.3022 0.1914 0.2941 0.3285 0.1841 0.2259 0.0000 
main 6.0000 6.0000 50.0000 6.0000 0.0000 6.0000 5.0000 1.0000 0.0584 0.2493 1.2463 0.0349 0.0588 b 0.1730 1.4963 1.1622 1.1539 0.2808 0.1695 0.2583 0.2167 0.3211 0.0000 0.0000 0.0000 0.0000 
main 6.0000 6.0000 45.0000 4.0000 0.0000 4.0000 3.0000 2.0000 0.0975 0.2509 0.7528 0.0906 0.1145 b 0.2380 1.0028 1.4560 1.4476 0.1506 0.3454 0.2568 0.0000 0.0000 0.0000 0.0000 0.0000 0.0000 
main 6.0000 6.0000 23.0000 4.0000 0.0000 4.0000 3.0000 1.0000 0.0571 0.2505 0.7515 0.0349 0.0588 b 0.3360 1.0015 1.2137 1.2053 0.3138 0.2027 0.2350 0.0000 0.0000 0.0000 0.0000 0.0000 0.0000 
main 6.0000 6.0000 56.0000 8.0000 1.0000 8.0000 7.0000 1.0000 0.0479 0.2496 1.7471 0.0349 0.0588 b 0.1260 1.9971 1.3105 1.3021 0.2487 0.1908 0.2626 0.2952 0.2361 0.1944 0.3193 0.0000 0.0000 
main 6.0000 6.0000 28.0000 6.0000 0.0000 6.0000 5.0000 0.0000 0.0000 0.2500 1.2500 0.0000 0.0000 b 0.2860 1.5000 1.2748 1.2665 0.2500 0.2500 0.2500 0.2500 0.2500 0.0000 0.0000 0.0000 0.0000 
main 6.0000 6.0000 3.0000 4.0000 0.0000 4.0000 3.0000 2.0000 0.0946 0.2510 0.7529 0.0906 0.1145 b 0.2420 1.0029 1.2654 1.2570 0.3590 0.1826 0.2113 0.0000 0.0000 0.0000 0.0000 0.0000 0.0000 
main 6.0000 6.0000 6.0000 5.0000 0.0000 5.0000 4.0000 2.0000 0.0931 0.2489 0.9955 0.0906 0.1145 b 0.1840 1.2455 1.2669 1.2585 0.3050 0.3497 0.1841 0.1567 0.0000 0.0000 0.0000 0.0000 0.0000 
main 6.0000 6.0000 42.0000 10.0000 2.0000 10.0000 9.0000 2.0000 0.0947 0.2503 2.2525 0.0906 0.1145 b 0.2060 2.5025 1.1516 1.1432 0.1880 0.3965 0.2902 0.1634 0.3290 0.1698 0.1950 0.1568 0.3638 
main 6.0000 6.0000 47.0000 5.0000 0.0000 5.0000 4.0000 1.0000 0.0558 0.2507 1.0027 0.0349 0.0588 b 0.3010 1.2527 1.2725 1.2642 0.2029 0.3006 0.2018 0.2974 0.0000 0.0000 0.0000 0.0000 0.0000 
main 6.0000 7.0000 22.0000 4.0000 0.0000 4.0000 3.0000 0.0000 0.0000 0.2500 0.7500 0.0000 0.0000 b 0.1620 1.0000 1.2371 1.2288 0.2500 0.2500 0.2500 0.0000 0.0000 0.0000 0.0000 0.0000 0.0000 
main 6.0000 7.0000 15.0000 8.0000 1.0000 8.0000 7.0000 2.0000 0.0918 0.2495 1.7467 0.0906 0.1145 b 0.1310 1.9967 1.2373 1.2290 0.2630 0.1590 0.3991 0.1513 0.1951 0.2451 0.3342 0.0000 0.0000 
main 6.0000 7.0000 50.0000 6.0000 0.0000 6.0000 5.0000 1.0000 0.0544 0.2507 1.2533 0.0349 0.0588 b 0.1880 1.5033 1.2608 1.2524 0.2527 0.2828 0.2127 0.3209 0.1841 0.0000 0.0000 0.0000 0.0000 
main 6.0000 7.0000 42.0000 10.0000 2.0000 10.0000 9.0000 2.0000 0.0923 0.2496 2.2464 0.0906 0.1145 b 0.1460 2.4964 1.0497 1.0414 0.1700 0.3369 0.1513 0.3860 0.2597 0.1744 0.3701 0.2146 0.1834 
main 6.0000 7.0000 25.0000 5.0000 0.0000 5.0000 4.0000 0.0000 0.0000 0.2500 1.0000 0.0000 0.0000 b 0.2340 1.2500 1.0746 1.0662 0.2500 0.2500 0.2500 0.2500 0.0000 0.0000 0.0000 0.0000 0.0000 
main 6.0000 7.0000 21.0000 10.0000 2.0000 10.0000 9.0000 2.0000 0.0969 0.2501 2.2509 0.0906 0.1145 b 0.1690 2.5009 1.3264 1.3180 0.3949 0.1714 0.2837 0.3568 0.2100 0.1792 0.1505 0.3495 0.1550 
main 6.0000 7.0000 53.0000 7.0000 1.0000 7.0000 6.0000 1.0000 0.0540 0.2505 1.5032 0.0349 0.0588 b 0.1680 1.7532 1.1453 1.1370 0.2385 0.2030 0.2905 0.1893 0.2487 0.3331 0.0000 0.0000 0.0000 
main 6.0000 7.0000 45.0000 4.0000 0.0000 4.0000 3.0000 2.0000 0.1122 0.2515 0.7546 0.0906 0.1145 b 0.2430 1.0046 1.2982 1.2899 0.1649 0.2115 0.3782 0.0000 0.0000 0.0000 0.0000 0.0000 0.0000 
main 6.0000 7.0000 9.0000 6.0000 0.0000 6.0000 5.0000 2.0000 0.0953 0.2499 1.2495 0.0906 0.1145 b 0.1240 1.4995 1.3415 1.3332 0.1864 0.1542 0.3967 0.2836 0.2287 0.0000 0.0000 0.0000 0.0000 
main 6.0000 7.0000 27.0000 5.0000 0.0000 5.0000 4.0000 2.0000 0.0969 0.2506 1.0024 0.0906 0.1145 b 0.1810 1.2524 1.0406 1.0323 0.1675 0.3122 0.1685 0.3541 0.0000 0.0000 0.0000 0.0000 0.0000 
main 6.0000 7.0000 52.0000 7.0000 1.0000 7.0000 6.0000 0.0000 0.0000 0.2500 1.5000 0.0000 0.0000 b 0.1200 1.7500 1.4622 1.4539 0.2500 0.2500 0.2500 0.2500 0.2500 0.2500 0.0000 0.0000 0.0000 
main 6.0000 7.0000 26.0000 5.0000 0.0000 5.0000 4.0000 1.0000 0.0490 0.2509 1.0038 0.0349 0.0588 b 0.1500 1.2538 1.0943 1.0859 0.2290 0.2938 0.1921 0.2888 0.0000 0.0000 0.0000 0.0000 0.0000 
main 6.0000 7.0000 48.0000 5.0000 0.0000 5.0000 4.0000 2.0000 0.1022 0.2508 1.0031 0.0906 0.1145 b 0.1590 1.2531 1.0394 1.0311 0.1640 0.3881 0.1828 0.2681 0.0000 0.0000 0.0000 0.0000 0.0000 
main 6.0000 7.0000 7.0000 6.0000 0.0000 6.0000 5.0000 0.0000 0.0000 0.2500 1.2500 0.0000 0.0000 b 0.1640 1.5000 1.2828 1.2745 0.2500 0.2500 0.2500 0.2500 0.2500 0.0000 0.0000 0.0000 0.0000 
main 6.0000 7.0000 47.0000 5.0000 0.0000 5.0000 4.0000 1.0000 0.0513 0.2504 1.0016 0.0349 0.0588 b 0.1260 1.2516 1.1662 1.1579 0.2906 0.1769 0.2800 0.2540 0.0000 0.0000 0.0000 0.0000 0.0000 
main 6.0000 7.0000 49.0000 6.0000 0.0000 6.0000 5.0000 0.0000 0.0000 0.2500 1.2500 0.0000 0.0000 b 0.1630 1.5000 1.4980 1.4896 0.2500 0.2500 0.2500 0.2500 0.2500 0.0000 0.0000 0.0000 0.0000 
main 6.0000 7.0000 10.0000 7.0000 1.0000 7.0000 6.0000 0.0000 0.0000 0.2500 1.5000 0.0000 0.0000 b 0.1350 1.7500 1.4779 1.4695 0.2500 0.2500 0.2500 0.2500 0.2500 0.2500 0.0000 0.0000 0.0000 
main 6.0000 7.0000 3.0000 4.0000 0.0000 4.0000 3.0000 2.0000 0.0986 0.2510 0.7530 0.0906 0.1145 b 0.2340 1.0030 1.0548 1.0465 0.1533 0.2493 0.3504 0.0000 0.0000 0.0000 0.0000 0.0000 0.0000 
main 6.0000 7.0000 39.0000 9.0000 1.0000 9.0000 8.0000 2.0000 0.0995 0.2505 2.0038 0.0906 0.1145 b 0.1830 2.2538 1.2575 1.2491 0.3978 0.1600 0.3581 0.2099 0.1560 0.2321 0.1530 0.3370 0.0000 
main 6.0000 7.0000 12.0000 7.0000 1.0000 7.0000 6.0000 2.0000 0.1037 0.2508 1.5048 0.0906 0.1145 b 0.1940 1.7548 1.4655 1.4572 0.1769 0.2166 0.3869 0.1971 0.1510 0.3762 0.0000 0.0000 0.0000 
main 6.0000 7.0000 20.0000 10.0000 2.0000 10.0000 9.0000 1.0000 0.0583 0.2498 2.2485 0.0349 0.0588 b 0.1480 2.4985 1.3004 1.2921 0.2944 0.1580 0.2228 0.3200 0.2121 0.2753 0.2254 0.3321 0.2084 
main 6.0000 7.0000 59.0000 9.0000 1.0000 9.0000 8.0000 1.0000 0.0561 0.2502 2.0013 0.0349 0.0588 b 0.2340 2.2513 1.4630 1.4547 0.1730 0.2611 0.3472 0.2350 0.2073 0.3028 0.2638 0.2111 0.0000 
main 6.0000 7.0000 8.0000 6.0000 0.0000 6.0000 5.0000 1.0000 0.0573 0.2510 1.2549 0.0349 0.0588 b 0.1950 1.5049 1.1316 1.1233 0.3247 0.2889 0.2440 0.1796 0.2176 0.0000 0.0000 0.0000 0.0000 
main 6.0000 7.0000 30.0000 6.0000 0.0000 6.0000 5.0000 2.0000 0.1023 0.2499 1.2497 0.0906 0.1145 b 0.1770 1.4997 1.0171 1.0088 0.3937 0.1506 0.3179 0.2075 0.1800 0.0000 0.0000 0.0000 0.0000 
main 6.0000 7.0000 2.0000 4.0000 0.0000 4.0000 3.0000 1.0000 0.0569 0.2501 0.7502 0.0349 0.0588 b 0.1740 1.0002 1.2548 1.2465 0.2978 0.2654 0.1870 0.0000 0.0000 0.0000 0.0000 0.0000 0.0000 
main 6.0000 7.0000 35.0000 8.0000 1.0000 8.0000 7.0000 1.0000 0.0554 0.2502 1.7513 0.0349 0.0588 b 0.1330 2.0013 1.3441 1.3358 0.2525 0.1779 0.2290 0.2742 0.3521 0.2570 0.2087 0.0000 0.0000 
main 6.0000 7.0000 17.0000 9.0000 1.0000 9.0000 8.0000 1.0000 0.0550 0.2496 1.9969 0.0349 0.0588 b 0.1660 2.2469 1.0414 1.0331 0.1898 0.2623 0.3407 0.1732 0.2338 0.2630 0.3008 0.2332 0.0000 
main 6.0000 7.0000 32.0000 7.0000 1.0000 7.0000 6.0000 1.0000 0.0522 0.2499 1.4994 0.0349 0.0588 b 0.2710 1.7494 1.0697 1.0613 0.2945 0.2117 0.2727 0.3082 0.2408 0.1714 0.0000 0.0000 0.0000 
main 6.0000 7.0000 28.0000 6.0000 0.0000 6.0000 5.0000 0.0000 0.0000 0.2500 1.2500 0.0000 0.0000 b 0.1640 1.5000 1.0810 1.0727 0.2500 0.2500 0.2500 0.2500 0.2500 0.0000 0.0000 0.0000 0.0000 
main 6.0000 7.0000 5.0000 5.0000 0.0000 5.0000 4.0000 1.0000 0.0440 0.2489 0.9955 0.0349 0.0588 b 0.1790 1.2455 1.2753 1.2669 0.2160 0.2582 0.3073 0.2140 0.0000 0.0000 0.0000 0.0000 0.0000 
main 6.0000 7.0000 56.0000 8.0000 1.0000 8.0000 7.0000 1.0000 0.0502 0.2503 1.7522 0.0349 0.0588 b 0.1190 2.0022 1.1912 1.1829 0.2473 0.2136 0.1695 0.2470 0.2731 0.3293 0.2723 0.0000 0.0000 
main 6.0000 7.0000 37.0000 9.0000 1.0000 9.0000 8.0000 0.0000 0.0000 0.2500 2.0000 0.0000 0.0000 b 0.1580 2.2500 1.4558 1.4475 0.2500 0.2500 0.2500 0.2500 0.2500 0.2500 0.2500 0.2500 0.0000 
main 6.0000 7.0000 54.0000 7.0000 1.0000 7.0000 6.0000 2.0000 0.0965 0.2497 1.4980 0.0906 0.1145 b 0.1670 1.7480 1.3243 1.3159 0.1943 0.3095 0.1577 0.3957 0.2853 0.1556 0.0000 0.0000 0.0000 
main 6.0000 7.0000 24.0000 4.0000 0.0000 4.0000 3.0000 2.0000 0.1046 0.2504 0.7511 0.0906 0.1145 b 0.1870 1.0011 1.4457 1.4373 0.2384 0.1523 0.3604 0.0000 0.0000 0.0000 0.0000 0.0000 0.0000 
main 6.0000 7.0000 60.0000 9.0000 1.0000 9.0000 8.0000 2.0000 0.0980 0.2495 1.9959 0.0906 0.1145 b 0.1420 2.2459 1.4522 1.4439 0.1602 0.1925 0.2853 0.3939 0.1940 0.1658 0.2065 0.3978 0.0000 
main 6.0000 7.0000 19.0000 10.0000 2.0000 10.0000 9.0000 0.0000 0.0000 0.2500 2.2500 0.0000 0.0000 b 0.1630 2.5000 1.2636 1.2553 0.2500 0.2500 0.2500 0.2500 0.2500 0.2500 0.2500 0.2500 0.2500 
main 6.0000 7.0000 29.0000 6.0000 0.0000 6.0000 5.0000 1.0000 0.0563 0.2507 1.2537 0.0349 0.0588 b 0.1560 1.5037 1.2050 1.1966 0.3201 0.2604 0.1803 0.2839 0.2091 0.0000 0.0000 0.0000 0.0000 
main 6.0000 7.0000 57.0000 8.0000 1.0000 8.0000 7.0000 2.0000 0.0940 0.2493 1.7453 0.0906 0.1145 b 0.1830 1.9953 1.0081 0.9998 0.1672 0.3750 0.2707 0.3687 0.1501 0.2405 0.1730 0.0000 0.0000 
main 6.0000 7.0000 41.0000 10.0000 2.0000 10.0000 9.0000 1.0000 0.0549 0.2502 2.2519 0.0349 0.0588 b 0.1970 2.5019 1.0158 1.0074 0.1991 0.2733 0.3324 0.2959 0.1760 0.2983 0.2225 0.1917 0.2627 
main 6.0000 7.0000 38.0000 9.0000 1.0000 9.0000 8.0000 1.0000 0.0540 0.2503 2.0026 0.0349 0.0588 b 0.1410 2.2526 1.0188 1.0105 0.2288 0.2696 0.3420 0.2844 0.1923 0.2634 0.1698 0.2523 0.0000 
main 6.0000 7.0000 1.0000 4.0000 0.0000 4.0000 3.0000 0.0000 0.0000 0.2500 0.7500 0.0000 0.0000 b 0.2970 1.0000 1.0800 1.0716 0.2500 0.2500 0.2500 0.0000 0.0000 0.0000 0.0000 0.0000 0.0000 
main 6.0000 7.0000 13.0000 8.0000 1.0000 8.0000 7.0000 0.0000 0.0000 0.2500 1.7500 0.0000 0.0000 b 0.1640 2.0000 1.3179 1.3095 0.2500 0.2500 0.2500 0.2500 0.2500 0.2500 0.2500 0.0000 0.0000 
main 6.0000 7.0000 40.0000 10.0000 2.0000 10.0000 9.0000 0.0000 0.0000 0.2500 2.2500 0.0000 0.0000 b 0.1460 2.5000 1.3818 1.3734 0.2500 0.2500 0.2500 0.2500 0.2500 0.2500 0.2500 0.2500 0.2500 
main 6.0000 7.0000 44.0000 4.0000 0.0000 4.0000 3.0000 1.0000 0.0570 0.2489 0.7468 0.0349 0.0588 b 0.2440 0.9968 1.2782 1.2699 0.1918 0.2493 0.3057 0.0000 0.0000 0.0000 0.0000 0.0000 0.0000 
main 6.0000 7.0000 36.0000 8.0000 1.0000 8.0000 7.0000 2.0000 0.0931 0.2501 1.7504 0.0906 0.1145 b 0.1930 2.0004 1.4817 1.4733 0.1965 0.3848 0.2732 0.1555 0.2282 0.1537 0.3586 0.0000 0.0000 
main 6.0000 7.0000 11.0000 7.0000 1.0000 7.0000 6.0000 1.0000 0.0541 0.2495 1.4969 0.0349 0.0588 b 0.1990 1.7469 1.3371 1.3288 0.2265 0.2943 0.2181 0.2716 0.3158 0.1705 0.0000 0.0000 0.0000 
main 6.0000 7.0000 4.0000 5.0000 0.0000 5.0000 4.0000 0.0000 0.0000 0.2500 1.0000 0.0000 0.0000 b 0.1640 1.2500 1.3569 1.3485 0.2500 0.2500 0.2500 0.2500 0.0000 0.0000 0.0000 0.0000 0.0000 
main 6.0000 7.0000 23.0000 4.0000 0.0000 4.0000 3.0000 1.0000 0.0584 0.2501 0.7503 0.0349 0.0588 b 0.1630 1.0003 1.3131 1.3048 0.2020 0.3150 0.2333 0.0000 0.0000 0.0000 0.0000 0.0000 0.0000 
main 6.0000 7.0000 16.0000 9.0000 1.0000 9.0000 8.0000 0.0000 0.0000 0.2500 2.0000 0.0000 0.0000 b 0.4030 2.2500 1.2265 1.2181 0.2500 0.2500 0.2500 0.2500 0.2500 0.2500 0.2500 0.2500 0.0000 
main 6.0000 7.0000 14.0000 8.0000 1.0000 8.0000 7.0000 1.0000 0.0560 0.2506 1.7545 0.0349 0.0588 b 0.1490 2.0045 1.2523 1.2439 0.2611 0.1784 0.2041 0.2370 0.3427 0.2990 0.2321 0.0000 0.0000 
main 6.0000 7.0000 58.0000 9.0000 1.0000 9.0000 8.0000 0.0000 0.0000 0.2500 2.0000 0.0000 0.0000 b 0.1730 2.2500 1.4295 1.4211 0.2500 0.2500 0.2500 0.2500 0.2500 0.2500 0.2500 0.2500 0.0000 
main 6.0000 7.0000 43.0000 4.0000 0.0000 4.0000 3.0000 0.0000 0.0000 0.2500 0.7500 0.0000 0.0000 b 0.1440 1.0000 1.0425 1.0341 0.2500 0.2500 0.2500 0.0000 0.0000 0.0000 0.0000 0.0000 0.0000 
main 6.0000 7.0000 55.0000 8.0000 1.0000 8.0000 7.0000 0.0000 0.0000 0.2500 1.7500 0.0000 0.0000 b 0.1240 2.0000 1.1963 1.1880 0.2500 0.2500 0.2500 0.2500 0.2500 0.2500 0.2500 0.0000 0.0000 
main 6.0000 7.0000 34.0000 8.0000 1.0000 8.0000 7.0000 0.0000 0.0000 0.2500 1.7500 0.0000 0.0000 b 0.1750 2.0000 1.3251 1.3167 0.2500 0.2500 0.2500 0.2500 0.2500 0.2500 0.2500 0.0000 0.0000 
main 6.0000 7.0000 62.0000 10.0000 2.0000 10.0000 9.0000 1.0000 0.0540 0.2505 2.2543 0.0349 0.0588 b 0.1580 2.5043 1.1913 1.1829 0.2505 0.3476 0.2905 0.2385 0.2047 0.2302 0.1613 0.2409 0.2902 
main 6.0000 7.0000 33.0000 7.0000 1.0000 7.0000 6.0000 2.0000 0.0962 0.2502 1.5014 0.0906 0.1145 b 0.1760 1.7514 1.1272 1.1188 0.3832 0.1564 0.2388 0.1709 0.1985 0.3536 0.0000 0.0000 0.0000 
main 6.0000 7.0000 46.0000 5.0000 0.0000 5.0000 4.0000 0.0000 0.0000 0.2500 1.0000 0.0000 0.0000 b 0.1630 1.2500 1.1981 1.1898 0.2500 0.2500 0.2500 0.2500 0.0000 0.0000 0.0000 0.0000 0.0000 
main 6.0000 7.0000 63.0000 10.0000 2.0000 10.0000 9.0000 2.0000 0.0908 0.2502 2.2518 0.0906 0.1145 b 0.0650 2.5018 1.0314 1.0230 0.2030 0.2621 0.1538 0.3798 0.2042 0.1591 0.3985 0.1958 0.2956 
main 6.0000 7.0000 61.0000 10.0000 2.0000 10.0000 9.0000 0.0000 0.0000 0.2500 2.2500 0.0000 0.0000 b 0.1370 2.5000 1.0437 1.0354 0.2500 0.2500 0.2500 0.2500 0.2500 0.2500 0.2500 0.2500 0.2500 
main 6.0000 7.0000 31.0000 7.0000 1.0000 7.0000 6.0000 0.0000 0.0000 0.2500 1.5000 0.0000 0.0000 b 0.1810 1.7500 1.0436 1.0353 0.2500 0.2500 0.2500 0.2500 0.2500 0.2500 0.0000 0.0000 0.0000 
main 6.0000 7.0000 51.0000 6.0000 0.0000 6.0000 5.0000 2.0000 0.0963 0.2508 1.2541 0.0906 0.1145 b 0.1870 1.5041 1.2165 1.2082 0.1632 0.3727 0.1636 0.3301 0.2246 0.0000 0.0000 0.0000 0.0000 
main 6.0000 7.0000 6.0000 5.0000 0.0000 5.0000 4.0000 2.0000 0.0988 0.2506 1.0025 0.0906 0.1145 b 0.2150 1.2525 1.3063 1.2980 0.1705 0.2251 0.3946 0.2122 0.0000 0.0000 0.0000 0.0000 0.0000 
main 6.0000 7.0000 18.0000 9.0000 1.0000 9.0000 8.0000 2.0000 0.0916 0.2503 2.0027 0.0906 0.1145 b 0.1540 2.2527 1.0357 1.0274 0.2020 0.1500 0.3822 0.2218 0.1872 0.3432 0.1704 0.3459 0.0000 
main 6.0000 8.0000 50.0000 6.0000 0.0000 6.0000 5.0000 1.0000 0.0529 0.2496 1.2480 0.0349 0.0588 b 0.1540 1.4980 1.3751 1.3668 0.3030 0.1868 0.2557 0.2978 0.2047 0.0000 0.0000 0.0000 0.0000 
main 6.0000 8.0000 63.0000 10.0000 2.0000 10.0000 9.0000 2.0000 0.0952 0.2500 2.2504 0.0906 0.1145 b 0.1140 2.5004 1.3716 1.3632 0.1829 0.3391 0.1563 0.3952 0.2302 0.1613 0.2545 0.3689 0.1620 
main 6.0000 8.0000 43.0000 4.0000 0.0000 4.0000 3.0000 0.0000 0.0000 0.2500 0.7500 0.0000 0.0000 b 0.1880 1.0000 1.4881 1.4798 0.2500 0.2500 0.2500 0.0000 0.0000 0.0000 0.0000 0.0000 0.0000 
main 6.0000 8.0000 42.0000 10.0000 2.0000 10.0000 9.0000 2.0000 0.0943 0.2498 2.2484 0.0906 0.1145 NA E 2.4984 1.2011 1.1927 0.2272 0.1539 0.3894 0.2257 0.1533 0.2528 0.1540 0.2992 0.3928 
main 6.0000 8.0000 61.0000 10.0000 2.0000 10.0000 9.0000 0.0000 0.0000 0.2500 2.2500 0.0000 0.0000 b 0.1870 2.5000 1.4762 1.4678 0.2500 0.2500 0.2500 0.2500 0.2500 0.2500 0.2500 0.2500 0.2500 
main 6.0000 8.0000 8.0000 6.0000 0.0000 6.0000 5.0000 1.0000 0.0535 0.2502 1.2509 0.0349 0.0588 b 0.1580 1.5009 1.2273 1.2190 0.2773 0.2108 0.2405 0.1946 0.3276 0.0000 0.0000 0.0000 0.0000 
main 6.0000 8.0000 31.0000 7.0000 1.0000 7.0000 6.0000 0.0000 0.0000 0.2500 1.5000 0.0000 0.0000 b 0.1430 1.7500 1.3288 1.3204 0.2500 0.2500 0.2500 0.2500 0.2500 0.2500 0.0000 0.0000 0.0000 
main 6.0000 8.0000 25.0000 5.0000 0.0000 5.0000 4.0000 0.0000 0.0000 0.2500 1.0000 0.0000 0.0000 b 0.1520 1.2500 1.3026 1.2943 0.2500 0.2500 0.2500 0.2500 0.0000 0.0000 0.0000 0.0000 0.0000 
main 6.0000 8.0000 59.0000 9.0000 1.0000 9.0000 8.0000 1.0000 0.0518 0.2504 2.0033 0.0349 0.0588 b 0.1550 2.2533 1.3360 1.3277 0.2102 0.2684 0.3041 0.1807 0.3024 0.1904 0.2441 0.3031 0.0000 
main 6.0000 8.0000 35.0000 8.0000 1.0000 8.0000 7.0000 1.0000 0.0572 0.2498 1.7486 0.0349 0.0588 b 0.1660 1.9986 1.4208 1.4124 0.3251 0.2520 0.1771 0.2682 0.1726 0.2558 0.2979 0.0000 0.0000 
main 6.0000 8.0000 21.0000 10.0000 2.0000 10.0000 9.0000 2.0000 0.0910 0.2504 2.2538 0.0906 0.1145 b 0.1600 2.5038 1.3220 1.3137 0.2501 0.3333 0.1631 0.3861 0.1621 0.3436 0.1578 0.2896 0.1680 
main 6.0000 8.0000 27.0000 5.0000 0.0000 5.0000 4.0000 2.0000 0.0929 0.2499 0.9996 0.0906 0.1145 b 0.2090 1.2496 1.0154 1.0071 0.1508 0.3702 0.2653 0.2133 0.0000 0.0000 0.0000 0.0000 0.0000 
main 6.0000 8.0000 46.0000 5.0000 0.0000 5.0000 4.0000 0.0000 0.0000 0.2500 1.0000 0.0000 0.0000 b 0.3010 1.2500 1.1463 1.1380 0.2500 0.2500 0.2500 0.2500 0.0000 0.0000 0.0000 0.0000 0.0000 
main 6.0000 8.0000 56.0000 8.0000 1.0000 8.0000 7.0000 1.0000 0.0585 0.2495 1.7466 0.0349 0.0588 b 0.1260 1.9966 1.3377 1.3294 0.2765 0.2387 0.3107 0.2735 0.1593 0.3037 0.1842 0.0000 0.0000 
main 6.0000 8.0000 33.0000 7.0000 1.0000 7.0000 6.0000 2.0000 0.0967 0.2502 1.5014 0.0906 0.1145 b 0.2500 1.7514 1.3359 1.3275 0.1632 0.3736 0.1580 0.3542 0.1844 0.2680 0.0000 0.0000 0.0000 
main 6.0000 8.0000 20.0000 10.0000 2.0000 10.0000 9.0000 1.0000 0.0567 0.2504 2.2539 0.0349 0.0588 b 0.1630 2.5039 1.4688 1.4605 0.2283 0.3298 0.2941 0.2167 0.1765 0.2721 0.3037 0.1675 0.2653 
main 6.0000 8.0000 28.0000 6.0000 0.0000 6.0000 5.0000 0.0000 0.0000 0.2500 1.2500 0.0000 0.0000 b 0.1500 1.5000 1.3359 1.3275 0.2500 0.2500 0.2500 0.2500 0.2500 0.0000 0.0000 0.0000 0.0000 
main 6.0000 8.0000 2.0000 4.0000 0.0000 4.0000 3.0000 1.0000 0.0370 0.2513 0.7538 0.0349 0.0588 b 0.1820 1.0038 1.1418 1.1335 0.2887 0.2504 0.2148 0.0000 0.0000 0.0000 0.0000 0.0000 0.0000 
main 6.0000 8.0000 40.0000 10.0000 2.0000 10.0000 9.0000 0.0000 0.0000 0.2500 2.2500 0.0000 0.0000 b 0.1830 2.5000 1.2968 1.2884 0.2500 0.2500 0.2500 0.2500 0.2500 0.2500 0.2500 0.2500 0.2500 
main 6.0000 8.0000 52.0000 7.0000 1.0000 7.0000 6.0000 0.0000 0.0000 0.2500 1.5000 0.0000 0.0000 b 0.1300 1.7500 1.4199 1.4115 0.2500 0.2500 0.2500 0.2500 0.2500 0.2500 0.0000 0.0000 0.0000 
main 6.0000 8.0000 30.0000 6.0000 0.0000 6.0000 5.0000 2.0000 0.0977 0.2506 1.2528 0.0906 0.1145 b 0.1560 1.5028 1.1679 1.1595 0.3775 0.1560 0.2039 0.3314 0.1840 0.0000 0.0000 0.0000 0.0000 
main 6.0000 8.0000 13.0000 8.0000 1.0000 8.0000 7.0000 0.0000 0.0000 0.2500 1.7500 0.0000 0.0000 b 0.1470 2.0000 1.1718 1.1634 0.2500 0.2500 0.2500 0.2500 0.2500 0.2500 0.2500 0.0000 0.0000 
main 6.0000 8.0000 34.0000 8.0000 1.0000 8.0000 7.0000 0.0000 0.0000 0.2500 1.7500 0.0000 0.0000 NA E 2.0000 1.4727 1.4644 0.2500 0.2500 0.2500 0.2500 0.2500 0.2500 0.2500 0.0000 0.0000 
main 6.0000 8.0000 17.0000 9.0000 1.0000 9.0000 8.0000 1.0000 0.0533 0.2502 2.0017 0.0349 0.0588 b 0.1870 2.2517 1.4319 1.4235 0.2675 0.1734 0.2013 0.2834 0.3330 0.2140 0.2930 0.2360 0.0000 
main 6.0000 8.0000 49.0000 6.0000 0.0000 6.0000 5.0000 0.0000 0.0000 0.2500 1.2500 0.0000 0.0000 b 0.1900 1.5000 1.2746 1.2663 0.2500 0.2500 0.2500 0.2500 0.2500 0.0000 0.0000 0.0000 0.0000 
main 6.0000 8.0000 18.0000 9.0000 1.0000 9.0000 8.0000 2.0000 0.0913 0.2505 2.0037 0.0906 0.1145 b 0.1630 2.2537 1.2713 1.2630 0.1652 0.3340 0.1773 0.3944 0.1801 0.2993 0.1574 0.2959 0.0000 
main 6.0000 8.0000 1.0000 4.0000 0.0000 4.0000 3.0000 0.0000 0.0000 0.2500 0.7500 0.0000 0.0000 b 0.2120 1.0000 1.3185 1.3101 0.2500 0.2500 0.2500 0.0000 0.0000 0.0000 0.0000 0.0000 0.0000 
main 6.0000 8.0000 32.0000 7.0000 1.0000 7.0000 6.0000 1.0000 0.0455 0.2496 1.4975 0.0349 0.0588 b 0.2000 1.7475 1.4669 1.4585 0.2221 0.2503 0.1878 0.2365 0.2853 0.3156 0.0000 0.0000 0.0000 
main 6.0000 8.0000 47.0000 5.0000 0.0000 5.0000 4.0000 1.0000 0.0512 0.2497 0.9989 0.0349 0.0588 b 0.1990 1.2489 1.0341 1.0258 0.1987 0.2684 0.2191 0.3127 0.0000 0.0000 0.0000 0.0000 0.0000 
main 6.0000 8.0000 26.0000 5.0000 0.0000 5.0000 4.0000 1.0000 0.0526 0.2504 1.0018 0.0349 0.0588 b 0.1780 1.2518 1.3486 1.3403 0.2990 0.1862 0.2291 0.2875 0.0000 0.0000 0.0000 0.0000 0.0000 
main 6.0000 8.0000 14.0000 8.0000 1.0000 8.0000 7.0000 1.0000 0.0577 0.2506 1.7540 0.0349 0.0588 b 0.2250 2.0040 1.1265 1.1181 0.3252 0.2652 0.3079 0.2392 0.1874 0.2602 0.1688 0.0000 0.0000 
main 6.0000 8.0000 48.0000 5.0000 0.0000 5.0000 4.0000 2.0000 0.1006 0.2507 1.0028 0.0906 0.1145 b 0.1990 1.2528 1.3174 1.3091 0.2679 0.2012 0.1505 0.3833 0.0000 0.0000 0.0000 0.0000 0.0000 
main 6.0000 8.0000 36.0000 8.0000 1.0000 8.0000 7.0000 2.0000 0.0929 0.2500 1.7500 0.0906 0.1145 b 0.1480 2.0000 1.1151 1.1068 0.3215 0.1747 0.3143 0.1657 0.2033 0.1731 0.3973 0.0000 0.0000 
main 6.0000 8.0000 6.0000 5.0000 0.0000 5.0000 4.0000 2.0000 0.0959 0.2500 1.0000 0.0906 0.1145 b 0.1570 1.2500 1.3895 1.3811 0.3470 0.1545 0.1820 0.3166 0.0000 0.0000 0.0000 0.0000 0.0000 
main 6.0000 8.0000 29.0000 6.0000 0.0000 6.0000 5.0000 1.0000 0.0516 0.2508 1.2540 0.0349 0.0588 b 0.1390 1.5040 1.4898 1.4815 0.3079 0.1781 0.2604 0.2855 0.2221 0.0000 0.0000 0.0000 0.0000 
main 6.0000 8.0000 23.0000 4.0000 0.0000 4.0000 3.0000 1.0000 0.0405 0.2484 0.7452 0.0349 0.0588 b 0.2360 0.9952 1.2724 1.2640 0.2895 0.2086 0.2471 0.0000 0.0000 0.0000 0.0000 0.0000 0.0000 
main 6.0000 8.0000 51.0000 6.0000 0.0000 6.0000 5.0000 2.0000 0.1042 0.2507 1.2533 0.0906 0.1145 b 0.1690 1.5033 1.1887 1.1803 0.3424 0.1732 0.3829 0.1970 0.1578 0.0000 0.0000 0.0000 0.0000 
main 6.0000 8.0000 54.0000 7.0000 1.0000 7.0000 6.0000 2.0000 0.0947 0.2497 1.4979 0.0906 0.1145 b 0.1780 1.7479 1.1261 1.1178 0.3060 0.1772 0.3603 0.1544 0.3369 0.1631 0.0000 0.0000 0.0000 
main 6.0000 8.0000 39.0000 9.0000 1.0000 9.0000 8.0000 2.0000 0.0942 0.2503 2.0025 0.0906 0.1145 b 0.1810 2.2525 1.1053 1.0969 0.1516 0.3570 0.2886 0.1925 0.2935 0.3894 0.1500 0.1800 0.0000 
main 6.0000 8.0000 60.0000 9.0000 1.0000 9.0000 8.0000 2.0000 0.0916 0.2495 1.9963 0.0906 0.1145 b 0.1430 2.2463 1.2147 1.2063 0.1522 0.1837 0.3470 0.2074 0.3864 0.3291 0.1584 0.2321 0.0000 
main 6.0000 8.0000 12.0000 7.0000 1.0000 7.0000 6.0000 2.0000 0.0957 0.2500 1.4998 0.0906 0.1145 b 0.2250 1.7498 1.2602 1.2518 0.2024 0.3390 0.1789 0.3952 0.2293 0.1550 0.0000 0.0000 0.0000 
main 6.0000 8.0000 19.0000 10.0000 2.0000 10.0000 9.0000 0.0000 0.0000 0.2500 2.2500 0.0000 0.0000 b 0.1630 2.5000 1.4591 1.4507 0.2500 0.2500 0.2500 0.2500 0.2500 0.2500 0.2500 0.2500 0.2500 
main 6.0000 8.0000 11.0000 7.0000 1.0000 7.0000 6.0000 1.0000 0.0514 0.2503 1.5017 0.0349 0.0588 b 0.2000 1.7517 1.2526 1.2443 0.1652 0.2684 0.2119 0.2959 0.2676 0.2927 0.0000 0.0000 0.0000 
main 6.0000 8.0000 41.0000 10.0000 2.0000 10.0000 9.0000 1.0000 0.0532 0.2505 2.2546 0.0349 0.0588 b 0.1500 2.5046 1.2366 1.2283 0.2312 0.1858 0.2495 0.1877 0.2929 0.2520 0.3558 0.2749 0.2248 
main 6.0000 8.0000 55.0000 8.0000 1.0000 8.0000 7.0000 0.0000 0.0000 0.2500 1.7500 0.0000 0.0000 b 0.1710 2.0000 1.2223 1.2140 0.2500 0.2500 0.2500 0.2500 0.2500 0.2500 0.2500 0.0000 0.0000 
main 6.0000 8.0000 4.0000 5.0000 0.0000 5.0000 4.0000 0.0000 0.0000 0.2500 1.0000 0.0000 0.0000 b 0.2610 1.2500 1.3890 1.3807 0.2500 0.2500 0.2500 0.2500 0.0000 0.0000 0.0000 0.0000 0.0000 
main 6.0000 8.0000 15.0000 8.0000 1.0000 8.0000 7.0000 2.0000 0.0909 0.2503 1.7524 0.0906 0.1145 b 0.1880 2.0024 1.0809 1.0726 0.1557 0.1980 0.3514 0.1870 0.3870 0.1888 0.2844 0.0000 0.0000 
main 6.0000 8.0000 10.0000 7.0000 1.0000 7.0000 6.0000 0.0000 0.0000 0.2500 1.5000 0.0000 0.0000 b 0.1560 1.7500 1.1260 1.1177 0.2500 0.2500 0.2500 0.2500 0.2500 0.2500 0.0000 0.0000 0.0000 
main 6.0000 8.0000 38.0000 9.0000 1.0000 9.0000 8.0000 1.0000 0.0519 0.2502 2.0014 0.0349 0.0588 b 0.1450 2.2514 1.0367 1.0283 0.2020 0.2715 0.3334 0.1898 0.2769 0.2012 0.2311 0.2955 0.0000 
main 6.0000 8.0000 5.0000 5.0000 0.0000 5.0000 4.0000 1.0000 0.0571 0.2512 1.0049 0.0349 0.0588 b 0.1440 1.2549 1.0725 1.0642 0.1806 0.2373 0.2711 0.3160 0.0000 0.0000 0.0000 0.0000 0.0000 
main 6.0000 8.0000 45.0000 4.0000 0.0000 4.0000 3.0000 2.0000 0.1116 0.2498 0.7493 0.0906 0.1145 b 0.1800 0.9993 1.0636 1.0553 0.3732 0.2201 0.1560 0.0000 0.0000 0.0000 0.0000 0.0000 0.0000 
main 6.0000 8.0000 62.0000 10.0000 2.0000 10.0000 9.0000 1.0000 0.0569 0.2505 2.2548 0.0349 0.0588 b 0.1800 2.5048 1.3171 1.3088 0.1930 0.2722 0.3258 0.1658 0.2712 0.2064 0.2663 0.2258 0.3284 
main 6.0000 8.0000 58.0000 9.0000 1.0000 9.0000 8.0000 0.0000 0.0000 0.2500 2.0000 0.0000 0.0000 b 0.1430 2.2500 1.3079 1.2995 0.2500 0.2500 0.2500 0.2500 0.2500 0.2500 0.2500 0.2500 0.0000 
main 6.0000 8.0000 3.0000 4.0000 0.0000 4.0000 3.0000 2.0000 0.1061 0.2489 0.7467 0.0906 0.1145 b 0.2300 0.9967 1.0353 1.0270 0.1503 0.2352 0.3612 0.0000 0.0000 0.0000 0.0000 0.0000 0.0000 
main 6.0000 8.0000 24.0000 4.0000 0.0000 4.0000 3.0000 2.0000 0.0910 0.2488 0.7464 0.0906 0.1145 b 0.1750 0.9964 1.1968 1.1884 0.2292 0.1692 0.3480 0.0000 0.0000 0.0000 0.0000 0.0000 0.0000 
main 6.0000 8.0000 9.0000 6.0000 0.0000 6.0000 5.0000 2.0000 0.0958 0.2496 1.2479 0.0906 0.1145 b 0.1760 1.4979 1.3590 1.3506 0.1692 0.3267 0.3769 0.1730 0.2020 0.0000 0.0000 0.0000 0.0000 
main 6.0000 8.0000 57.0000 8.0000 1.0000 8.0000 7.0000 2.0000 0.1038 0.2503 1.7518 0.0906 0.1145 b 0.1280 2.0018 1.3266 1.3183 0.2168 0.1649 0.2510 0.3897 0.1514 0.1793 0.3987 0.0000 0.0000 
main 6.0000 8.0000 37.0000 9.0000 1.0000 9.0000 8.0000 0.0000 0.0000 0.2500 2.0000 0.0000 0.0000 b 0.1260 2.2500 1.2788 1.2704 0.2500 0.2500 0.2500 0.2500 0.2500 0.2500 0.2500 0.2500 0.0000 
main 6.0000 8.0000 7.0000 6.0000 0.0000 6.0000 5.0000 0.0000 0.0000 0.2500 1.2500 0.0000 0.0000 b 0.1680 1.5000 1.2436 1.2352 0.2500 0.2500 0.2500 0.2500 0.2500 0.0000 0.0000 0.0000 0.0000 
main 6.0000 8.0000 53.0000 7.0000 1.0000 7.0000 6.0000 1.0000 0.0486 0.2503 1.5018 0.0349 0.0588 b 0.1820 1.7518 1.2016 1.1933 0.1936 0.2949 0.2544 0.1901 0.3025 0.2663 0.0000 0.0000 0.0000 
main 6.0000 8.0000 22.0000 4.0000 0.0000 4.0000 3.0000 0.0000 0.0000 0.2500 0.7500 0.0000 0.0000 b 0.2430 1.0000 1.1935 1.1851 0.2500 0.2500 0.2500 0.0000 0.0000 0.0000 0.0000 0.0000 0.0000 
main 6.0000 8.0000 16.0000 9.0000 1.0000 9.0000 8.0000 0.0000 0.0000 0.2500 2.0000 0.0000 0.0000 b 0.0960 2.2500 1.2963 1.2879 0.2500 0.2500 0.2500 0.2500 0.2500 0.2500 0.2500 0.2500 0.0000 
main 6.0000 8.0000 44.0000 4.0000 0.0000 4.0000 3.0000 1.0000 0.0562 0.2487 0.7461 0.0349 0.0588 b 0.2120 0.9961 1.3000 1.2916 0.2533 0.1904 0.3024 0.0000 0.0000 0.0000 0.0000 0.0000 0.0000 
