group subNo block index seqDur shortLong nTargets nIOI rhythmicVarTAG seqSTD seqMeanIOI seqSumIOI Lowbound Upbound pressedKey rt seqDuration startInterval trialDuration IOI1 IOI2 IOI3 IOI4 IOI5 IOI6 IOI7 IOI8 IOI9 
main 13.0000 1.0000 17.0000 9.0000 1.0000 9.0000 8.0000 1.0000 0.0545 0.2505 2.0037 0.0349 0.0588 b 0.1450 2.2537 1.0874 1.0791 0.3137 0.2606 0.2251 0.2660 0.3325 0.2320 0.1690 0.2049 0.0000 
main 13.0000 1.0000 18.0000 9.0000 1.0000 9.0000 8.0000 2.0000 0.0941 0.2502 2.0015 0.0906 0.1145 b 0.1640 2.2515 1.4901 1.4818 0.1510 0.1961 0.1649 0.3440 0.3787 0.2501 0.1676 0.3490 0.0000 
main 13.0000 1.0000 41.0000 10.0000 2.0000 10.0000 9.0000 1.0000 0.0521 0.2502 2.2515 0.0349 0.0588 b 0.2730 2.5015 1.2595 1.2512 0.2741 0.2433 0.1803 0.3085 0.1985 0.2793 0.2104 0.3338 0.2233 
main 13.0000 1.0000 55.0000 8.0000 1.0000 8.0000 7.0000 0.0000 0.0000 0.2500 1.7500 0.0000 0.0000 b 0.2940 2.0000 1.2146 1.2063 0.2500 0.2500 0.2500 0.2500 0.2500 0.2500 0.2500 0.0000 0.0000 
main 13.0000 1.0000 6.0000 5.0000 0.0000 5.0000 4.0000 2.0000 0.0989 0.2509 1.0035 0.0906 0.1145 b 0.2510 1.2535 1.4019 1.3936 0.2613 0.1581 0.3849 0.1992 0.0000 0.0000 0.0000 0.0000 0.0000 
main 13.0000 1.0000 44.0000 4.0000 0.0000 4.0000 3.0000 1.0000 0.0491 0.2516 0.7549 0.0349 0.0588 b 0.1950 1.0049 1.2590 1.2507 0.3041 0.2069 0.2439 0.0000 0.0000 0.0000 0.0000 0.0000 0.0000 
main 13.0000 1.0000 23.0000 4.0000 0.0000 4.0000 3.0000 1.0000 0.0521 0.2507 0.7522 0.0349 0.0588 b 0.2240 1.0022 1.1786 1.1703 0.3015 0.1973 0.2533 0.0000 0.0000 0.0000 0.0000 0.0000 0.0000 
main 13.0000 1.0000 16.0000 9.0000 1.0000 9.0000 8.0000 0.0000 0.0000 0.2500 2.0000 0.0000 0.0000 b 0.1640 2.2500 1.0797 1.0714 0.2500 0.2500 0.2500 0.2500 0.2500 0.2500 0.2500 0.2500 0.0000 
main 13.0000 1.0000 9.0000 6.0000 0.0000 6.0000 5.0000 2.0000 0.0955 0.2493 1.2464 0.0906 0.1145 b 0.1890 1.4964 1.4325 1.4241 0.1953 0.3113 0.1866 0.3868 0.1664 0.0000 0.0000 0.0000 0.0000 
main 13.0000 1.0000 47.0000 5.0000 0.0000 5.0000 4.0000 1.0000 0.0529 0.2508 1.0034 0.0349 0.0588 b 0.2230 1.2534 1.0131 1.0048 0.3097 0.1845 0.2388 0.2704 0.0000 0.0000 0.0000 0.0000 0.0000 
main 13.0000 1.0000 60.0000 9.0000 1.0000 9.0000 8.0000 2.0000 0.0985 0.2502 2.0013 0.0906 0.1145 b 0.1980 2.2513 1.4106 1.4023 0.2197 0.3082 0.1600 0.3895 0.1637 0.3894 0.1652 0.2057 0.0000 
main 13.0000 1.0000 40.0000 10.0000 2.0000 10.0000 9.0000 0.0000 0.0000 0.2500 2.2500 0.0000 0.0000 b 0.1880 2.5000 1.3877 1.3794 0.2500 0.2500 0.2500 0.2500 0.2500 0.2500 0.2500 0.2500 0.2500 
main 13.0000 1.0000 50.0000 6.0000 0.0000 6.0000 5.0000 1.0000 0.0581 0.2497 1.2484 0.0349 0.0588 b 0.2470 1.4984 1.1374 1.1290 0.3106 0.2523 0.1895 0.3035 0.1925 0.0000 0.0000 0.0000 0.0000 
main 13.0000 1.0000 30.0000 6.0000 0.0000 6.0000 5.0000 2.0000 0.0911 0.2508 1.2541 0.0906 0.1145 b 0.1760 1.5041 1.0704 1.0621 0.2282 0.1505 0.2240 0.2525 0.3989 0.0000 0.0000 0.0000 0.0000 
main 13.0000 1.0000 29.0000 6.0000 0.0000 6.0000 5.0000 1.0000 0.0533 0.2502 1.2511 0.0349 0.0588 b 0.1830 1.5011 1.1870 1.1787 0.1943 0.2827 0.3108 0.2691 0.1942 0.0000 0.0000 0.0000 0.0000 
main 13.0000 1.0000 8.0000 6.0000 0.0000 6.0000 5.0000 1.0000 0.0368 0.2504 1.2519 0.0349 0.0588 b 0.1710 1.5019 1.4526 1.4443 0.2852 0.1973 0.2463 0.2851 0.2380 0.0000 0.0000 0.0000 0.0000 
main 13.0000 1.0000 5.0000 5.0000 0.0000 5.0000 4.0000 1.0000 0.0537 0.2499 0.9995 0.0349 0.0588 b 0.2180 1.2495 1.4652 1.4569 0.2225 0.2560 0.3222 0.1988 0.0000 0.0000 0.0000 0.0000 0.0000 
main 13.0000 1.0000 14.0000 8.0000 1.0000 8.0000 7.0000 1.0000 0.0551 0.2504 1.7525 0.0349 0.0588 b 0.2110 2.0025 1.1719 1.1635 0.2423 0.1858 0.3255 0.2225 0.1918 0.3095 0.2750 0.0000 0.0000 
main 13.0000 1.0000 21.0000 10.0000 2.0000 10.0000 9.0000 2.0000 0.0923 0.2498 2.2480 0.0906 0.1145 b 0.3010 2.4980 1.3719 1.3636 0.3090 0.1612 0.2681 0.1577 0.3861 0.1686 0.2596 0.1641 0.3735 
main 13.0000 1.0000 39.0000 9.0000 1.0000 9.0000 8.0000 2.0000 0.0942 0.2496 1.9966 0.0906 0.1145 b 0.1530 2.2466 1.3729 1.3645 0.1776 0.2170 0.3892 0.1631 0.2775 0.1633 0.2190 0.3900 0.0000 
main 13.0000 1.0000 33.0000 7.0000 1.0000 7.0000 6.0000 2.0000 0.0988 0.2497 1.4981 0.0906 0.1145 b 0.2570 1.7481 1.1367 1.1284 0.3546 0.1972 0.1518 0.2497 0.3830 0.1618 0.0000 0.0000 0.0000 
main 13.0000 1.0000 51.0000 6.0000 0.0000 6.0000 5.0000 2.0000 0.0953 0.2491 1.2456 0.0906 0.1145 b 0.5080 1.4956 1.4936 1.4852 0.1729 0.3873 0.3032 0.2211 0.1611 0.0000 0.0000 0.0000 0.0000 
main 13.0000 1.0000 31.0000 7.0000 1.0000 7.0000 6.0000 0.0000 0.0000 0.2500 1.5000 0.0000 0.0000 b 0.1660 1.7500 1.1421 1.1338 0.2500 0.2500 0.2500 0.2500 0.2500 0.2500 0.0000 0.0000 0.0000 
main 13.0000 1.0000 37.0000 9.0000 1.0000 9.0000 8.0000 0.0000 0.0000 0.2500 2.0000 0.0000 0.0000 b 0.1530 2.2500 1.3646 1.3563 0.2500 0.2500 0.2500 0.2500 0.2500 0.2500 0.2500 0.2500 0.0000 
main 13.0000 1.0000 42.0000 10.0000 2.0000 10.0000 9.0000 2.0000 0.0907 0.2501 2.2505 0.0906 0.1145 b 0.1850 2.5005 1.3962 1.3879 0.2139 0.3393 0.2417 0.1525 0.2387 0.1665 0.3865 0.3586 0.1529 
main 13.0000 1.0000 56.0000 8.0000 1.0000 8.0000 7.0000 1.0000 0.0561 0.2502 1.7517 0.0349 0.0588 b 0.1840 2.0017 1.0843 1.0760 0.2141 0.3388 0.1739 0.2252 0.2803 0.2265 0.2929 0.0000 0.0000 
main 13.0000 1.0000 4.0000 5.0000 0.0000 5.0000 4.0000 0.0000 0.0000 0.2500 1.0000 0.0000 0.0000 b 0.2760 1.2500 1.3404 1.3321 0.2500 0.2500 0.2500 0.2500 0.0000 0.0000 0.0000 0.0000 0.0000 
main 13.0000 1.0000 38.0000 9.0000 1.0000 9.0000 8.0000 1.0000 0.0564 0.2498 1.9981 0.0349 0.0588 b 0.1830 2.2481 1.3209 1.3126 0.2485 0.2207 0.3439 0.2880 0.1651 0.1958 0.2550 0.2811 0.0000 
main 13.0000 1.0000 28.0000 6.0000 0.0000 6.0000 5.0000 0.0000 0.0000 0.2500 1.2500 0.0000 0.0000 b 0.3380 1.5000 1.2759 1.2675 0.2500 0.2500 0.2500 0.2500 0.2500 0.0000 0.0000 0.0000 0.0000 
main 13.0000 1.0000 12.0000 7.0000 1.0000 7.0000 6.0000 2.0000 0.0935 0.2505 1.5032 0.0906 0.1145 b 0.1920 1.7532 1.3134 1.3051 0.1737 0.3917 0.2244 0.3349 0.2250 0.1534 0.0000 0.0000 0.0000 
main 13.0000 1.0000 43.0000 4.0000 0.0000 4.0000 3.0000 0.0000 0.0000 0.2500 0.7500 0.0000 0.0000 b 0.2420 1.0000 1.4739 1.4656 0.2500 0.2500 0.2500 0.0000 0.0000 0.0000 0.0000 0.0000 0.0000 
main 13.0000 1.0000 59.0000 9.0000 1.0000 9.0000 8.0000 1.0000 0.0568 0.2495 1.9958 0.0349 0.0588 b 0.1710 2.2458 1.4836 1.4753 0.3093 0.1996 0.2574 0.3429 0.1956 0.2271 0.2749 0.1891 0.0000 
main 13.0000 1.0000 26.0000 5.0000 0.0000 5.0000 4.0000 1.0000 0.0458 0.2491 0.9966 0.0349 0.0588 b 0.2190 1.2466 1.2422 1.2338 0.2198 0.2517 0.2122 0.3129 0.0000 0.0000 0.0000 0.0000 0.0000 
main 13.0000 1.0000 2.0000 4.0000 0.0000 4.0000 3.0000 1.0000 0.0535 0.2511 0.7534 0.0349 0.0588 b 0.2130 1.0034 1.4192 1.4109 0.2910 0.1903 0.2720 0.0000 0.0000 0.0000 0.0000 0.0000 0.0000 
main 13.0000 1.0000 1.0000 4.0000 0.0000 4.0000 3.0000 0.0000 0.0000 0.2500 0.7500 0.0000 0.0000 b 0.3270 1.0000 1.4457 1.4374 0.2500 0.2500 0.2500 0.0000 0.0000 0.0000 0.0000 0.0000 0.0000 
main 13.0000 1.0000 54.0000 7.0000 1.0000 7.0000 6.0000 2.0000 0.0923 0.2503 1.5015 0.0906 0.1145 b 0.2100 1.7515 1.2856 1.2772 0.3532 0.2217 0.1709 0.2129 0.1653 0.3776 0.0000 0.0000 0.0000 
main 13.0000 1.0000 58.0000 9.0000 1.0000 9.0000 8.0000 0.0000 0.0000 0.2500 2.0000 0.0000 0.0000 b 0.1840 2.2500 1.4923 1.4839 0.2500 0.2500 0.2500 0.2500 0.2500 0.2500 0.2500 0.2500 0.0000 
main 13.0000 1.0000 57.0000 8.0000 1.0000 8.0000 7.0000 2.0000 0.1001 0.2494 1.7461 0.0906 0.1145 b 0.2000 1.9961 1.4501 1.4418 0.1532 0.2365 0.3850 0.1973 0.3963 0.2081 0.1697 0.0000 0.0000 
main 13.0000 1.0000 22.0000 4.0000 0.0000 4.0000 3.0000 0.0000 0.0000 0.2500 0.7500 0.0000 0.0000 b 0.3780 1.0000 1.0256 1.0173 0.2500 0.2500 0.2500 0.0000 0.0000 0.0000 0.0000 0.0000 0.0000 
main 13.0000 1.0000 48.0000 5.0000 0.0000 5.0000 4.0000 2.0000 0.0980 0.2509 1.0036 0.0906 0.1145 b 0.1740 1.2536 1.1452 1.1368 0.2193 0.1504 0.2499 0.3840 0.0000 0.0000 0.0000 0.0000 0.0000 
main 13.0000 1.0000 46.0000 5.0000 0.0000 5.0000 4.0000 0.0000 0.0000 0.2500 1.0000 0.0000 0.0000 b 0.1840 1.2500 1.4784 1.4701 0.2500 0.2500 0.2500 0.2500 0.0000 0.0000 0.0000 0.0000 0.0000 
main 13.0000 1.0000 11.0000 7.0000 1.0000 7.0000 6.0000 1.0000 0.0443 0.2502 1.5011 0.0349 0.0588 b 0.1350 1.7511 1.1325 1.1241 0.3078 0.2532 0.2100 0.2540 0.1903 0.2858 0.0000 0.0000 0.0000 
main 13.0000 1.0000 63.0000 10.0000 2.0000 10.0000 9.0000 2.0000 0.0916 0.2504 2.2532 0.0906 0.1145 b 0.1900 2.5032 1.2674 1.2590 0.2679 0.2992 0.3563 0.1586 0.3888 0.1509 0.2936 0.1521 0.1859 
main 13.0000 1.0000 20.0000 10.0000 2.0000 10.0000 9.0000 1.0000 0.0565 0.2499 2.2494 0.0349 0.0588 b 0.1750 2.4994 1.1117 1.1034 0.2763 0.3422 0.2757 0.3080 0.2247 0.1927 0.2476 0.2183 0.1638 
main 13.0000 1.0000 19.0000 10.0000 2.0000 10.0000 9.0000 0.0000 0.0000 0.2500 2.2500 0.0000 0.0000 b 0.2010 2.5000 1.1322 1.1239 0.2500 0.2500 0.2500 0.2500 0.2500 0.2500 0.2500 0.2500 0.2500 
main 13.0000 1.0000 27.0000 5.0000 0.0000 5.0000 4.0000 2.0000 0.1012 0.2502 1.0007 0.0906 0.1145 b 0.3140 1.2507 1.2996 1.2912 0.2195 0.1567 0.3939 0.2307 0.0000 0.0000 0.0000 0.0000 0.0000 
main 13.0000 1.0000 10.0000 7.0000 1.0000 7.0000 6.0000 0.0000 0.0000 0.2500 1.5000 0.0000 0.0000 b 0.2040 1.7500 1.3716 1.3633 0.2500 0.2500 0.2500 0.2500 0.2500 0.2500 0.0000 0.0000 0.0000 
main 13.0000 1.0000 34.0000 8.0000 1.0000 8.0000 7.0000 0.0000 0.0000 0.2500 1.7500 0.0000 0.0000 b 0.1820 2.0000 1.1861 1.1778 0.2500 0.2500 0.2500 0.2500 0.2500 0.2500 0.2500 0.0000 0.0000 
main 13.0000 1.0000 32.0000 7.0000 1.0000 7.0000 6.0000 1.0000 0.0514 0.2503 1.5016 0.0349 0.0588 b 0.2010 1.7516 1.2687 1.2603 0.2333 0.3250 0.1961 0.2527 0.2940 0.2004 0.0000 0.0000 0.0000 
main 13.0000 1.0000 49.0000 6.0000 0.0000 6.0000 5.0000 0.0000 0.0000 0.2500 1.2500 0.0000 0.0000 b 0.2280 1.5000 1.4792 1.4709 0.2500 0.2500 0.2500 0.2500 0.2500 0.0000 0.0000 0.0000 0.0000 
main 13.0000 1.0000 3.0000 4.0000 0.0000 4.0000 3.0000 2.0000 0.1113 0.2515 0.7544 0.0906 0.1145 b 0.3400 1.0044 1.4402 1.4319 0.2280 0.1537 0.3727 0.0000 0.0000 0.0000 0.0000 0.0000 0.0000 
main 13.0000 1.0000 52.0000 7.0000 1.0000 7.0000 6.0000 0.0000 0.0000 0.2500 1.5000 0.0000 0.0000 b 0.1720 1.7500 1.4120 1.4036 0.2500 0.2500 0.2500 0.2500 0.2500 0.2500 0.0000 0.0000 0.0000 
main 13.0000 1.0000 62.0000 10.0000 2.0000 10.0000 9.0000 1.0000 0.0538 0.2497 2.2472 0.0349 0.0588 b 0.1860 2.4972 1.4310 1.4227 0.2488 0.1988 0.3360 0.3048 0.2508 0.2231 0.2970 0.1729 0.2149 
main 13.0000 1.0000 61.0000 10.0000 2.0000 10.0000 9.0000 0.0000 0.0000 0.2500 2.2500 0.0000 0.0000 b 0.2060 2.5000 1.4741 1.4658 0.2500 0.2500 0.2500 0.2500 0.2500 0.2500 0.2500 0.2500 0.2500 
main 13.0000 1.0000 7.0000 6.0000 0.0000 6.0000 5.0000 0.0000 0.0000 0.2500 1.2500 0.0000 0.0000 b 0.1920 1.5000 1.3306 1.3222 0.2500 0.2500 0.2500 0.2500 0.2500 0.0000 0.0000 0.0000 0.0000 
main 13.0000 1.0000 53.0000 7.0000 1.0000 7.0000 6.0000 1.0000 0.0492 0.2503 1.5015 0.0349 0.0588 b 0.2190 1.7515 1.2690 1.2606 0.2701 0.1678 0.2839 0.2501 0.2239 0.3058 0.0000 0.0000 0.0000 
main 13.0000 1.0000 35.0000 8.0000 1.0000 8.0000 7.0000 1.0000 0.0511 0.2493 1.7453 0.0349 0.0588 b 0.1790 1.9953 1.0823 1.0740 0.2441 0.2119 0.2943 0.1692 0.3161 0.2296 0.2801 0.0000 0.0000 
main 13.0000 1.0000 15.0000 8.0000 1.0000 8.0000 7.0000 2.0000 0.0911 0.2494 1.7458 0.0906 0.1145 b 0.2190 1.9958 1.3292 1.3209 0.1965 0.3295 0.1646 0.3395 0.3659 0.1923 0.1574 0.0000 0.0000 
main 13.0000 1.0000 24.0000 4.0000 0.0000 4.0000 3.0000 2.0000 0.0932 0.2498 0.7493 0.0906 0.1145 b 0.2930 0.9993 1.4318 1.4234 0.2340 0.3499 0.1655 0.0000 0.0000 0.0000 0.0000 0.0000 0.0000 
main 13.0000 1.0000 13.0000 8.0000 1.0000 8.0000 7.0000 0.0000 0.0000 0.2500 1.7500 0.0000 0.0000 b 0.1920 2.0000 1.0152 1.0069 0.2500 0.2500 0.2500 0.2500 0.2500 0.2500 0.2500 0.0000 0.0000 
main 13.0000 1.0000 25.0000 5.0000 0.0000 5.0000 4.0000 0.0000 0.0000 0.2500 1.0000 0.0000 0.0000 b 0.1950 1.2500 1.3284 1.3200 0.2500 0.2500 0.2500 0.2500 0.0000 0.0000 0.0000 0.0000 0.0000 
main 13.0000 1.0000 36.0000 8.0000 1.0000 8.0000 7.0000 2.0000 0.0968 0.2506 1.7542 0.0906 0.1145 b 0.2030 2.0042 1.4437 1.4354 0.3146 0.2016 0.1675 0.3736 0.1790 0.1530 0.3649 0.0000 0.0000 
main 13.0000 1.0000 45.0000 4.0000 0.0000 4.0000 3.0000 2.0000 0.0991 0.2508 0.7523 0.0906 0.1145 b 0.2380 1.0023 1.1770 1.1686 0.1701 0.2209 0.3613 0.0000 0.0000 0.0000 0.0000 0.0000 0.0000 
main 13.0000 2.0000 59.0000 9.0000 1.0000 9.0000 8.0000 1.0000 0.0553 0.2498 1.9987 0.0349 0.0588 b 0.1670 2.2487 1.3712 1.3628 0.3109 0.2794 0.2244 0.1625 0.2301 0.2600 0.2044 0.3270 0.0000 
main 13.0000 2.0000 58.0000 9.0000 1.0000 9.0000 8.0000 0.0000 0.0000 0.2500 2.0000 0.0000 0.0000 b 0.1680 2.2500 1.0752 1.0668 0.2500 0.2500 0.2500 0.2500 0.2500 0.2500 0.2500 0.2500 0.0000 
main 13.0000 2.0000 30.0000 6.0000 0.0000 6.0000 5.0000 2.0000 0.1144 0.2508 1.2538 0.0906 0.1145 b 0.2370 1.5038 1.0449 1.0365 0.1529 0.1911 0.3512 0.3965 0.1621 0.0000 0.0000 0.0000 0.0000 
main 13.0000 2.0000 51.0000 6.0000 0.0000 6.0000 5.0000 2.0000 0.0930 0.2505 1.2523 0.0906 0.1145 b 0.2000 1.5023 1.0766 1.0682 0.3679 0.1606 0.2020 0.3323 0.1895 0.0000 0.0000 0.0000 0.0000 
main 13.0000 2.0000 6.0000 5.0000 0.0000 5.0000 4.0000 2.0000 0.0947 0.2496 0.9985 0.0906 0.1145 b 0.1680 1.2485 1.0378 1.0295 0.3641 0.2888 0.1578 0.1879 0.0000 0.0000 0.0000 0.0000 0.0000 
main 13.0000 2.0000 5.0000 5.0000 0.0000 5.0000 4.0000 1.0000 0.0512 0.2491 0.9963 0.0349 0.0588 b 0.1930 1.2463 1.3008 1.2924 0.1932 0.2638 0.2268 0.3125 0.0000 0.0000 0.0000 0.0000 0.0000 
main 13.0000 2.0000 33.0000 7.0000 1.0000 7.0000 6.0000 2.0000 0.0955 0.2500 1.4999 0.0906 0.1145 b 0.1660 1.7499 1.3806 1.3723 0.1741 0.2716 0.1679 0.3938 0.3234 0.1692 0.0000 0.0000 0.0000 
main 13.0000 2.0000 46.0000 5.0000 0.0000 5.0000 4.0000 0.0000 0.0000 0.2500 1.0000 0.0000 0.0000 b 0.1720 1.2500 1.4872 1.4789 0.2500 0.2500 0.2500 0.2500 0.0000 0.0000 0.0000 0.0000 0.0000 
main 13.0000 2.0000 21.0000 10.0000 2.0000 10.0000 9.0000 2.0000 0.0907 0.2496 2.2468 0.0906 0.1145 b 0.1630 2.4968 1.1594 1.1511 0.3953 0.1643 0.3113 0.3799 0.1785 0.2119 0.1822 0.2482 0.1753 
main 13.0000 2.0000 26.0000 5.0000 0.0000 5.0000 4.0000 1.0000 0.0455 0.2489 0.9955 0.0349 0.0588 b 0.2380 1.2455 1.4129 1.4046 0.2186 0.2995 0.2033 0.2741 0.0000 0.0000 0.0000 0.0000 0.0000 
main 13.0000 2.0000 43.0000 4.0000 0.0000 4.0000 3.0000 0.0000 0.0000 0.2500 0.7500 0.0000 0.0000 b 0.1990 1.0000 1.3719 1.3636 0.2500 0.2500 0.2500 0.0000 0.0000 0.0000 0.0000 0.0000 0.0000 
main 13.0000 2.0000 20.0000 10.0000 2.0000 10.0000 9.0000 1.0000 0.0537 0.2502 2.2516 0.0349 0.0588 b 0.1860 2.5016 1.4628 1.4545 0.2632 0.3236 0.1696 0.2482 0.3120 0.2241 0.2952 0.1862 0.2295 
main 13.0000 2.0000 28.0000 6.0000 0.0000 6.0000 5.0000 0.0000 0.0000 0.2500 1.2500 0.0000 0.0000 b 0.1950 1.5000 1.1204 1.1121 0.2500 0.2500 0.2500 0.2500 0.2500 0.0000 0.0000 0.0000 0.0000 
main 13.0000 2.0000 29.0000 6.0000 0.0000 6.0000 5.0000 1.0000 0.0554 0.2509 1.2545 0.0349 0.0588 b 0.1910 1.5045 1.0899 1.0816 0.3376 0.2566 0.1901 0.2190 0.2512 0.0000 0.0000 0.0000 0.0000 
main 13.0000 2.0000 17.0000 9.0000 1.0000 9.0000 8.0000 1.0000 0.0530 0.2497 1.9975 0.0349 0.0588 b 0.1630 2.2475 1.4737 1.4653 0.1666 0.3165 0.2846 0.2050 0.2714 0.1985 0.2623 0.2926 0.0000 
main 13.0000 2.0000 27.0000 5.0000 0.0000 5.0000 4.0000 2.0000 0.0972 0.2511 1.0045 0.0906 0.1145 b 0.2980 1.2545 1.3333 1.3250 0.1769 0.2946 0.1653 0.3677 0.0000 0.0000 0.0000 0.0000 0.0000 
main 13.0000 2.0000 49.0000 6.0000 0.0000 6.0000 5.0000 0.0000 0.0000 0.2500 1.2500 0.0000 0.0000 b 0.1880 1.5000 1.0125 1.0042 0.2500 0.2500 0.2500 0.2500 0.2500 0.0000 0.0000 0.0000 0.0000 
main 13.0000 2.0000 52.0000 7.0000 1.0000 7.0000 6.0000 0.0000 0.0000 0.2500 1.5000 0.0000 0.0000 b 0.2330 1.7500 1.0116 1.0032 0.2500 0.2500 0.2500 0.2500 0.2500 0.2500 0.0000 0.0000 0.0000 
main 13.0000 2.0000 4.0000 5.0000 0.0000 5.0000 4.0000 0.0000 0.0000 0.2500 1.0000 0.0000 0.0000 b 0.2140 1.2500 1.3151 1.3067 0.2500 0.2500 0.2500 0.2500 0.0000 0.0000 0.0000 0.0000 0.0000 
main 13.0000 2.0000 32.0000 7.0000 1.0000 7.0000 6.0000 1.0000 0.0492 0.2505 1.5030 0.0349 0.0588 b 0.2230 1.7530 1.4500 1.4417 0.2903 0.1871 0.3143 0.2522 0.2020 0.2572 0.0000 0.0000 0.0000 
main 13.0000 2.0000 3.0000 4.0000 0.0000 4.0000 3.0000 2.0000 0.1035 0.2485 0.7456 0.0906 0.1145 b 0.2180 0.9956 1.4231 1.4148 0.3590 0.1539 0.2327 0.0000 0.0000 0.0000 0.0000 0.0000 0.0000 
main 13.0000 2.0000 12.0000 7.0000 1.0000 7.0000 6.0000 2.0000 0.1112 0.2504 1.5022 0.0906 0.1145 b 0.2440 1.7522 1.2265 1.2181 0.1730 0.2559 0.1515 0.3807 0.1517 0.3893 0.0000 0.0000 0.0000 
main 13.0000 2.0000 60.0000 9.0000 1.0000 9.0000 8.0000 2.0000 0.0910 0.2494 1.9955 0.0906 0.1145 b 0.2250 2.2455 1.1230 1.1146 0.1873 0.1599 0.2070 0.1765 0.3712 0.1933 0.3683 0.3321 0.0000 
main 13.0000 2.0000 48.0000 5.0000 0.0000 5.0000 4.0000 2.0000 0.0986 0.2498 0.9992 0.0906 0.1145 b 0.2040 1.2492 1.3130 1.3046 0.1714 0.2065 0.3936 0.2278 0.0000 0.0000 0.0000 0.0000 0.0000 
main 13.0000 2.0000 45.0000 4.0000 0.0000 4.0000 3.0000 2.0000 0.1002 0.2501 0.7503 0.0906 0.1145 b 0.4090 1.0003 1.0767 1.0683 0.3600 0.1638 0.2266 0.0000 0.0000 0.0000 0.0000 0.0000 0.0000 
main 13.0000 2.0000 35.0000 8.0000 1.0000 8.0000 7.0000 1.0000 0.0536 0.2502 1.7512 0.0349 0.0588 b 0.1190 2.0012 1.4625 1.4541 0.2562 0.2259 0.3453 0.2277 0.2918 0.1834 0.2210 0.0000 0.0000 
main 13.0000 2.0000 63.0000 10.0000 2.0000 10.0000 9.0000 2.0000 0.0919 0.2502 2.2521 0.0906 0.1145 b 0.1830 2.5021 1.4174 1.4091 0.2386 0.1718 0.2456 0.1897 0.3498 0.3953 0.1629 0.3467 0.1516 
main 13.0000 2.0000 7.0000 6.0000 0.0000 6.0000 5.0000 0.0000 0.0000 0.2500 1.2500 0.0000 0.0000 b 0.3450 1.5000 1.3542 1.3459 0.2500 0.2500 0.2500 0.2500 0.2500 0.0000 0.0000 0.0000 0.0000 
main 13.0000 2.0000 36.0000 8.0000 1.0000 8.0000 7.0000 2.0000 0.0928 0.2500 1.7503 0.0906 0.1145 b 0.2010 2.0003 1.0446 1.0362 0.1789 0.3533 0.1562 0.2585 0.1925 0.3994 0.2114 0.0000 0.0000 
main 13.0000 2.0000 44.0000 4.0000 0.0000 4.0000 3.0000 1.0000 0.0578 0.2508 0.7524 0.0349 0.0588 b 0.2110 1.0024 1.4802 1.4718 0.2237 0.3171 0.2116 0.0000 0.0000 0.0000 0.0000 0.0000 0.0000 
main 13.0000 2.0000 38.0000 9.0000 1.0000 9.0000 8.0000 1.0000 0.0455 0.2501 2.0005 0.0349 0.0588 b 0.2380 2.2505 1.3461 1.3378 0.1818 0.2533 0.2278 0.2678 0.3284 0.2776 0.2050 0.2587 0.0000 
main 13.0000 2.0000 57.0000 8.0000 1.0000 8.0000 7.0000 2.0000 0.0919 0.2496 1.7473 0.0906 0.1145 b 0.1930 1.9973 1.0700 1.0617 0.2307 0.3835 0.1932 0.1649 0.3606 0.1518 0.2626 0.0000 0.0000 
main 13.0000 2.0000 56.0000 8.0000 1.0000 8.0000 7.0000 1.0000 0.0452 0.2494 1.7455 0.0349 0.0588 b 0.1690 1.9955 1.0940 1.0857 0.2821 0.1894 0.2358 0.2918 0.2293 0.3087 0.2083 0.0000 0.0000 
main 13.0000 2.0000 1.0000 4.0000 0.0000 4.0000 3.0000 0.0000 0.0000 0.2500 0.7500 0.0000 0.0000 b 0.2840 1.0000 1.2602 1.2518 0.2500 0.2500 0.2500 0.0000 0.0000 0.0000 0.0000 0.0000 0.0000 
main 13.0000 2.0000 10.0000 7.0000 1.0000 7.0000 6.0000 0.0000 0.0000 0.2500 1.5000 0.0000 0.0000 b 0.1790 1.7500 1.4415 1.4331 0.2500 0.2500 0.2500 0.2500 0.2500 0.2500 0.0000 0.0000 0.0000 
main 13.0000 2.0000 37.0000 9.0000 1.0000 9.0000 8.0000 0.0000 0.0000 0.2500 2.0000 0.0000 0.0000 b 0.1790 2.2500 1.2109 1.2025 0.2500 0.2500 0.2500 0.2500 0.2500 0.2500 0.2500 0.2500 0.0000 
main 13.0000 2.0000 55.0000 8.0000 1.0000 8.0000 7.0000 0.0000 0.0000 0.2500 1.7500 0.0000 0.0000 b 0.2060 2.0000 1.0725 1.0642 0.2500 0.2500 0.2500 0.2500 0.2500 0.2500 0.2500 0.0000 0.0000 
main 13.0000 2.0000 50.0000 6.0000 0.0000 6.0000 5.0000 1.0000 0.0485 0.2491 1.2453 0.0349 0.0588 b 0.2270 1.4953 1.4404 1.4321 0.2034 0.2785 0.1915 0.2714 0.3005 0.0000 0.0000 0.0000 0.0000 
main 13.0000 2.0000 34.0000 8.0000 1.0000 8.0000 7.0000 0.0000 0.0000 0.2500 1.7500 0.0000 0.0000 b 0.1740 2.0000 1.3790 1.3707 0.2500 0.2500 0.2500 0.2500 0.2500 0.2500 0.2500 0.0000 0.0000 
main 13.0000 2.0000 31.0000 7.0000 1.0000 7.0000 6.0000 0.0000 0.0000 0.2500 1.5000 0.0000 0.0000 b 0.1720 1.7500 1.1491 1.1408 0.2500 0.2500 0.2500 0.2500 0.2500 0.2500 0.0000 0.0000 0.0000 
main 13.0000 2.0000 40.0000 10.0000 2.0000 10.0000 9.0000 0.0000 0.0000 0.2500 2.2500 0.0000 0.0000 b 0.1910 2.5000 1.3314 1.3230 0.2500 0.2500 0.2500 0.2500 0.2500 0.2500 0.2500 0.2500 0.2500 
main 13.0000 2.0000 23.0000 4.0000 0.0000 4.0000 3.0000 1.0000 0.0470 0.2503 0.7510 0.0349 0.0588 b 0.4420 1.0010 1.1490 1.1407 0.2774 0.1961 0.2776 0.0000 0.0000 0.0000 0.0000 0.0000 0.0000 
main 13.0000 2.0000 25.0000 5.0000 0.0000 5.0000 4.0000 0.0000 0.0000 0.2500 1.0000 0.0000 0.0000 b 0.2190 1.2500 1.3990 1.3907 0.2500 0.2500 0.2500 0.2500 0.0000 0.0000 0.0000 0.0000 0.0000 
main 13.0000 2.0000 9.0000 6.0000 0.0000 6.0000 5.0000 2.0000 0.0911 0.2492 1.2460 0.0906 0.1145 b 0.1980 1.4960 1.0218 1.0134 0.1662 0.3851 0.1669 0.2454 0.2824 0.0000 0.0000 0.0000 0.0000 
main 13.0000 2.0000 24.0000 4.0000 0.0000 4.0000 3.0000 2.0000 0.0961 0.2504 0.7511 0.0906 0.1145 b 0.2380 1.0011 1.3383 1.3300 0.1820 0.3602 0.2088 0.0000 0.0000 0.0000 0.0000 0.0000 0.0000 
main 13.0000 2.0000 22.0000 4.0000 0.0000 4.0000 3.0000 0.0000 0.0000 0.2500 0.7500 0.0000 0.0000 b 0.1860 1.0000 1.4709 1.4626 0.2500 0.2500 0.2500 0.0000 0.0000 0.0000 0.0000 0.0000 0.0000 
main 13.0000 2.0000 47.0000 5.0000 0.0000 5.0000 4.0000 1.0000 0.0443 0.2488 0.9954 0.0349 0.0588 b 0.1540 1.2454 1.0753 1.0669 0.2718 0.2209 0.2992 0.2036 0.0000 0.0000 0.0000 0.0000 0.0000 
main 13.0000 2.0000 15.0000 8.0000 1.0000 8.0000 7.0000 2.0000 0.0978 0.2501 1.7507 0.0906 0.1145 b 0.2260 2.0007 1.3042 1.2959 0.1918 0.3018 0.1639 0.3484 0.1904 0.1564 0.3980 0.0000 0.0000 
main 13.0000 2.0000 54.0000 7.0000 1.0000 7.0000 6.0000 2.0000 0.0936 0.2492 1.4955 0.0906 0.1145 b 0.1610 1.7455 1.2866 1.2783 0.2165 0.3154 0.2489 0.1623 0.3972 0.1551 0.0000 0.0000 0.0000 
main 13.0000 2.0000 53.0000 7.0000 1.0000 7.0000 6.0000 1.0000 0.0534 0.2492 1.4954 0.0349 0.0588 b 0.1960 1.7454 1.1166 1.1083 0.3300 0.1686 0.2667 0.2374 0.2662 0.2265 0.0000 0.0000 0.0000 
main 13.0000 2.0000 13.0000 8.0000 1.0000 8.0000 7.0000 0.0000 0.0000 0.2500 1.7500 0.0000 0.0000 b 0.1860 2.0000 1.1151 1.1068 0.2500 0.2500 0.2500 0.2500 0.2500 0.2500 0.2500 0.0000 0.0000 
main 13.0000 2.0000 2.0000 4.0000 0.0000 4.0000 3.0000 1.0000 0.0510 0.2486 0.7458 0.0349 0.0588 b 0.2440 0.9958 1.2307 1.2224 0.2945 0.2577 0.1936 0.0000 0.0000 0.0000 0.0000 0.0000 0.0000 
main 13.0000 2.0000 39.0000 9.0000 1.0000 9.0000 8.0000 2.0000 0.0918 0.2501 2.0012 0.0906 0.1145 b 0.1900 2.2512 1.1701 1.1618 0.1732 0.3103 0.2845 0.3599 0.1535 0.1854 0.3723 0.1619 0.0000 
main 13.0000 2.0000 11.0000 7.0000 1.0000 7.0000 6.0000 1.0000 0.0469 0.2495 1.4972 0.0349 0.0588 b 0.1990 1.7472 1.4829 1.4746 0.2551 0.2961 0.1718 0.2366 0.2994 0.2382 0.0000 0.0000 0.0000 
main 13.0000 2.0000 8.0000 6.0000 0.0000 6.0000 5.0000 1.0000 0.0556 0.2490 1.2450 0.0349 0.0588 b 0.2550 1.4950 1.2314 1.2231 0.2496 0.2970 0.1705 0.2225 0.3054 0.0000 0.0000 0.0000 0.0000 
main 13.0000 2.0000 14.0000 8.0000 1.0000 8.0000 7.0000 1.0000 0.0586 0.2496 1.7472 0.0349 0.0588 b 0.2060 1.9972 1.0612 1.0529 0.2009 0.2673 0.2168 0.3273 0.2192 0.3277 0.1880 0.0000 0.0000 
main 13.0000 2.0000 18.0000 9.0000 1.0000 9.0000 8.0000 2.0000 0.1052 0.2496 1.9966 0.0906 0.1145 b 0.1990 2.2466 1.3165 1.3081 0.1911 0.3919 0.1745 0.3921 0.3379 0.1513 0.1941 0.1636 0.0000 
main 13.0000 2.0000 19.0000 10.0000 2.0000 10.0000 9.0000 0.0000 0.0000 0.2500 2.2500 0.0000 0.0000 b 0.1960 2.5000 1.4216 1.4133 0.2500 0.2500 0.2500 0.2500 0.2500 0.2500 0.2500 0.2500 0.2500 
main 13.0000 2.0000 16.0000 9.0000 1.0000 9.0000 8.0000 0.0000 0.0000 0.2500 2.0000 0.0000 0.0000 b 0.2040 2.2500 1.1826 1.1743 0.2500 0.2500 0.2500 0.2500 0.2500 0.2500 0.2500 0.2500 0.0000 
main 13.0000 2.0000 62.0000 10.0000 2.0000 10.0000 9.0000 1.0000 0.0485 0.2496 2.2466 0.0349 0.0588 b 0.1700 2.4966 1.1786 1.1703 0.2039 0.2567 0.3123 0.2251 0.1871 0.2324 0.3318 0.2728 0.2245 
main 13.0000 2.0000 41.0000 10.0000 2.0000 10.0000 9.0000 1.0000 0.0552 0.2502 2.2517 0.0349 0.0588 b 0.1850 2.5017 1.4040 1.3957 0.3106 0.1763 0.2455 0.2073 0.2409 0.3340 0.2532 0.2973 0.1866 
main 13.0000 2.0000 42.0000 10.0000 2.0000 10.0000 9.0000 2.0000 0.0914 0.2496 2.2462 0.0906 0.1145 b 0.1940 2.4962 1.0193 1.0110 0.2757 0.3964 0.1504 0.3060 0.1560 0.3637 0.2339 0.1964 0.1676 
main 13.0000 2.0000 61.0000 10.0000 2.0000 10.0000 9.0000 0.0000 0.0000 0.2500 2.2500 0.0000 0.0000 b 0.1860 2.5000 1.1625 1.1542 0.2500 0.2500 0.2500 0.2500 0.2500 0.2500 0.2500 0.2500 0.2500 
main 13.0000 3.0000 7.0000 6.0000 0.0000 6.0000 5.0000 0.0000 0.0000 0.2500 1.2500 0.0000 0.0000 b 0.2030 1.5000 1.0139 1.0055 0.2500 0.2500 0.2500 0.2500 0.2500 0.0000 0.0000 0.0000 0.0000 
main 13.0000 3.0000 15.0000 8.0000 1.0000 8.0000 7.0000 2.0000 0.0935 0.2497 1.7479 0.0906 0.1145 b 0.5560 1.9979 1.0627 1.0544 0.1972 0.3984 0.1749 0.2003 0.2655 0.3538 0.1580 0.0000 0.0000 
main 13.0000 3.0000 1.0000 4.0000 0.0000 4.0000 3.0000 0.0000 0.0000 0.2500 0.7500 0.0000 0.0000 b 0.5550 1.0000 1.1873 1.1789 0.2500 0.2500 0.2500 0.0000 0.0000 0.0000 0.0000 0.0000 0.0000 
main 13.0000 3.0000 37.0000 9.0000 1.0000 9.0000 8.0000 0.0000 0.0000 0.2500 2.0000 0.0000 0.0000 b 0.1190 2.2500 1.1558 1.1475 0.2500 0.2500 0.2500 0.2500 0.2500 0.2500 0.2500 0.2500 0.0000 
main 13.0000 3.0000 56.0000 8.0000 1.0000 8.0000 7.0000 1.0000 0.0513 0.2500 1.7503 0.0349 0.0588 b 0.1120 2.0003 1.0110 1.0026 0.2068 0.2516 0.2111 0.3283 0.2759 0.1867 0.2898 0.0000 0.0000 
main 13.0000 3.0000 52.0000 7.0000 1.0000 7.0000 6.0000 0.0000 0.0000 0.2500 1.5000 0.0000 0.0000 b 0.2390 1.7500 1.4402 1.4319 0.2500 0.2500 0.2500 0.2500 0.2500 0.2500 0.0000 0.0000 0.0000 
main 13.0000 3.0000 61.0000 10.0000 2.0000 10.0000 9.0000 0.0000 0.0000 0.2500 2.2500 0.0000 0.0000 b 0.1910 2.5000 1.2659 1.2576 0.2500 0.2500 0.2500 0.2500 0.2500 0.2500 0.2500 0.2500 0.2500 
main 13.0000 3.0000 29.0000 6.0000 0.0000 6.0000 5.0000 1.0000 0.0558 0.2509 1.2545 0.0349 0.0588 b 0.2350 1.5045 1.2829 1.2745 0.3124 0.2558 0.2959 0.2096 0.1808 0.0000 0.0000 0.0000 0.0000 
main 13.0000 3.0000 14.0000 8.0000 1.0000 8.0000 7.0000 1.0000 0.0546 0.2493 1.7453 0.0349 0.0588 b 0.1650 1.9953 1.1213 1.1130 0.2843 0.2145 0.1662 0.2532 0.2126 0.2917 0.3227 0.0000 0.0000 
main 13.0000 3.0000 24.0000 4.0000 0.0000 4.0000 3.0000 2.0000 0.0950 0.2488 0.7465 0.0906 0.1145 b 0.2340 0.9965 1.2318 1.2235 0.1506 0.2557 0.3402 0.0000 0.0000 0.0000 0.0000 0.0000 0.0000 
main 13.0000 3.0000 62.0000 10.0000 2.0000 10.0000 9.0000 1.0000 0.0566 0.2505 2.2546 0.0349 0.0588 b 0.1840 2.5046 1.3463 1.3379 0.2372 0.2653 0.2216 0.1854 0.3285 0.1807 0.2469 0.3459 0.2432 
main 13.0000 3.0000 43.0000 4.0000 0.0000 4.0000 3.0000 0.0000 0.0000 0.2500 0.7500 0.0000 0.0000 b 0.4000 1.0000 1.0755 1.0671 0.2500 0.2500 0.2500 0.0000 0.0000 0.0000 0.0000 0.0000 0.0000 
main 13.0000 3.0000 57.0000 8.0000 1.0000 8.0000 7.0000 2.0000 0.1011 0.2505 1.7537 0.0906 0.1145 b 0.1890 2.0037 1.3206 1.3122 0.3978 0.2385 0.1592 0.2163 0.1523 0.3854 0.2042 0.0000 0.0000 
main 13.0000 3.0000 58.0000 9.0000 1.0000 9.0000 8.0000 0.0000 0.0000 0.2500 2.0000 0.0000 0.0000 b 0.1860 2.2500 1.1117 1.1033 0.2500 0.2500 0.2500 0.2500 0.2500 0.2500 0.2500 0.2500 0.0000 
main 13.0000 3.0000 2.0000 4.0000 0.0000 4.0000 3.0000 1.0000 0.0453 0.2509 0.7526 0.0349 0.0588 b 0.3550 1.0026 1.0758 1.0675 0.2539 0.2042 0.2946 0.0000 0.0000 0.0000 0.0000 0.0000 0.0000 
main 13.0000 3.0000 12.0000 7.0000 1.0000 7.0000 6.0000 2.0000 0.1016 0.2492 1.4953 0.0906 0.1145 b 0.1540 1.7453 1.0180 1.0096 0.2236 0.1607 0.3610 0.1973 0.3914 0.1614 0.0000 0.0000 0.0000 
main 13.0000 3.0000 33.0000 7.0000 1.0000 7.0000 6.0000 2.0000 0.0920 0.2495 1.4969 0.0906 0.1145 b 0.2610 1.7469 1.1405 1.1322 0.3981 0.3158 0.1979 0.1531 0.1872 0.2448 0.0000 0.0000 0.0000 
main 13.0000 3.0000 49.0000 6.0000 0.0000 6.0000 5.0000 0.0000 0.0000 0.2500 1.2500 0.0000 0.0000 b 0.1380 1.5000 1.3713 1.3629 0.2500 0.2500 0.2500 0.2500 0.2500 0.0000 0.0000 0.0000 0.0000 
main 13.0000 3.0000 53.0000 7.0000 1.0000 7.0000 6.0000 1.0000 0.0585 0.2505 1.5030 0.0349 0.0588 b 0.1470 1.7530 1.1859 1.1776 0.2933 0.2050 0.3473 0.2106 0.2432 0.2036 0.0000 0.0000 0.0000 
main 13.0000 3.0000 55.0000 8.0000 1.0000 8.0000 7.0000 0.0000 0.0000 0.2500 1.7500 0.0000 0.0000 b 0.1110 2.0000 1.0311 1.0227 0.2500 0.2500 0.2500 0.2500 0.2500 0.2500 0.2500 0.0000 0.0000 
main 13.0000 3.0000 30.0000 6.0000 0.0000 6.0000 5.0000 2.0000 0.0947 0.2496 1.2478 0.0906 0.1145 b 0.1660 1.4978 1.0313 1.0229 0.1920 0.3194 0.1627 0.1936 0.3800 0.0000 0.0000 0.0000 0.0000 
main 13.0000 3.0000 60.0000 9.0000 1.0000 9.0000 8.0000 2.0000 0.0911 0.2501 2.0011 0.0906 0.1145 b 0.1760 2.2511 1.0785 1.0701 0.1605 0.3640 0.2389 0.3900 0.1672 0.3018 0.1742 0.2044 0.0000 
main 13.0000 3.0000 50.0000 6.0000 0.0000 6.0000 5.0000 1.0000 0.0569 0.2493 1.2463 0.0349 0.0588 b 0.2020 1.4963 1.1188 1.1105 0.3050 0.1729 0.2917 0.2070 0.2696 0.0000 0.0000 0.0000 0.0000 
main 13.0000 3.0000 45.0000 4.0000 0.0000 4.0000 3.0000 2.0000 0.1006 0.2511 0.7532 0.0906 0.1145 b 0.2090 1.0032 1.2753 1.2670 0.1567 0.3570 0.2396 0.0000 0.0000 0.0000 0.0000 0.0000 0.0000 
main 13.0000 3.0000 46.0000 5.0000 0.0000 5.0000 4.0000 0.0000 0.0000 0.2500 1.0000 0.0000 0.0000 b 0.1680 1.2500 1.0519 1.0436 0.2500 0.2500 0.2500 0.2500 0.0000 0.0000 0.0000 0.0000 0.0000 
main 13.0000 3.0000 11.0000 7.0000 1.0000 7.0000 6.0000 1.0000 0.0540 0.2500 1.5001 0.0349 0.0588 b 0.1400 1.7501 1.4033 1.3949 0.2046 0.2568 0.3178 0.1922 0.3097 0.2191 0.0000 0.0000 0.0000 
main 13.0000 3.0000 20.0000 10.0000 2.0000 10.0000 9.0000 1.0000 0.0548 0.2498 2.2479 0.0349 0.0588 b 0.1360 2.4979 1.0943 1.0859 0.2468 0.2209 0.2936 0.2066 0.2780 0.2099 0.2381 0.1894 0.3647 
main 13.0000 3.0000 40.0000 10.0000 2.0000 10.0000 9.0000 0.0000 0.0000 0.2500 2.2500 0.0000 0.0000 b 0.1500 2.5000 1.3326 1.3242 0.2500 0.2500 0.2500 0.2500 0.2500 0.2500 0.2500 0.2500 0.2500 
main 13.0000 3.0000 6.0000 5.0000 0.0000 5.0000 4.0000 2.0000 0.0940 0.2496 0.9982 0.0906 0.1145 b 0.2190 1.2482 1.3826 1.3742 0.3680 0.2808 0.1620 0.1874 0.0000 0.0000 0.0000 0.0000 0.0000 
main 13.0000 3.0000 34.0000 8.0000 1.0000 8.0000 7.0000 0.0000 0.0000 0.2500 1.7500 0.0000 0.0000 b 0.1420 2.0000 1.3583 1.3500 0.2500 0.2500 0.2500 0.2500 0.2500 0.2500 0.2500 0.0000 0.0000 
main 13.0000 3.0000 44.0000 4.0000 0.0000 4.0000 3.0000 1.0000 0.0387 0.2487 0.7461 0.0349 0.0588 b 0.2180 0.9961 1.4392 1.4309 0.2370 0.2918 0.2172 0.0000 0.0000 0.0000 0.0000 0.0000 0.0000 
main 13.0000 3.0000 47.0000 5.0000 0.0000 5.0000 4.0000 1.0000 0.0506 0.2500 1.0001 0.0349 0.0588 b 0.2020 1.2501 1.1965 1.1882 0.3141 0.2412 0.1909 0.2540 0.0000 0.0000 0.0000 0.0000 0.0000 
main 13.0000 3.0000 36.0000 8.0000 1.0000 8.0000 7.0000 2.0000 0.0910 0.2500 1.7500 0.0906 0.1145 b 0.1590 2.0000 1.3579 1.3496 0.1607 0.2552 0.3625 0.2117 0.1608 0.2138 0.3853 0.0000 0.0000 
main 13.0000 3.0000 17.0000 9.0000 1.0000 9.0000 8.0000 1.0000 0.0530 0.2494 1.9954 0.0349 0.0588 b 0.1710 2.2454 1.0262 1.0179 0.2411 0.2152 0.3394 0.2356 0.2685 0.1628 0.2958 0.2369 0.0000 
main 13.0000 3.0000 39.0000 9.0000 1.0000 9.0000 8.0000 2.0000 0.0965 0.2505 2.0041 0.0906 0.1145 b 0.2180 2.2541 1.0295 1.0212 0.3573 0.2371 0.1640 0.3338 0.1710 0.1976 0.1509 0.3923 0.0000 
main 13.0000 3.0000 19.0000 10.0000 2.0000 10.0000 9.0000 0.0000 0.0000 0.2500 2.2500 0.0000 0.0000 b 0.1720 2.5000 1.1402 1.1319 0.2500 0.2500 0.2500 0.2500 0.2500 0.2500 0.2500 0.2500 0.2500 
main 13.0000 3.0000 13.0000 8.0000 1.0000 8.0000 7.0000 0.0000 0.0000 0.2500 1.7500 0.0000 0.0000 b 0.1700 2.0000 1.1230 1.1147 0.2500 0.2500 0.2500 0.2500 0.2500 0.2500 0.2500 0.0000 0.0000 
main 13.0000 3.0000 48.0000 5.0000 0.0000 5.0000 4.0000 2.0000 0.0953 0.2506 1.0023 0.0906 0.1145 b 0.1850 1.2523 1.1880 1.1797 0.3803 0.1598 0.2575 0.2046 0.0000 0.0000 0.0000 0.0000 0.0000 
main 13.0000 3.0000 63.0000 10.0000 2.0000 10.0000 9.0000 2.0000 0.0963 0.2505 2.2544 0.0906 0.1145 b 0.1850 2.5044 1.4393 1.4310 0.1547 0.2242 0.3922 0.3490 0.2298 0.1732 0.2025 0.3773 0.1514 
main 13.0000 3.0000 18.0000 9.0000 1.0000 9.0000 8.0000 2.0000 0.0935 0.2495 1.9963 0.0906 0.1145 b 0.1880 2.2463 1.1136 1.1052 0.1558 0.2674 0.3856 0.2104 0.3848 0.1802 0.2568 0.1551 0.0000 
main 13.0000 3.0000 5.0000 5.0000 0.0000 5.0000 4.0000 1.0000 0.0494 0.2489 0.9956 0.0349 0.0588 b 0.3670 1.2456 1.1751 1.1668 0.2551 0.2048 0.3159 0.2198 0.0000 0.0000 0.0000 0.0000 0.0000 
main 13.0000 3.0000 51.0000 6.0000 0.0000 6.0000 5.0000 2.0000 0.0952 0.2491 1.2456 0.0906 0.1145 b 0.2580 1.4956 1.3059 1.2976 0.1563 0.3098 0.2459 0.3747 0.1588 0.0000 0.0000 0.0000 0.0000 
main 13.0000 3.0000 16.0000 9.0000 1.0000 9.0000 8.0000 0.0000 0.0000 0.2500 2.0000 0.0000 0.0000 b 0.1380 2.2500 1.3672 1.3589 0.2500 0.2500 0.2500 0.2500 0.2500 0.2500 0.2500 0.2500 0.0000 
main 13.0000 3.0000 32.0000 7.0000 1.0000 7.0000 6.0000 1.0000 0.0514 0.2495 1.4968 0.0349 0.0588 b 0.1960 1.7468 1.0920 1.0836 0.1935 0.3083 0.2720 0.2348 0.2979 0.1902 0.0000 0.0000 0.0000 
main 13.0000 3.0000 3.0000 4.0000 0.0000 4.0000 3.0000 2.0000 0.0946 0.2513 0.7538 0.0906 0.1145 b 0.2650 1.0038 1.0189 1.0106 0.3398 0.1516 0.2624 0.0000 0.0000 0.0000 0.0000 0.0000 0.0000 
main 13.0000 3.0000 41.0000 10.0000 2.0000 10.0000 9.0000 1.0000 0.0555 0.2499 2.2494 0.0349 0.0588 b 0.1810 2.4994 1.3662 1.3579 0.2013 0.3114 0.2602 0.3317 0.2318 0.1999 0.2489 0.1680 0.2962 
main 13.0000 3.0000 10.0000 7.0000 1.0000 7.0000 6.0000 0.0000 0.0000 0.2500 1.5000 0.0000 0.0000 b 0.2000 1.7500 1.2862 1.2778 0.2500 0.2500 0.2500 0.2500 0.2500 0.2500 0.0000 0.0000 0.0000 
main 13.0000 3.0000 59.0000 9.0000 1.0000 9.0000 8.0000 1.0000 0.0586 0.2504 2.0029 0.0349 0.0588 b 0.2050 2.2529 1.2601 1.2518 0.3290 0.2554 0.1779 0.2607 0.1860 0.2988 0.1931 0.3021 0.0000 
main 13.0000 3.0000 26.0000 5.0000 0.0000 5.0000 4.0000 1.0000 0.0582 0.2508 1.0032 0.0349 0.0588 b 0.2330 1.2532 1.1293 1.1209 0.2446 0.1737 0.2735 0.3114 0.0000 0.0000 0.0000 0.0000 0.0000 
main 13.0000 3.0000 42.0000 10.0000 2.0000 10.0000 9.0000 2.0000 0.0913 0.2496 2.2465 0.0906 0.1145 b 0.2130 2.4965 1.2699 1.2616 0.1555 0.1813 0.3313 0.1911 0.3712 0.3067 0.1683 0.3640 0.1770 
main 13.0000 3.0000 9.0000 6.0000 0.0000 6.0000 5.0000 2.0000 0.0970 0.2500 1.2501 0.0906 0.1145 b 0.3310 1.5001 1.2310 1.2227 0.3735 0.1835 0.3350 0.1609 0.1972 0.0000 0.0000 0.0000 0.0000 
main 13.0000 3.0000 25.0000 5.0000 0.0000 5.0000 4.0000 0.0000 0.0000 0.2500 1.0000 0.0000 0.0000 b 0.1590 1.2500 1.3420 1.3336 0.2500 0.2500 0.2500 0.2500 0.0000 0.0000 0.0000 0.0000 0.0000 
main 13.0000 3.0000 23.0000 4.0000 0.0000 4.0000 3.0000 1.0000 0.0440 0.2501 0.7504 0.0349 0.0588 b 0.3590 1.0004 1.3156 1.3073 0.2045 0.2535 0.2923 0.0000 0.0000 0.0000 0.0000 0.0000 0.0000 
main 13.0000 3.0000 27.0000 5.0000 0.0000 5.0000 4.0000 2.0000 0.1009 0.2490 0.9960 0.0906 0.1145 b 0.1990 1.2460 1.4203 1.4119 0.3968 0.1884 0.2300 0.1808 0.0000 0.0000 0.0000 0.0000 0.0000 
main 13.0000 3.0000 8.0000 6.0000 0.0000 6.0000 5.0000 1.0000 0.0450 0.2503 1.2514 0.0349 0.0588 b 0.1800 1.5014 1.4312 1.4229 0.2573 0.2263 0.1938 0.2587 0.3153 0.0000 0.0000 0.0000 0.0000 
main 13.0000 3.0000 22.0000 4.0000 0.0000 4.0000 3.0000 0.0000 0.0000 0.2500 0.7500 0.0000 0.0000 b 0.2220 1.0000 1.0412 1.0328 0.2500 0.2500 0.2500 0.0000 0.0000 0.0000 0.0000 0.0000 0.0000 
main 13.0000 3.0000 28.0000 6.0000 0.0000 6.0000 5.0000 0.0000 0.0000 0.2500 1.2500 0.0000 0.0000 b 0.2080 1.5000 1.1061 1.0978 0.2500 0.2500 0.2500 0.2500 0.2500 0.0000 0.0000 0.0000 0.0000 
main 13.0000 3.0000 21.0000 10.0000 2.0000 10.0000 9.0000 2.0000 0.0930 0.2495 2.2459 0.0906 0.1145 b 0.1450 2.4959 1.0913 1.0829 0.1527 0.3756 0.1590 0.3173 0.1726 0.2258 0.2692 0.3904 0.1832 
main 13.0000 3.0000 31.0000 7.0000 1.0000 7.0000 6.0000 0.0000 0.0000 0.2500 1.5000 0.0000 0.0000 b 0.1960 1.7500 1.2812 1.2728 0.2500 0.2500 0.2500 0.2500 0.2500 0.2500 0.0000 0.0000 0.0000 
main 13.0000 3.0000 54.0000 7.0000 1.0000 7.0000 6.0000 2.0000 0.0930 0.2501 1.5005 0.0906 0.1145 b 0.1690 1.7505 1.4010 1.3926 0.1689 0.2344 0.3371 0.3862 0.2208 0.1530 0.0000 0.0000 0.0000 
main 13.0000 3.0000 38.0000 9.0000 1.0000 9.0000 8.0000 1.0000 0.0412 0.2499 1.9990 0.0349 0.0588 b 0.1830 2.2490 1.4952 1.4868 0.2553 0.1927 0.2279 0.2932 0.2392 0.2095 0.3147 0.2666 0.0000 
main 13.0000 3.0000 4.0000 5.0000 0.0000 5.0000 4.0000 0.0000 0.0000 0.2500 1.0000 0.0000 0.0000 b 0.2610 1.2500 1.2745 1.2661 0.2500 0.2500 0.2500 0.2500 0.0000 0.0000 0.0000 0.0000 0.0000 
main 13.0000 3.0000 35.0000 8.0000 1.0000 8.0000 7.0000 1.0000 0.0576 0.2497 1.7482 0.0349 0.0588 b 0.1450 1.9982 1.3012 1.2929 0.3016 0.2581 0.1911 0.1637 0.3023 0.2267 0.3047 0.0000 0.0000 
main 13.0000 4.0000 59.0000 9.0000 1.0000 9.0000 8.0000 1.0000 0.0522 0.2494 1.9953 0.0349 0.0588 b 0.1820 2.2453 1.2390 1.2307 0.2968 0.2046 0.2394 0.1517 0.2897 0.2452 0.3080 0.2599 0.0000 
main 13.0000 4.0000 30.0000 6.0000 0.0000 6.0000 5.0000 2.0000 0.0995 0.2498 1.2488 0.0906 0.1145 b 0.2000 1.4988 1.3177 1.3094 0.1569 0.3742 0.3326 0.1605 0.2246 0.0000 0.0000 0.0000 0.0000 
main 13.0000 4.0000 47.0000 5.0000 0.0000 5.0000 4.0000 1.0000 0.0418 0.2509 1.0036 0.0349 0.0588 b 0.1620 1.2536 1.3280 1.3197 0.2906 0.1956 0.2741 0.2432 0.0000 0.0000 0.0000 0.0000 0.0000 
main 13.0000 4.0000 53.0000 7.0000 1.0000 7.0000 6.0000 1.0000 0.0548 0.2499 1.4996 0.0349 0.0588 b 0.1910 1.7496 1.1840 1.1757 0.2745 0.2241 0.2862 0.2380 0.3159 0.1610 0.0000 0.0000 0.0000 
main 13.0000 4.0000 7.0000 6.0000 0.0000 6.0000 5.0000 0.0000 0.0000 0.2500 1.2500 0.0000 0.0000 b 0.1870 1.5000 1.0973 1.0889 0.2500 0.2500 0.2500 0.2500 0.2500 0.0000 0.0000 0.0000 0.0000 
main 13.0000 4.0000 56.0000 8.0000 1.0000 8.0000 7.0000 1.0000 0.0585 0.2495 1.7463 0.0349 0.0588 b 0.1330 1.9963 1.1865 1.1782 0.2271 0.2524 0.3316 0.2419 0.1650 0.3173 0.2109 0.0000 0.0000 
main 13.0000 4.0000 51.0000 6.0000 0.0000 6.0000 5.0000 2.0000 0.0916 0.2504 1.2518 0.0906 0.1145 b 0.1780 1.5018 1.3209 1.3126 0.1855 0.3923 0.1570 0.2454 0.2716 0.0000 0.0000 0.0000 0.0000 
main 13.0000 4.0000 34.0000 8.0000 1.0000 8.0000 7.0000 0.0000 0.0000 0.2500 1.7500 0.0000 0.0000 b 0.1380 2.0000 1.2953 1.2870 0.2500 0.2500 0.2500 0.2500 0.2500 0.2500 0.2500 0.0000 0.0000 
main 13.0000 4.0000 12.0000 7.0000 1.0000 7.0000 6.0000 2.0000 0.1009 0.2493 1.4957 0.0906 0.1145 b 0.1820 1.7457 1.2543 1.2460 0.2508 0.1600 0.3409 0.3988 0.1873 0.1579 0.0000 0.0000 0.0000 
main 13.0000 4.0000 21.0000 10.0000 2.0000 10.0000 9.0000 2.0000 0.0956 0.2497 2.2472 0.0906 0.1145 b 0.1450 2.4972 1.3021 1.2938 0.3489 0.1687 0.3987 0.1988 0.3604 0.1616 0.2574 0.1523 0.2005 
main 13.0000 4.0000 23.0000 4.0000 0.0000 4.0000 3.0000 1.0000 0.0467 0.2514 0.7541 0.0349 0.0588 b 0.3010 1.0041 1.4791 1.4708 0.2392 0.2119 0.3029 0.0000 0.0000 0.0000 0.0000 0.0000 0.0000 
main 13.0000 4.0000 42.0000 10.0000 2.0000 10.0000 9.0000 2.0000 0.0938 0.2497 2.2475 0.0906 0.1145 b 0.1390 2.4975 1.2310 1.2226 0.2141 0.1723 0.3997 0.3737 0.1685 0.2558 0.1531 0.3228 0.1874 
main 13.0000 4.0000 17.0000 9.0000 1.0000 9.0000 8.0000 1.0000 0.0532 0.2505 2.0042 0.0349 0.0588 b 0.1810 2.2542 1.3966 1.3883 0.2590 0.2874 0.2401 0.1958 0.2651 0.1638 0.3371 0.2559 0.0000 
main 13.0000 4.0000 10.0000 7.0000 1.0000 7.0000 6.0000 0.0000 0.0000 0.2500 1.5000 0.0000 0.0000 b 0.2210 1.7500 1.1291 1.1207 0.2500 0.2500 0.2500 0.2500 0.2500 0.2500 0.0000 0.0000 0.0000 
main 13.0000 4.0000 54.0000 7.0000 1.0000 7.0000 6.0000 2.0000 0.0911 0.2493 1.4958 0.0906 0.1145 b 0.1830 1.7458 1.0816 1.0733 0.3088 0.1637 0.2525 0.1826 0.3993 0.1889 0.0000 0.0000 0.0000 
main 13.0000 4.0000 13.0000 8.0000 1.0000 8.0000 7.0000 0.0000 0.0000 0.2500 1.7500 0.0000 0.0000 b 0.1670 2.0000 1.2433 1.2350 0.2500 0.2500 0.2500 0.2500 0.2500 0.2500 0.2500 0.0000 0.0000 
main 13.0000 4.0000 14.0000 8.0000 1.0000 8.0000 7.0000 1.0000 0.0585 0.2497 1.7477 0.0349 0.0588 b 0.4940 1.9977 1.4999 1.4916 0.2831 0.2349 0.3022 0.2690 0.1975 0.3099 0.1512 0.0000 0.0000 
main 13.0000 4.0000 15.0000 8.0000 1.0000 8.0000 7.0000 2.0000 0.0966 0.2502 1.7515 0.0906 0.1145 b 0.2900 2.0015 1.0097 1.0014 0.3339 0.1524 0.3302 0.3832 0.2188 0.1794 0.1537 0.0000 0.0000 
main 13.0000 4.0000 19.0000 10.0000 2.0000 10.0000 9.0000 0.0000 0.0000 0.2500 2.2500 0.0000 0.0000 b 0.1740 2.5000 1.3319 1.3236 0.2500 0.2500 0.2500 0.2500 0.2500 0.2500 0.2500 0.2500 0.2500 
main 13.0000 4.0000 52.0000 7.0000 1.0000 7.0000 6.0000 0.0000 0.0000 0.2500 1.5000 0.0000 0.0000 b 0.1580 1.7500 1.3411 1.3328 0.2500 0.2500 0.2500 0.2500 0.2500 0.2500 0.0000 0.0000 0.0000 
main 13.0000 4.0000 61.0000 10.0000 2.0000 10.0000 9.0000 0.0000 0.0000 0.2500 2.2500 0.0000 0.0000 NA E 2.5000 1.1886 1.1802 0.2500 0.2500 0.2500 0.2500 0.2500 0.2500 0.2500 0.2500 0.2500 
main 13.0000 4.0000 18.0000 9.0000 1.0000 9.0000 8.0000 2.0000 0.1054 0.2496 1.9972 0.0906 0.1145 b 0.1700 2.2472 1.2711 1.2628 0.1717 0.3767 0.1902 0.3795 0.1512 0.1955 0.3710 0.1614 0.0000 
main 13.0000 4.0000 11.0000 7.0000 1.0000 7.0000 6.0000 1.0000 0.0555 0.2500 1.4999 0.0349 0.0588 b 0.1830 1.7499 1.0205 1.0122 0.2391 0.1789 0.3323 0.2955 0.2142 0.2401 0.0000 0.0000 0.0000 
main 13.0000 4.0000 16.0000 9.0000 1.0000 9.0000 8.0000 0.0000 0.0000 0.2500 2.0000 0.0000 0.0000 b 0.1900 2.2500 1.4742 1.4659 0.2500 0.2500 0.2500 0.2500 0.2500 0.2500 0.2500 0.2500 0.0000 
main 13.0000 4.0000 6.0000 5.0000 0.0000 5.0000 4.0000 2.0000 0.1130 0.2498 0.9991 0.0906 0.1145 b 0.2190 1.2491 1.3248 1.3165 0.1664 0.3901 0.2922 0.1503 0.0000 0.0000 0.0000 0.0000 0.0000 
main 13.0000 4.0000 44.0000 4.0000 0.0000 4.0000 3.0000 1.0000 0.0571 0.2503 0.7509 0.0349 0.0588 b 0.2500 1.0009 1.1055 1.0972 0.2510 0.1929 0.3070 0.0000 0.0000 0.0000 0.0000 0.0000 0.0000 
main 13.0000 4.0000 32.0000 7.0000 1.0000 7.0000 6.0000 1.0000 0.0572 0.2500 1.4998 0.0349 0.0588 b 0.1660 1.7498 1.3929 1.3846 0.3115 0.1598 0.2670 0.3005 0.2512 0.2097 0.0000 0.0000 0.0000 
main 13.0000 4.0000 36.0000 8.0000 1.0000 8.0000 7.0000 2.0000 0.0929 0.2503 1.7519 0.0906 0.1145 b 0.1880 2.0019 1.1203 1.1119 0.3620 0.1600 0.3584 0.1638 0.2428 0.1574 0.3074 0.0000 0.0000 
main 13.0000 4.0000 58.0000 9.0000 1.0000 9.0000 8.0000 0.0000 0.0000 0.2500 2.0000 0.0000 0.0000 b 0.1800 2.2500 1.0384 1.0301 0.2500 0.2500 0.2500 0.2500 0.2500 0.2500 0.2500 0.2500 0.0000 
main 13.0000 4.0000 41.0000 10.0000 2.0000 10.0000 9.0000 1.0000 0.0542 0.2496 2.2467 0.0349 0.0588 b 0.1500 2.4967 1.3016 1.2933 0.2156 0.1859 0.2932 0.3440 0.1957 0.2295 0.2989 0.2137 0.2702 
main 13.0000 4.0000 55.0000 8.0000 1.0000 8.0000 7.0000 0.0000 0.0000 0.2500 1.7500 0.0000 0.0000 b 0.1780 2.0000 1.4086 1.4003 0.2500 0.2500 0.2500 0.2500 0.2500 0.2500 0.2500 0.0000 0.0000 
main 13.0000 4.0000 48.0000 5.0000 0.0000 5.0000 4.0000 2.0000 0.0927 0.2509 1.0036 0.0906 0.1145 b 0.1870 1.2536 1.3745 1.3661 0.3456 0.1518 0.1941 0.3122 0.0000 0.0000 0.0000 0.0000 0.0000 
main 13.0000 4.0000 2.0000 4.0000 0.0000 4.0000 3.0000 1.0000 0.0534 0.2508 0.7524 0.0349 0.0588 b 0.3140 1.0024 1.2882 1.2799 0.3077 0.2018 0.2429 0.0000 0.0000 0.0000 0.0000 0.0000 0.0000 
main 13.0000 4.0000 35.0000 8.0000 1.0000 8.0000 7.0000 1.0000 0.0580 0.2506 1.7542 0.0349 0.0588 NA E 2.0042 1.2905 1.2822 0.3150 0.2656 0.2249 0.1633 0.3259 0.2076 0.2521 0.0000 0.0000 
main 13.0000 4.0000 49.0000 6.0000 0.0000 6.0000 5.0000 0.0000 0.0000 0.2500 1.2500 0.0000 0.0000 b 0.1880 1.5000 1.1308 1.1225 0.2500 0.2500 0.2500 0.2500 0.2500 0.0000 0.0000 0.0000 0.0000 
main 13.0000 4.0000 22.0000 4.0000 0.0000 4.0000 3.0000 0.0000 0.0000 0.2500 0.7500 0.0000 0.0000 b 0.5480 1.0000 1.2880 1.2797 0.2500 0.2500 0.2500 0.0000 0.0000 0.0000 0.0000 0.0000 0.0000 
main 13.0000 4.0000 28.0000 6.0000 0.0000 6.0000 5.0000 0.0000 0.0000 0.2500 1.2500 0.0000 0.0000 b 0.2010 1.5000 1.1626 1.1543 0.2500 0.2500 0.2500 0.2500 0.2500 0.0000 0.0000 0.0000 0.0000 
main 13.0000 4.0000 46.0000 5.0000 0.0000 5.0000 4.0000 0.0000 0.0000 0.2500 1.0000 0.0000 0.0000 b 0.2140 1.2500 1.2585 1.2502 0.2500 0.2500 0.2500 0.2500 0.0000 0.0000 0.0000 0.0000 0.0000 
main 13.0000 4.0000 38.0000 9.0000 1.0000 9.0000 8.0000 1.0000 0.0426 0.2504 2.0031 0.0349 0.0588 NA E 2.2531 1.3196 1.3112 0.2092 0.2482 0.1907 0.2461 0.3190 0.2625 0.2305 0.2969 0.0000 
main 13.0000 4.0000 3.0000 4.0000 0.0000 4.0000 3.0000 2.0000 0.0954 0.2498 0.7495 0.0906 0.1145 b 0.1980 0.9995 1.1231 1.1148 0.2292 0.1665 0.3538 0.0000 0.0000 0.0000 0.0000 0.0000 0.0000 
main 13.0000 4.0000 57.0000 8.0000 1.0000 8.0000 7.0000 2.0000 0.0912 0.2502 1.7512 0.0906 0.1145 b 0.1690 2.0012 1.3785 1.3702 0.1693 0.3483 0.1826 0.3372 0.1761 0.3567 0.1810 0.0000 0.0000 
main 13.0000 4.0000 50.0000 6.0000 0.0000 6.0000 5.0000 1.0000 0.0544 0.2508 1.2539 0.0349 0.0588 b 0.2190 1.5039 1.4196 1.4113 0.2636 0.2370 0.2640 0.3197 0.1697 0.0000 0.0000 0.0000 0.0000 
main 13.0000 4.0000 27.0000 5.0000 0.0000 5.0000 4.0000 2.0000 0.0975 0.2505 1.0019 0.0906 0.1145 b 0.2250 1.2519 1.4479 1.4395 0.1539 0.3761 0.1974 0.2744 0.0000 0.0000 0.0000 0.0000 0.0000 
main 13.0000 4.0000 62.0000 10.0000 2.0000 10.0000 9.0000 1.0000 0.0484 0.2495 2.2456 0.0349 0.0588 b 0.2240 2.4956 1.1859 1.1775 0.1589 0.2519 0.2033 0.2803 0.3152 0.2259 0.2861 0.2402 0.2836 
main 13.0000 4.0000 25.0000 5.0000 0.0000 5.0000 4.0000 0.0000 0.0000 0.2500 1.0000 0.0000 0.0000 b 0.2250 1.2500 1.3381 1.3297 0.2500 0.2500 0.2500 0.2500 0.0000 0.0000 0.0000 0.0000 0.0000 
main 13.0000 4.0000 20.0000 10.0000 2.0000 10.0000 9.0000 1.0000 0.0502 0.2498 2.2478 0.0349 0.0588 b 0.1940 2.4978 1.2870 1.2786 0.2528 0.2100 0.3434 0.2564 0.2883 0.1919 0.2652 0.1821 0.2578 
main 13.0000 4.0000 63.0000 10.0000 2.0000 10.0000 9.0000 2.0000 0.0910 0.2502 2.2517 0.0906 0.1145 b 0.2090 2.5017 1.1826 1.1743 0.2364 0.1707 0.3851 0.1569 0.2650 0.1875 0.3889 0.1645 0.2966 
main 13.0000 4.0000 29.0000 6.0000 0.0000 6.0000 5.0000 1.0000 0.0527 0.2503 1.2516 0.0349 0.0588 b 0.2150 1.5016 1.1699 1.1615 0.2983 0.2348 0.1993 0.3135 0.2058 0.0000 0.0000 0.0000 0.0000 
main 13.0000 4.0000 5.0000 5.0000 0.0000 5.0000 4.0000 1.0000 0.0557 0.2496 0.9985 0.0349 0.0588 b 0.2040 1.2485 1.4382 1.4299 0.2955 0.1792 0.2306 0.2931 0.0000 0.0000 0.0000 0.0000 0.0000 
main 13.0000 4.0000 45.0000 4.0000 0.0000 4.0000 3.0000 2.0000 0.1116 0.2487 0.7462 0.0906 0.1145 b 0.1990 0.9962 1.1932 1.1849 0.1504 0.2258 0.3700 0.0000 0.0000 0.0000 0.0000 0.0000 0.0000 
main 13.0000 4.0000 37.0000 9.0000 1.0000 9.0000 8.0000 0.0000 0.0000 0.2500 2.0000 0.0000 0.0000 b 0.1990 2.2500 1.2691 1.2608 0.2500 0.2500 0.2500 0.2500 0.2500 0.2500 0.2500 0.2500 0.0000 
main 13.0000 4.0000 60.0000 9.0000 1.0000 9.0000 8.0000 2.0000 0.0909 0.2498 1.9988 0.0906 0.1145 b 0.1890 2.2488 1.0481 1.0398 0.3084 0.2690 0.1501 0.3496 0.3854 0.1894 0.1582 0.1888 0.0000 
main 13.0000 4.0000 8.0000 6.0000 0.0000 6.0000 5.0000 1.0000 0.0518 0.2506 1.2531 0.0349 0.0588 b 0.1690 1.5031 1.4387 1.4303 0.2641 0.1835 0.3246 0.2273 0.2534 0.0000 0.0000 0.0000 0.0000 
main 13.0000 4.0000 1.0000 4.0000 0.0000 4.0000 3.0000 0.0000 0.0000 0.2500 0.7500 0.0000 0.0000 b 0.2390 1.0000 1.1803 1.1720 0.2500 0.2500 0.2500 0.0000 0.0000 0.0000 0.0000 0.0000 0.0000 
main 13.0000 4.0000 39.0000 9.0000 1.0000 9.0000 8.0000 2.0000 0.0930 0.2499 1.9989 0.0906 0.1145 b 0.1850 2.2489 1.1432 1.1349 0.1639 0.3875 0.1647 0.2816 0.1612 0.3662 0.2826 0.1914 0.0000 
main 13.0000 4.0000 40.0000 10.0000 2.0000 10.0000 9.0000 0.0000 0.0000 0.2500 2.2500 0.0000 0.0000 b 0.1890 2.5000 1.0472 1.0389 0.2500 0.2500 0.2500 0.2500 0.2500 0.2500 0.2500 0.2500 0.2500 
main 13.0000 4.0000 24.0000 4.0000 0.0000 4.0000 3.0000 2.0000 0.1049 0.2494 0.7482 0.0906 0.1145 b 0.5720 0.9982 1.1652 1.1569 0.3664 0.1637 0.2181 0.0000 0.0000 0.0000 0.0000 0.0000 0.0000 
main 13.0000 4.0000 9.0000 6.0000 0.0000 6.0000 5.0000 2.0000 0.0924 0.2491 1.2457 0.0906 0.1145 b 0.1540 1.4957 1.0431 1.0348 0.3431 0.1829 0.3527 0.1550 0.2119 0.0000 0.0000 0.0000 0.0000 
main 13.0000 4.0000 31.0000 7.0000 1.0000 7.0000 6.0000 0.0000 0.0000 0.2500 1.5000 0.0000 0.0000 b 0.1570 1.7500 1.1516 1.1432 0.2500 0.2500 0.2500 0.2500 0.2500 0.2500 0.0000 0.0000 0.0000 
main 13.0000 4.0000 43.0000 4.0000 0.0000 4.0000 3.0000 0.0000 0.0000 0.2500 0.7500 0.0000 0.0000 b 0.2150 1.0000 1.4956 1.4873 0.2500 0.2500 0.2500 0.0000 0.0000 0.0000 0.0000 0.0000 0.0000 
main 13.0000 4.0000 33.0000 7.0000 1.0000 7.0000 6.0000 2.0000 0.0933 0.2500 1.5003 0.0906 0.1145 b 0.1350 1.7503 1.2794 1.2711 0.3713 0.2207 0.1672 0.3617 0.2153 0.1640 0.0000 0.0000 0.0000 
main 13.0000 4.0000 4.0000 5.0000 0.0000 5.0000 4.0000 0.0000 0.0000 0.2500 1.0000 0.0000 0.0000 b 0.1640 1.2500 1.0774 1.0691 0.2500 0.2500 0.2500 0.2500 0.0000 0.0000 0.0000 0.0000 0.0000 
main 13.0000 4.0000 26.0000 5.0000 0.0000 5.0000 4.0000 1.0000 0.0476 0.2496 0.9986 0.0349 0.0588 b 0.1440 1.2486 1.1739 1.1655 0.2801 0.1854 0.2424 0.2907 0.0000 0.0000 0.0000 0.0000 0.0000 
main 13.0000 5.0000 13.0000 8.0000 1.0000 8.0000 7.0000 0.0000 0.0000 0.2500 1.7500 0.0000 0.0000 b 0.1860 2.0000 1.4062 1.3979 0.2500 0.2500 0.2500 0.2500 0.2500 0.2500 0.2500 0.0000 0.0000 
main 13.0000 5.0000 35.0000 8.0000 1.0000 8.0000 7.0000 1.0000 0.0549 0.2504 1.7530 0.0349 0.0588 b 0.1380 2.0030 1.2639 1.2556 0.2339 0.1991 0.3276 0.2181 0.2762 0.3104 0.1877 0.0000 0.0000 
main 13.0000 5.0000 55.0000 8.0000 1.0000 8.0000 7.0000 0.0000 0.0000 0.2500 1.7500 0.0000 0.0000 b 0.1060 2.0000 1.3290 1.3207 0.2500 0.2500 0.2500 0.2500 0.2500 0.2500 0.2500 0.0000 0.0000 
main 13.0000 5.0000 62.0000 10.0000 2.0000 10.0000 9.0000 1.0000 0.0578 0.2501 2.2509 0.0349 0.0588 b 0.4230 2.5009 1.1354 1.1271 0.3403 0.2767 0.3079 0.2057 0.2500 0.2138 0.2914 0.1692 0.1958 
main 13.0000 5.0000 42.0000 10.0000 2.0000 10.0000 9.0000 2.0000 0.0913 0.2498 2.2484 0.0906 0.1145 b 0.1260 2.4984 1.1003 1.0920 0.2181 0.1649 0.2788 0.2188 0.3883 0.1562 0.3956 0.2634 0.1644 
main 13.0000 5.0000 10.0000 7.0000 1.0000 7.0000 6.0000 0.0000 0.0000 0.2500 1.5000 0.0000 0.0000 b 0.1730 1.7500 1.0712 1.0628 0.2500 0.2500 0.2500 0.2500 0.2500 0.2500 0.0000 0.0000 0.0000 
main 13.0000 5.0000 22.0000 4.0000 0.0000 4.0000 3.0000 0.0000 0.0000 0.2500 0.7500 0.0000 0.0000 b 0.1640 1.0000 1.3044 1.2960 0.2500 0.2500 0.2500 0.0000 0.0000 0.0000 0.0000 0.0000 0.0000 
main 13.0000 5.0000 34.0000 8.0000 1.0000 8.0000 7.0000 0.0000 0.0000 0.2500 1.7500 0.0000 0.0000 b 0.1480 2.0000 1.0624 1.0541 0.2500 0.2500 0.2500 0.2500 0.2500 0.2500 0.2500 0.0000 0.0000 
main 13.0000 5.0000 40.0000 10.0000 2.0000 10.0000 9.0000 0.0000 0.0000 0.2500 2.2500 0.0000 0.0000 b 0.1220 2.5000 1.0833 1.0749 0.2500 0.2500 0.2500 0.2500 0.2500 0.2500 0.2500 0.2500 0.2500 
main 13.0000 5.0000 58.0000 9.0000 1.0000 9.0000 8.0000 0.0000 0.0000 0.2500 2.0000 0.0000 0.0000 b 0.0010 2.2500 1.3201 1.3118 0.2500 0.2500 0.2500 0.2500 0.2500 0.2500 0.2500 0.2500 0.0000 
main 13.0000 5.0000 1.0000 4.0000 0.0000 4.0000 3.0000 0.0000 0.0000 0.2500 0.7500 0.0000 0.0000 b 0.2360 1.0000 1.3042 1.2959 0.2500 0.2500 0.2500 0.0000 0.0000 0.0000 0.0000 0.0000 0.0000 
main 13.0000 5.0000 36.0000 8.0000 1.0000 8.0000 7.0000 2.0000 0.0939 0.2498 1.7488 0.0906 0.1145 b 0.1680 1.9988 1.1798 1.1715 0.2221 0.1576 0.2341 0.3778 0.1924 0.3863 0.1785 0.0000 0.0000 
main 13.0000 5.0000 15.0000 8.0000 1.0000 8.0000 7.0000 2.0000 0.0934 0.2494 1.7457 0.0906 0.1145 b 0.1530 1.9957 1.0252 1.0168 0.1693 0.3906 0.2164 0.3566 0.1700 0.2740 0.1689 0.0000 0.0000 
main 13.0000 5.0000 63.0000 10.0000 2.0000 10.0000 9.0000 2.0000 0.0953 0.2505 2.2544 0.0906 0.1145 b 0.1780 2.5044 1.1814 1.1731 0.2237 0.1554 0.2006 0.3930 0.1912 0.3671 0.2145 0.3584 0.1506 
main 13.0000 5.0000 4.0000 5.0000 0.0000 5.0000 4.0000 0.0000 0.0000 0.2500 1.0000 0.0000 0.0000 b 0.3120 1.2500 1.2600 1.2517 0.2500 0.2500 0.2500 0.2500 0.0000 0.0000 0.0000 0.0000 0.0000 
main 13.0000 5.0000 14.0000 8.0000 1.0000 8.0000 7.0000 1.0000 0.0479 0.2507 1.7549 0.0349 0.0588 b 0.1170 2.0049 1.4362 1.4279 0.2511 0.2923 0.2453 0.2937 0.2152 0.1658 0.2915 0.0000 0.0000 
main 13.0000 5.0000 53.0000 7.0000 1.0000 7.0000 6.0000 1.0000 0.0546 0.2495 1.4967 0.0349 0.0588 b 0.2080 1.7467 1.1537 1.1454 0.2244 0.2497 0.2910 0.2636 0.1570 0.3110 0.0000 0.0000 0.0000 
main 13.0000 5.0000 46.0000 5.0000 0.0000 5.0000 4.0000 0.0000 0.0000 0.2500 1.0000 0.0000 0.0000 b 0.1990 1.2500 1.2984 1.2900 0.2500 0.2500 0.2500 0.2500 0.0000 0.0000 0.0000 0.0000 0.0000 
main 13.0000 5.0000 21.0000 10.0000 2.0000 10.0000 9.0000 2.0000 0.0921 0.2503 2.2531 0.0906 0.1145 b 0.1640 2.5031 1.1791 1.1708 0.3975 0.1587 0.2422 0.2062 0.1691 0.2736 0.3953 0.1635 0.2468 
main 13.0000 5.0000 8.0000 6.0000 0.0000 6.0000 5.0000 1.0000 0.0431 0.2497 1.2484 0.0349 0.0588 b 0.1710 1.4984 1.2486 1.2402 0.2489 0.2036 0.2780 0.3056 0.2124 0.0000 0.0000 0.0000 0.0000 
main 13.0000 5.0000 61.0000 10.0000 2.0000 10.0000 9.0000 0.0000 0.0000 0.2500 2.2500 0.0000 0.0000 b 0.1870 2.5000 1.4162 1.4079 0.2500 0.2500 0.2500 0.2500 0.2500 0.2500 0.2500 0.2500 0.2500 
main 13.0000 5.0000 25.0000 5.0000 0.0000 5.0000 4.0000 0.0000 0.0000 0.2500 1.0000 0.0000 0.0000 b 0.2170 1.2500 1.4961 1.4877 0.2500 0.2500 0.2500 0.2500 0.0000 0.0000 0.0000 0.0000 0.0000 
main 13.0000 5.0000 52.0000 7.0000 1.0000 7.0000 6.0000 0.0000 0.0000 0.2500 1.5000 0.0000 0.0000 b 0.1030 1.7500 1.0879 1.0795 0.2500 0.2500 0.2500 0.2500 0.2500 0.2500 0.0000 0.0000 0.0000 
main 13.0000 5.0000 32.0000 7.0000 1.0000 7.0000 6.0000 1.0000 0.0584 0.2504 1.5024 0.0349 0.0588 b 0.1310 1.7524 1.2433 1.2350 0.2828 0.1827 0.3179 0.1888 0.3013 0.2289 0.0000 0.0000 0.0000 
main 13.0000 5.0000 24.0000 4.0000 0.0000 4.0000 3.0000 2.0000 0.0908 0.2514 0.7543 0.0906 0.1145 b 0.2040 1.0043 1.1361 1.1278 0.3533 0.1792 0.2218 0.0000 0.0000 0.0000 0.0000 0.0000 0.0000 
main 13.0000 5.0000 39.0000 9.0000 1.0000 9.0000 8.0000 2.0000 0.0923 0.2497 1.9973 0.0906 0.1145 b 0.1670 2.2473 1.0910 1.0827 0.1963 0.1507 0.2283 0.3678 0.2088 0.3786 0.3162 0.1504 0.0000 
main 13.0000 5.0000 12.0000 7.0000 1.0000 7.0000 6.0000 2.0000 0.0991 0.2492 1.4950 0.0906 0.1145 b 0.1560 1.7450 1.4287 1.4203 0.2257 0.1596 0.2171 0.3900 0.3505 0.1522 0.0000 0.0000 0.0000 
main 13.0000 5.0000 11.0000 7.0000 1.0000 7.0000 6.0000 1.0000 0.0585 0.2503 1.5020 0.0349 0.0588 b 0.1490 1.7520 1.3311 1.3227 0.2428 0.1889 0.3402 0.2327 0.1993 0.2981 0.0000 0.0000 0.0000 
main 13.0000 5.0000 5.0000 5.0000 0.0000 5.0000 4.0000 1.0000 0.0543 0.2504 1.0014 0.0349 0.0588 b 0.2550 1.2514 1.4280 1.4197 0.3079 0.2730 0.1802 0.2403 0.0000 0.0000 0.0000 0.0000 0.0000 
main 13.0000 5.0000 9.0000 6.0000 0.0000 6.0000 5.0000 2.0000 0.0951 0.2490 1.2451 0.0906 0.1145 b 0.1640 1.4951 1.0123 1.0040 0.3936 0.2089 0.2920 0.1967 0.1538 0.0000 0.0000 0.0000 0.0000 
main 13.0000 5.0000 43.0000 4.0000 0.0000 4.0000 3.0000 0.0000 0.0000 0.2500 0.7500 0.0000 0.0000 b 0.1690 1.0000 1.1556 1.1473 0.2500 0.2500 0.2500 0.0000 0.0000 0.0000 0.0000 0.0000 0.0000 
main 13.0000 5.0000 28.0000 6.0000 0.0000 6.0000 5.0000 0.0000 0.0000 0.2500 1.2500 0.0000 0.0000 b 0.1380 1.5000 1.4453 1.4370 0.2500 0.2500 0.2500 0.2500 0.2500 0.0000 0.0000 0.0000 0.0000 
main 13.0000 5.0000 56.0000 8.0000 1.0000 8.0000 7.0000 1.0000 0.0561 0.2502 1.7511 0.0349 0.0588 b 0.1370 2.0011 1.1085 1.1001 0.2436 0.3498 0.2335 0.1857 0.2413 0.2957 0.2016 0.0000 0.0000 
main 13.0000 5.0000 33.0000 7.0000 1.0000 7.0000 6.0000 2.0000 0.0978 0.2496 1.4975 0.0906 0.1145 b 0.1710 1.7475 1.1213 1.1129 0.3867 0.1664 0.3476 0.1537 0.2509 0.1923 0.0000 0.0000 0.0000 
main 13.0000 5.0000 20.0000 10.0000 2.0000 10.0000 9.0000 1.0000 0.0475 0.2498 2.2485 0.0349 0.0588 b 0.1470 2.4985 1.0025 0.9942 0.2865 0.2455 0.3088 0.2148 0.1768 0.2371 0.3197 0.2500 0.2094 
main 13.0000 5.0000 26.0000 5.0000 0.0000 5.0000 4.0000 1.0000 0.0434 0.2506 1.0026 0.0349 0.0588 b 0.1620 1.2526 1.1021 1.0938 0.2808 0.2449 0.2854 0.1915 0.0000 0.0000 0.0000 0.0000 0.0000 
main 13.0000 5.0000 47.0000 5.0000 0.0000 5.0000 4.0000 1.0000 0.0446 0.2491 0.9964 0.0349 0.0588 b 0.1620 1.2464 1.2760 1.2677 0.2614 0.1856 0.2593 0.2900 0.0000 0.0000 0.0000 0.0000 0.0000 
main 13.0000 5.0000 18.0000 9.0000 1.0000 9.0000 8.0000 2.0000 0.0915 0.2497 1.9976 0.0906 0.1145 b 0.1560 2.2476 1.2384 1.2301 0.2911 0.2512 0.1574 0.3639 0.1533 0.2296 0.3859 0.1652 0.0000 
main 13.0000 5.0000 3.0000 4.0000 0.0000 4.0000 3.0000 2.0000 0.0962 0.2495 0.7484 0.0906 0.1145 b 0.2080 0.9984 1.0313 1.0229 0.1881 0.3603 0.2000 0.0000 0.0000 0.0000 0.0000 0.0000 0.0000 
main 13.0000 5.0000 57.0000 8.0000 1.0000 8.0000 7.0000 2.0000 0.0990 0.2493 1.7450 0.0906 0.1145 b 0.1650 1.9950 1.1171 1.1087 0.3998 0.1772 0.2710 0.1643 0.1951 0.1699 0.3678 0.0000 0.0000 
main 13.0000 5.0000 51.0000 6.0000 0.0000 6.0000 5.0000 2.0000 0.0962 0.2502 1.2508 0.0906 0.1145 b 0.2070 1.5008 1.1199 1.1116 0.1542 0.2976 0.3884 0.2400 0.1706 0.0000 0.0000 0.0000 0.0000 
main 13.0000 5.0000 29.0000 6.0000 0.0000 6.0000 5.0000 1.0000 0.0538 0.2510 1.2549 0.0349 0.0588 b 0.1630 1.5049 1.1959 1.1876 0.2407 0.3430 0.2159 0.2459 0.2094 0.0000 0.0000 0.0000 0.0000 
main 13.0000 5.0000 6.0000 5.0000 0.0000 5.0000 4.0000 2.0000 0.1034 0.2498 0.9992 0.0906 0.1145 b 0.1700 1.2492 1.2655 1.2572 0.1746 0.2617 0.1712 0.3916 0.0000 0.0000 0.0000 0.0000 0.0000 
main 13.0000 5.0000 31.0000 7.0000 1.0000 7.0000 6.0000 0.0000 0.0000 0.2500 1.5000 0.0000 0.0000 b 0.1160 1.7500 1.4958 1.4875 0.2500 0.2500 0.2500 0.2500 0.2500 0.2500 0.0000 0.0000 0.0000 
main 13.0000 5.0000 59.0000 9.0000 1.0000 9.0000 8.0000 1.0000 0.0535 0.2494 1.9954 0.0349 0.0588 b 0.1590 2.2454 1.2228 1.2145 0.1780 0.2634 0.1912 0.2684 0.2223 0.3322 0.2343 0.3056 0.0000 
main 13.0000 5.0000 27.0000 5.0000 0.0000 5.0000 4.0000 2.0000 0.0926 0.2504 1.0015 0.0906 0.1145 b 0.1950 1.2515 1.3629 1.3546 0.1808 0.3553 0.1646 0.3007 0.0000 0.0000 0.0000 0.0000 0.0000 
main 13.0000 5.0000 17.0000 9.0000 1.0000 9.0000 8.0000 1.0000 0.0570 0.2500 1.9997 0.0349 0.0588 NA E 2.2497 1.0354 1.0270 0.2895 0.1822 0.2785 0.1923 0.2389 0.1896 0.3275 0.3012 0.0000 
main 13.0000 5.0000 2.0000 4.0000 0.0000 4.0000 3.0000 1.0000 0.0511 0.2513 0.7539 0.0349 0.0588 b 0.2280 1.0039 1.3597 1.3514 0.2548 0.1986 0.3006 0.0000 0.0000 0.0000 0.0000 0.0000 0.0000 
main 13.0000 5.0000 41.0000 10.0000 2.0000 10.0000 9.0000 1.0000 0.0542 0.2499 2.2492 0.0349 0.0588 b 0.1920 2.4992 1.0594 1.0511 0.2926 0.2577 0.1840 0.3280 0.2782 0.2439 0.2923 0.1725 0.1999 
main 13.0000 5.0000 54.0000 7.0000 1.0000 7.0000 6.0000 2.0000 0.1003 0.2507 1.5042 0.0906 0.1145 b 0.1890 1.7542 1.1679 1.1596 0.1638 0.1981 0.3905 0.2363 0.1573 0.3581 0.0000 0.0000 0.0000 
main 13.0000 5.0000 50.0000 6.0000 0.0000 6.0000 5.0000 1.0000 0.0585 0.2495 1.2476 0.0349 0.0588 b 0.1730 1.4976 1.4056 1.3972 0.1592 0.2666 0.2363 0.2669 0.3186 0.0000 0.0000 0.0000 0.0000 
main 13.0000 5.0000 23.0000 4.0000 0.0000 4.0000 3.0000 1.0000 0.0549 0.2500 0.7501 0.0349 0.0588 b 0.1940 1.0001 1.0172 1.0089 0.1921 0.3012 0.2568 0.0000 0.0000 0.0000 0.0000 0.0000 0.0000 
main 13.0000 5.0000 44.0000 4.0000 0.0000 4.0000 3.0000 1.0000 0.0357 0.2513 0.7538 0.0349 0.0588 b 0.3500 1.0038 1.4301 1.4218 0.2550 0.2849 0.2139 0.0000 0.0000 0.0000 0.0000 0.0000 0.0000 
main 13.0000 5.0000 60.0000 9.0000 1.0000 9.0000 8.0000 2.0000 0.0908 0.2495 1.9959 0.0906 0.1145 b 0.1850 2.2459 1.1442 1.1359 0.1708 0.2281 0.3664 0.1856 0.1553 0.2056 0.3938 0.2902 0.0000 
main 13.0000 5.0000 37.0000 9.0000 1.0000 9.0000 8.0000 0.0000 0.0000 0.2500 2.0000 0.0000 0.0000 b 0.1840 2.2500 1.0590 1.0507 0.2500 0.2500 0.2500 0.2500 0.2500 0.2500 0.2500 0.2500 0.0000 
main 13.0000 5.0000 19.0000 10.0000 2.0000 10.0000 9.0000 0.0000 0.0000 0.2500 2.2500 0.0000 0.0000 b 0.1280 2.5000 1.3323 1.3240 0.2500 0.2500 0.2500 0.2500 0.2500 0.2500 0.2500 0.2500 0.2500 
main 13.0000 5.0000 45.0000 4.0000 0.0000 4.0000 3.0000 2.0000 0.1119 0.2504 0.7511 0.0906 0.1145 b 0.2470 1.0011 1.1587 1.1504 0.3783 0.1708 0.2020 0.0000 0.0000 0.0000 0.0000 0.0000 0.0000 
main 13.0000 5.0000 7.0000 6.0000 0.0000 6.0000 5.0000 0.0000 0.0000 0.2500 1.2500 0.0000 0.0000 b 0.1490 1.5000 1.3672 1.3588 0.2500 0.2500 0.2500 0.2500 0.2500 0.0000 0.0000 0.0000 0.0000 
main 13.0000 5.0000 49.0000 6.0000 0.0000 6.0000 5.0000 0.0000 0.0000 0.2500 1.2500 0.0000 0.0000 b 0.1690 1.5000 1.3169 1.3086 0.2500 0.2500 0.2500 0.2500 0.2500 0.0000 0.0000 0.0000 0.0000 
main 13.0000 5.0000 38.0000 9.0000 1.0000 9.0000 8.0000 1.0000 0.0545 0.2495 1.9964 0.0349 0.0588 NA E 2.2464 1.2700 1.2617 0.2475 0.1783 0.3138 0.2589 0.1796 0.2585 0.3282 0.2315 0.0000 
main 13.0000 5.0000 16.0000 9.0000 1.0000 9.0000 8.0000 0.0000 0.0000 0.2500 2.0000 0.0000 0.0000 b 0.1260 2.2500 1.2323 1.2239 0.2500 0.2500 0.2500 0.2500 0.2500 0.2500 0.2500 0.2500 0.0000 
main 13.0000 5.0000 48.0000 5.0000 0.0000 5.0000 4.0000 2.0000 0.0924 0.2495 0.9982 0.0906 0.1145 b 0.3060 1.2482 1.2086 1.2003 0.3270 0.1883 0.3301 0.1528 0.0000 0.0000 0.0000 0.0000 0.0000 
main 13.0000 5.0000 30.0000 6.0000 0.0000 6.0000 5.0000 2.0000 0.0908 0.2501 1.2504 0.0906 0.1145 b 0.1700 1.5004 1.4376 1.4293 0.3878 0.2791 0.1847 0.2428 0.1559 0.0000 0.0000 0.0000 0.0000 
main 13.0000 6.0000 44.0000 4.0000 0.0000 4.0000 3.0000 1.0000 0.0414 0.2502 0.7505 0.0349 0.0588 b 0.1630 1.0005 1.0654 1.0570 0.2437 0.2944 0.2124 0.0000 0.0000 0.0000 0.0000 0.0000 0.0000 
main 13.0000 6.0000 24.0000 4.0000 0.0000 4.0000 3.0000 2.0000 0.0929 0.2502 0.7505 0.0906 0.1145 b 0.1660 1.0005 1.4114 1.4030 0.1567 0.3425 0.2513 0.0000 0.0000 0.0000 0.0000 0.0000 0.0000 
main 13.0000 6.0000 43.0000 4.0000 0.0000 4.0000 3.0000 0.0000 0.0000 0.2500 0.7500 0.0000 0.0000 b 0.1470 1.0000 1.1911 1.1827 0.2500 0.2500 0.2500 0.0000 0.0000 0.0000 0.0000 0.0000 0.0000 
main 13.0000 6.0000 26.0000 5.0000 0.0000 5.0000 4.0000 1.0000 0.0485 0.2499 0.9997 0.0349 0.0588 b 0.1290 1.2497 1.3458 1.3375 0.3129 0.2056 0.2624 0.2189 0.0000 0.0000 0.0000 0.0000 0.0000 
main 13.0000 6.0000 1.0000 4.0000 0.0000 4.0000 3.0000 0.0000 0.0000 0.2500 0.7500 0.0000 0.0000 b 0.1750 1.0000 1.0645 1.0561 0.2500 0.2500 0.2500 0.0000 0.0000 0.0000 0.0000 0.0000 0.0000 
main 13.0000 6.0000 29.0000 6.0000 0.0000 6.0000 5.0000 1.0000 0.0538 0.2500 1.2499 0.0349 0.0588 b 0.1130 1.4999 1.3117 1.3033 0.2763 0.3193 0.2131 0.2592 0.1820 0.0000 0.0000 0.0000 0.0000 
main 13.0000 6.0000 25.0000 5.0000 0.0000 5.0000 4.0000 0.0000 0.0000 0.2500 1.0000 0.0000 0.0000 b 0.1380 1.2500 1.0431 1.0347 0.2500 0.2500 0.2500 0.2500 0.0000 0.0000 0.0000 0.0000 0.0000 
main 13.0000 6.0000 16.0000 9.0000 1.0000 9.0000 8.0000 0.0000 0.0000 0.2500 2.0000 0.0000 0.0000 b 0.1380 2.2500 1.4364 1.4281 0.2500 0.2500 0.2500 0.2500 0.2500 0.2500 0.2500 0.2500 0.0000 
main 13.0000 6.0000 27.0000 5.0000 0.0000 5.0000 4.0000 2.0000 0.1036 0.2506 1.0024 0.0906 0.1145 b 0.1590 1.2524 1.1279 1.1196 0.1765 0.3948 0.1738 0.2573 0.0000 0.0000 0.0000 0.0000 0.0000 
main 13.0000 6.0000 60.0000 9.0000 1.0000 9.0000 8.0000 2.0000 0.0974 0.2498 1.9982 0.0906 0.1145 b 0.1940 2.2482 1.4267 1.4183 0.1586 0.3598 0.1805 0.1544 0.2454 0.1746 0.3852 0.3398 0.0000 
main 13.0000 6.0000 9.0000 6.0000 0.0000 6.0000 5.0000 2.0000 0.1136 0.2494 1.2468 0.0906 0.1145 b 0.1600 1.4968 1.3671 1.3588 0.1657 0.3830 0.1577 0.3638 0.1766 0.0000 0.0000 0.0000 0.0000 
main 13.0000 6.0000 50.0000 6.0000 0.0000 6.0000 5.0000 1.0000 0.0564 0.2508 1.2539 0.0349 0.0588 b 0.2060 1.5039 1.0462 1.0379 0.2457 0.3433 0.2228 0.2491 0.1930 0.0000 0.0000 0.0000 0.0000 
main 13.0000 6.0000 38.0000 9.0000 1.0000 9.0000 8.0000 1.0000 0.0575 0.2497 1.9972 0.0349 0.0588 b 0.1720 2.2472 1.0429 1.0346 0.1763 0.2153 0.2609 0.2357 0.3192 0.2587 0.3392 0.1919 0.0000 
main 13.0000 6.0000 42.0000 10.0000 2.0000 10.0000 9.0000 2.0000 0.0921 0.2495 2.2459 0.0906 0.1145 b 0.1730 2.4959 1.1269 1.1186 0.2984 0.3611 0.1561 0.3389 0.3694 0.1803 0.1523 0.2241 0.1653 
main 13.0000 6.0000 6.0000 5.0000 0.0000 5.0000 4.0000 2.0000 0.0983 0.2494 0.9975 0.0906 0.1145 b 0.2020 1.2475 1.3397 1.3313 0.3940 0.1799 0.2264 0.1972 0.0000 0.0000 0.0000 0.0000 0.0000 
main 13.0000 6.0000 23.0000 4.0000 0.0000 4.0000 3.0000 1.0000 0.0492 0.2491 0.7473 0.0349 0.0588 b 0.1970 0.9973 1.2198 1.2115 0.2556 0.2947 0.1970 0.0000 0.0000 0.0000 0.0000 0.0000 0.0000 
main 13.0000 6.0000 33.0000 7.0000 1.0000 7.0000 6.0000 2.0000 0.0982 0.2503 1.5016 0.0906 0.1145 b 0.1620 1.7516 1.1261 1.1178 0.1716 0.3303 0.3998 0.2566 0.1922 0.1511 0.0000 0.0000 0.0000 
main 13.0000 6.0000 62.0000 10.0000 2.0000 10.0000 9.0000 1.0000 0.0483 0.2502 2.2518 0.0349 0.0588 b 0.1390 2.5018 1.1714 1.1631 0.2105 0.2412 0.2045 0.2715 0.2984 0.3417 0.2493 0.1889 0.2459 
main 13.0000 6.0000 2.0000 4.0000 0.0000 4.0000 3.0000 1.0000 0.0576 0.2491 0.7474 0.0349 0.0588 b 0.1980 0.9974 1.0894 1.0811 0.2372 0.3118 0.1984 0.0000 0.0000 0.0000 0.0000 0.0000 0.0000 
main 13.0000 6.0000 54.0000 7.0000 1.0000 7.0000 6.0000 2.0000 0.1007 0.2497 1.4984 0.0906 0.1145 b 0.1240 1.7484 1.4049 1.3966 0.1537 0.3659 0.2286 0.1833 0.3855 0.1814 0.0000 0.0000 0.0000 
main 13.0000 6.0000 17.0000 9.0000 1.0000 9.0000 8.0000 1.0000 0.0515 0.2505 2.0036 0.0349 0.0588 b 0.1720 2.2536 1.2741 1.2658 0.2224 0.1874 0.3496 0.2670 0.2352 0.2732 0.1994 0.2696 0.0000 
main 13.0000 6.0000 8.0000 6.0000 0.0000 6.0000 5.0000 1.0000 0.0502 0.2501 1.2505 0.0349 0.0588 b 0.1620 1.5005 1.0870 1.0786 0.2622 0.1681 0.2505 0.3050 0.2646 0.0000 0.0000 0.0000 0.0000 
main 13.0000 6.0000 47.0000 5.0000 0.0000 5.0000 4.0000 1.0000 0.0454 0.2511 1.0046 0.0349 0.0588 b 0.2030 1.2546 1.3420 1.3337 0.2209 0.2722 0.2069 0.3046 0.0000 0.0000 0.0000 0.0000 0.0000 
main 13.0000 6.0000 18.0000 9.0000 1.0000 9.0000 8.0000 2.0000 0.0927 0.2498 1.9985 0.0906 0.1145 b 0.1760 2.2485 1.4465 1.4381 0.3662 0.3113 0.1557 0.2509 0.1507 0.2111 0.1731 0.3795 0.0000 
main 13.0000 6.0000 13.0000 8.0000 1.0000 8.0000 7.0000 0.0000 0.0000 0.2500 1.7500 0.0000 0.0000 b 0.2680 2.0000 1.2264 1.2181 0.2500 0.2500 0.2500 0.2500 0.2500 0.2500 0.2500 0.0000 0.0000 
main 13.0000 6.0000 39.0000 9.0000 1.0000 9.0000 8.0000 2.0000 0.0933 0.2498 1.9982 0.0906 0.1145 b 0.2210 2.2482 1.2336 1.2253 0.2191 0.1645 0.3900 0.1866 0.2606 0.2135 0.1688 0.3950 0.0000 
main 13.0000 6.0000 34.0000 8.0000 1.0000 8.0000 7.0000 0.0000 0.0000 0.2500 1.7500 0.0000 0.0000 b 0.1790 2.0000 1.0921 1.0838 0.2500 0.2500 0.2500 0.2500 0.2500 0.2500 0.2500 0.0000 0.0000 
main 13.0000 6.0000 36.0000 8.0000 1.0000 8.0000 7.0000 2.0000 0.0925 0.2500 1.7498 0.0906 0.1145 b 0.2130 1.9998 1.0243 1.0159 0.1501 0.3864 0.2007 0.2978 0.3393 0.2223 0.1532 0.0000 0.0000 
main 13.0000 6.0000 19.0000 10.0000 2.0000 10.0000 9.0000 0.0000 0.0000 0.2500 2.2500 0.0000 0.0000 b 0.1870 2.5000 1.3774 1.3691 0.2500 0.2500 0.2500 0.2500 0.2500 0.2500 0.2500 0.2500 0.2500 
main 13.0000 6.0000 32.0000 7.0000 1.0000 7.0000 6.0000 1.0000 0.0585 0.2495 1.4968 0.0349 0.0588 b 0.1880 1.7468 1.1020 1.0936 0.1790 0.2756 0.3420 0.2132 0.2710 0.2162 0.0000 0.0000 0.0000 
main 13.0000 6.0000 41.0000 10.0000 2.0000 10.0000 9.0000 1.0000 0.0508 0.2498 2.2478 0.0349 0.0588 b 0.1520 2.4978 1.2657 1.2574 0.3057 0.1916 0.2684 0.3144 0.2126 0.2684 0.2058 0.2941 0.1868 
main 13.0000 6.0000 14.0000 8.0000 1.0000 8.0000 7.0000 1.0000 0.0532 0.2498 1.7483 0.0349 0.0588 b 0.1930 1.9983 1.4940 1.4857 0.2382 0.3043 0.1642 0.2560 0.2181 0.2441 0.3235 0.0000 0.0000 
main 13.0000 6.0000 52.0000 7.0000 1.0000 7.0000 6.0000 0.0000 0.0000 0.2500 1.5000 0.0000 0.0000 b 0.1570 1.7500 1.2378 1.2295 0.2500 0.2500 0.2500 0.2500 0.2500 0.2500 0.0000 0.0000 0.0000 
main 13.0000 6.0000 4.0000 5.0000 0.0000 5.0000 4.0000 0.0000 0.0000 0.2500 1.0000 0.0000 0.0000 b 0.2030 1.2500 1.3752 1.3669 0.2500 0.2500 0.2500 0.2500 0.0000 0.0000 0.0000 0.0000 0.0000 
main 13.0000 6.0000 31.0000 7.0000 1.0000 7.0000 6.0000 0.0000 0.0000 0.2500 1.5000 0.0000 0.0000 b 0.1720 1.7500 1.0995 1.0912 0.2500 0.2500 0.2500 0.2500 0.2500 0.2500 0.0000 0.0000 0.0000 
main 13.0000 6.0000 10.0000 7.0000 1.0000 7.0000 6.0000 0.0000 0.0000 0.2500 1.5000 0.0000 0.0000 b 0.1540 1.7500 1.2389 1.2306 0.2500 0.2500 0.2500 0.2500 0.2500 0.2500 0.0000 0.0000 0.0000 
main 13.0000 6.0000 5.0000 5.0000 0.0000 5.0000 4.0000 1.0000 0.0583 0.2492 0.9969 0.0349 0.0588 b 0.2380 1.2469 1.3794 1.3711 0.2747 0.2484 0.1689 0.3049 0.0000 0.0000 0.0000 0.0000 0.0000 
main 13.0000 6.0000 49.0000 6.0000 0.0000 6.0000 5.0000 0.0000 0.0000 0.2500 1.2500 0.0000 0.0000 b 0.1880 1.5000 1.1384 1.1301 0.2500 0.2500 0.2500 0.2500 0.2500 0.0000 0.0000 0.0000 0.0000 
main 13.0000 6.0000 12.0000 7.0000 1.0000 7.0000 6.0000 2.0000 0.1047 0.2506 1.5035 0.0906 0.1145 b 0.1770 1.7535 1.1729 1.1645 0.3938 0.1714 0.3680 0.1751 0.2358 0.1593 0.0000 0.0000 0.0000 
main 13.0000 6.0000 59.0000 9.0000 1.0000 9.0000 8.0000 1.0000 0.0555 0.2504 2.0035 0.0349 0.0588 b 0.2010 2.2535 1.1750 1.1666 0.1691 0.3310 0.2792 0.2340 0.2851 0.2389 0.1812 0.2849 0.0000 
main 13.0000 6.0000 53.0000 7.0000 1.0000 7.0000 6.0000 1.0000 0.0493 0.2503 1.5016 0.0349 0.0588 b 0.3220 1.7516 1.3282 1.3198 0.2734 0.3043 0.2342 0.2960 0.1793 0.2144 0.0000 0.0000 0.0000 
main 13.0000 6.0000 63.0000 10.0000 2.0000 10.0000 9.0000 2.0000 0.0908 0.2495 2.2459 0.0906 0.1145 b 0.1620 2.4959 1.3563 1.3480 0.1651 0.2611 0.1850 0.3656 0.1512 0.3743 0.2234 0.1738 0.3465 
main 13.0000 6.0000 51.0000 6.0000 0.0000 6.0000 5.0000 2.0000 0.1102 0.2506 1.2529 0.0906 0.1145 b 0.2090 1.5029 1.2203 1.2120 0.1594 0.2107 0.3987 0.1511 0.3331 0.0000 0.0000 0.0000 0.0000 
main 13.0000 6.0000 28.0000 6.0000 0.0000 6.0000 5.0000 0.0000 0.0000 0.2500 1.2500 0.0000 0.0000 b 0.1680 1.5000 1.3841 1.3757 0.2500 0.2500 0.2500 0.2500 0.2500 0.0000 0.0000 0.0000 0.0000 
main 13.0000 6.0000 21.0000 10.0000 2.0000 10.0000 9.0000 2.0000 0.0916 0.2503 2.2529 0.0906 0.1145 b 0.1960 2.5029 1.4974 1.4891 0.1890 0.3103 0.1616 0.2684 0.3931 0.2052 0.3792 0.1891 0.1569 
main 13.0000 6.0000 22.0000 4.0000 0.0000 4.0000 3.0000 0.0000 0.0000 0.2500 0.7500 0.0000 0.0000 b 0.2800 1.0000 1.3625 1.3541 0.2500 0.2500 0.2500 0.0000 0.0000 0.0000 0.0000 0.0000 0.0000 
main 13.0000 6.0000 48.0000 5.0000 0.0000 5.0000 4.0000 2.0000 0.0980 0.2507 1.0028 0.0906 0.1145 b 0.1410 1.2528 1.4389 1.4305 0.3174 0.1773 0.3514 0.1566 0.0000 0.0000 0.0000 0.0000 0.0000 
main 13.0000 6.0000 37.0000 9.0000 1.0000 9.0000 8.0000 0.0000 0.0000 0.2500 2.0000 0.0000 0.0000 b 0.1750 2.2500 1.3947 1.3863 0.2500 0.2500 0.2500 0.2500 0.2500 0.2500 0.2500 0.2500 0.0000 
main 13.0000 6.0000 3.0000 4.0000 0.0000 4.0000 3.0000 2.0000 0.0930 0.2493 0.7479 0.0906 0.1145 b 0.3780 0.9979 1.2388 1.2305 0.2186 0.3537 0.1755 0.0000 0.0000 0.0000 0.0000 0.0000 0.0000 
main 13.0000 6.0000 57.0000 8.0000 1.0000 8.0000 7.0000 2.0000 0.0908 0.2502 1.7515 0.0906 0.1145 b 0.1640 2.0015 1.0317 1.0234 0.2840 0.2486 0.1634 0.3440 0.1744 0.3816 0.1555 0.0000 0.0000 
main 13.0000 6.0000 45.0000 4.0000 0.0000 4.0000 3.0000 2.0000 0.1135 0.2509 0.7528 0.0906 0.1145 b 0.2010 1.0028 1.2233 1.2150 0.1738 0.3812 0.1978 0.0000 0.0000 0.0000 0.0000 0.0000 0.0000 
main 13.0000 6.0000 35.0000 8.0000 1.0000 8.0000 7.0000 1.0000 0.0515 0.2497 1.7482 0.0349 0.0588 b 0.2140 1.9982 1.0358 1.0275 0.3012 0.2191 0.2873 0.2621 0.2162 0.2980 0.1643 0.0000 0.0000 
main 13.0000 6.0000 30.0000 6.0000 0.0000 6.0000 5.0000 2.0000 0.0928 0.2503 1.2515 0.0906 0.1145 b 0.1590 1.5015 1.4578 1.4494 0.1689 0.2833 0.1552 0.3827 0.2614 0.0000 0.0000 0.0000 0.0000 
main 13.0000 6.0000 58.0000 9.0000 1.0000 9.0000 8.0000 0.0000 0.0000 0.2500 2.0000 0.0000 0.0000 b 0.1880 2.2500 1.3243 1.3160 0.2500 0.2500 0.2500 0.2500 0.2500 0.2500 0.2500 0.2500 0.0000 
main 13.0000 6.0000 7.0000 6.0000 0.0000 6.0000 5.0000 0.0000 0.0000 0.2500 1.2500 0.0000 0.0000 b 0.2970 1.5000 1.4565 1.4481 0.2500 0.2500 0.2500 0.2500 0.2500 0.0000 0.0000 0.0000 0.0000 
main 13.0000 6.0000 40.0000 10.0000 2.0000 10.0000 9.0000 0.0000 0.0000 0.2500 2.2500 0.0000 0.0000 b 0.1860 2.5000 1.2285 1.2202 0.2500 0.2500 0.2500 0.2500 0.2500 0.2500 0.2500 0.2500 0.2500 
main 13.0000 6.0000 55.0000 8.0000 1.0000 8.0000 7.0000 0.0000 0.0000 0.2500 1.7500 0.0000 0.0000 b 0.1830 2.0000 1.3673 1.3590 0.2500 0.2500 0.2500 0.2500 0.2500 0.2500 0.2500 0.0000 0.0000 
main 13.0000 6.0000 56.0000 8.0000 1.0000 8.0000 7.0000 1.0000 0.0537 0.2502 1.7513 0.0349 0.0588 b 0.1910 2.0013 1.4753 1.4669 0.2269 0.1739 0.2453 0.3346 0.2121 0.2610 0.2974 0.0000 0.0000 
main 13.0000 6.0000 61.0000 10.0000 2.0000 10.0000 9.0000 0.0000 0.0000 0.2500 2.2500 0.0000 0.0000 b 0.1450 2.5000 1.2567 1.2484 0.2500 0.2500 0.2500 0.2500 0.2500 0.2500 0.2500 0.2500 0.2500 
main 13.0000 6.0000 15.0000 8.0000 1.0000 8.0000 7.0000 2.0000 0.0949 0.2494 1.7457 0.0906 0.1145 b 0.1710 1.9957 1.4868 1.4785 0.2147 0.1514 0.3992 0.2625 0.3546 0.1680 0.1952 0.0000 0.0000 
main 13.0000 6.0000 20.0000 10.0000 2.0000 10.0000 9.0000 1.0000 0.0585 0.2500 2.2503 0.0349 0.0588 b 0.1360 2.5003 1.4303 1.4219 0.2358 0.1792 0.3364 0.2750 0.1558 0.2470 0.2821 0.3109 0.2281 
main 13.0000 6.0000 46.0000 5.0000 0.0000 5.0000 4.0000 0.0000 0.0000 0.2500 1.0000 0.0000 0.0000 b 0.2630 1.2500 1.1251 1.1167 0.2500 0.2500 0.2500 0.2500 0.0000 0.0000 0.0000 0.0000 0.0000 
main 13.0000 6.0000 11.0000 7.0000 1.0000 7.0000 6.0000 1.0000 0.0508 0.2503 1.5020 0.0349 0.0588 b 0.3500 1.7520 1.2985 1.2901 0.2550 0.2985 0.2106 0.3208 0.2247 0.1925 0.0000 0.0000 0.0000 
main 13.0000 7.0000 30.0000 6.0000 0.0000 6.0000 5.0000 2.0000 0.1011 0.2493 1.2463 0.0906 0.1145 b 0.1770 1.4963 1.0491 1.0408 0.1581 0.3597 0.1615 0.3555 0.2116 0.0000 0.0000 0.0000 0.0000 
main 13.0000 7.0000 5.0000 5.0000 0.0000 5.0000 4.0000 1.0000 0.0522 0.2496 0.9985 0.0349 0.0588 b 0.1470 1.2485 1.3802 1.3718 0.2436 0.2115 0.3251 0.2184 0.0000 0.0000 0.0000 0.0000 0.0000 
main 13.0000 7.0000 9.0000 6.0000 0.0000 6.0000 5.0000 2.0000 0.0908 0.2498 1.2489 0.0906 0.1145 b 0.2250 1.4989 1.0416 1.0333 0.2041 0.3117 0.1647 0.1908 0.3777 0.0000 0.0000 0.0000 0.0000 
main 13.0000 7.0000 13.0000 8.0000 1.0000 8.0000 7.0000 0.0000 0.0000 0.2500 1.7500 0.0000 0.0000 b 0.1360 2.0000 1.2561 1.2477 0.2500 0.2500 0.2500 0.2500 0.2500 0.2500 0.2500 0.0000 0.0000 
main 13.0000 7.0000 15.0000 8.0000 1.0000 8.0000 7.0000 2.0000 0.0956 0.2505 1.7536 0.0906 0.1145 b 0.1830 2.0036 1.2979 1.2896 0.1929 0.2748 0.1662 0.3729 0.2040 0.1577 0.3850 0.0000 0.0000 
main 13.0000 7.0000 27.0000 5.0000 0.0000 5.0000 4.0000 2.0000 0.1059 0.2506 1.0026 0.0906 0.1145 b 0.1760 1.2526 1.4202 1.4118 0.2579 0.1739 0.3979 0.1729 0.0000 0.0000 0.0000 0.0000 0.0000 
main 13.0000 7.0000 54.0000 7.0000 1.0000 7.0000 6.0000 2.0000 0.0990 0.2497 1.4982 0.0906 0.1145 b 0.1490 1.7482 1.3548 1.3464 0.3845 0.1546 0.3507 0.1581 0.2565 0.1938 0.0000 0.0000 0.0000 
main 13.0000 7.0000 48.0000 5.0000 0.0000 5.0000 4.0000 2.0000 0.0939 0.2491 0.9964 0.0906 0.1145 b 0.1990 1.2464 1.2843 1.2760 0.3731 0.1529 0.2087 0.2616 0.0000 0.0000 0.0000 0.0000 0.0000 
main 13.0000 7.0000 10.0000 7.0000 1.0000 7.0000 6.0000 0.0000 0.0000 0.2500 1.5000 0.0000 0.0000 b 0.1310 1.7500 1.3772 1.3689 0.2500 0.2500 0.2500 0.2500 0.2500 0.2500 0.0000 0.0000 0.0000 
main 13.0000 7.0000 58.0000 9.0000 1.0000 9.0000 8.0000 0.0000 0.0000 0.2500 2.0000 0.0000 0.0000 b 0.1730 2.2500 1.4346 1.4262 0.2500 0.2500 0.2500 0.2500 0.2500 0.2500 0.2500 0.2500 0.0000 
main 13.0000 7.0000 44.0000 4.0000 0.0000 4.0000 3.0000 1.0000 0.0431 0.2514 0.7543 0.0349 0.0588 b 0.7700 1.0043 1.4064 1.3980 0.2061 0.2564 0.2918 0.0000 0.0000 0.0000 0.0000 0.0000 0.0000 
main 13.0000 7.0000 20.0000 10.0000 2.0000 10.0000 9.0000 1.0000 0.0554 0.2502 2.2518 0.0349 0.0588 b 0.1570 2.5018 1.4648 1.4565 0.1594 0.2981 0.1934 0.3225 0.2233 0.2709 0.2130 0.2697 0.3015 
main 13.0000 7.0000 35.0000 8.0000 1.0000 8.0000 7.0000 1.0000 0.0543 0.2498 1.7487 0.0349 0.0588 b 0.1570 1.9987 1.2932 1.2848 0.3293 0.2206 0.1874 0.2794 0.1964 0.3012 0.2343 0.0000 0.0000 
main 13.0000 7.0000 38.0000 9.0000 1.0000 9.0000 8.0000 1.0000 0.0497 0.2499 1.9993 0.0349 0.0588 b 0.1520 2.2493 1.2152 1.2068 0.2439 0.1870 0.2211 0.2803 0.2211 0.2724 0.3480 0.2255 0.0000 
main 13.0000 7.0000 51.0000 6.0000 0.0000 6.0000 5.0000 2.0000 0.0952 0.2509 1.2545 0.0906 0.1145 b 0.1910 1.5045 1.4674 1.4590 0.1623 0.3394 0.2274 0.1635 0.3620 0.0000 0.0000 0.0000 0.0000 
main 13.0000 7.0000 43.0000 4.0000 0.0000 4.0000 3.0000 0.0000 0.0000 0.2500 0.7500 0.0000 0.0000 b 0.1760 1.0000 1.4661 1.4578 0.2500 0.2500 0.2500 0.0000 0.0000 0.0000 0.0000 0.0000 0.0000 
main 13.0000 7.0000 41.0000 10.0000 2.0000 10.0000 9.0000 1.0000 0.0510 0.2501 2.2511 0.0349 0.0588 b 0.1820 2.5011 1.0314 1.0230 0.2384 0.2107 0.3043 0.2069 0.2853 0.2023 0.2662 0.1982 0.3388 
main 13.0000 7.0000 50.0000 6.0000 0.0000 6.0000 5.0000 1.0000 0.0538 0.2504 1.2519 0.0349 0.0588 b 0.1550 1.5019 1.4377 1.4293 0.3150 0.1799 0.2393 0.2917 0.2259 0.0000 0.0000 0.0000 0.0000 
main 13.0000 7.0000 22.0000 4.0000 0.0000 4.0000 3.0000 0.0000 0.0000 0.2500 0.7500 0.0000 0.0000 b 0.2110 1.0000 1.3134 1.3051 0.2500 0.2500 0.2500 0.0000 0.0000 0.0000 0.0000 0.0000 0.0000 
main 13.0000 7.0000 45.0000 4.0000 0.0000 4.0000 3.0000 2.0000 0.0980 0.2504 0.7513 0.0906 0.1145 b 0.1700 1.0013 1.2762 1.2679 0.3586 0.1676 0.2251 0.0000 0.0000 0.0000 0.0000 0.0000 0.0000 
main 13.0000 7.0000 59.0000 9.0000 1.0000 9.0000 8.0000 1.0000 0.0563 0.2500 2.0000 0.0349 0.0588 b 0.1270 2.2500 1.3126 1.3043 0.2433 0.2937 0.2193 0.1570 0.2297 0.3228 0.2203 0.3139 0.0000 
main 13.0000 7.0000 11.0000 7.0000 1.0000 7.0000 6.0000 1.0000 0.0465 0.2501 1.5005 0.0349 0.0588 b 0.1950 1.7505 1.2783 1.2700 0.2721 0.2135 0.2962 0.1759 0.2565 0.2862 0.0000 0.0000 0.0000 
main 13.0000 7.0000 14.0000 8.0000 1.0000 8.0000 7.0000 1.0000 0.0455 0.2507 1.7549 0.0349 0.0588 b 0.1610 2.0049 1.4529 1.4446 0.2660 0.1769 0.2317 0.2762 0.3129 0.2154 0.2758 0.0000 0.0000 
main 13.0000 7.0000 49.0000 6.0000 0.0000 6.0000 5.0000 0.0000 0.0000 0.2500 1.2500 0.0000 0.0000 b 0.1910 1.5000 1.0617 1.0533 0.2500 0.2500 0.2500 0.2500 0.2500 0.0000 0.0000 0.0000 0.0000 
main 13.0000 7.0000 37.0000 9.0000 1.0000 9.0000 8.0000 0.0000 0.0000 0.2500 2.0000 0.0000 0.0000 b 0.1630 2.2500 1.3222 1.3139 0.2500 0.2500 0.2500 0.2500 0.2500 0.2500 0.2500 0.2500 0.0000 
main 13.0000 7.0000 1.0000 4.0000 0.0000 4.0000 3.0000 0.0000 0.0000 0.2500 0.7500 0.0000 0.0000 b 0.2480 1.0000 1.0439 1.0355 0.2500 0.2500 0.2500 0.0000 0.0000 0.0000 0.0000 0.0000 0.0000 
main 13.0000 7.0000 40.0000 10.0000 2.0000 10.0000 9.0000 0.0000 0.0000 0.2500 2.2500 0.0000 0.0000 b 0.1760 2.5000 1.2672 1.2589 0.2500 0.2500 0.2500 0.2500 0.2500 0.2500 0.2500 0.2500 0.2500 
main 13.0000 7.0000 6.0000 5.0000 0.0000 5.0000 4.0000 2.0000 0.1031 0.2500 1.0000 0.0906 0.1145 b 0.1680 1.2500 1.4450 1.4367 0.1546 0.3914 0.2566 0.1975 0.0000 0.0000 0.0000 0.0000 0.0000 
main 13.0000 7.0000 60.0000 9.0000 1.0000 9.0000 8.0000 2.0000 0.0953 0.2494 1.9953 0.0906 0.1145 b 0.1810 2.2453 1.3425 1.3342 0.1746 0.2180 0.3930 0.1856 0.3924 0.2771 0.1954 0.1593 0.0000 
main 13.0000 7.0000 39.0000 9.0000 1.0000 9.0000 8.0000 2.0000 0.0953 0.2504 2.0035 0.0906 0.1145 b 0.1360 2.2535 1.0319 1.0236 0.1716 0.3991 0.3576 0.3262 0.2166 0.1812 0.1543 0.1969 0.0000 
main 13.0000 7.0000 26.0000 5.0000 0.0000 5.0000 4.0000 1.0000 0.0527 0.2505 1.0019 0.0349 0.0588 b 0.1740 1.2519 1.1889 1.1805 0.3165 0.2295 0.2636 0.1923 0.0000 0.0000 0.0000 0.0000 0.0000 
main 13.0000 7.0000 53.0000 7.0000 1.0000 7.0000 6.0000 1.0000 0.0501 0.2502 1.5011 0.0349 0.0588 b 0.1400 1.7511 1.2260 1.2176 0.1997 0.2776 0.2009 0.2753 0.3242 0.2235 0.0000 0.0000 0.0000 
main 13.0000 7.0000 56.0000 8.0000 1.0000 8.0000 7.0000 1.0000 0.0505 0.2497 1.7478 0.0349 0.0588 b 0.1680 1.9978 1.2580 1.2497 0.1631 0.2255 0.2877 0.2310 0.2720 0.3196 0.2490 0.0000 0.0000 
main 13.0000 7.0000 3.0000 4.0000 0.0000 4.0000 3.0000 2.0000 0.1135 0.2510 0.7530 0.0906 0.1145 b 0.1900 1.0030 1.3179 1.3095 0.1726 0.3812 0.1992 0.0000 0.0000 0.0000 0.0000 0.0000 0.0000 
main 13.0000 7.0000 61.0000 10.0000 2.0000 10.0000 9.0000 0.0000 0.0000 0.2500 2.2500 0.0000 0.0000 b 0.2090 2.5000 1.4442 1.4359 0.2500 0.2500 0.2500 0.2500 0.2500 0.2500 0.2500 0.2500 0.2500 
main 13.0000 7.0000 34.0000 8.0000 1.0000 8.0000 7.0000 0.0000 0.0000 0.2500 1.7500 0.0000 0.0000 b 0.1970 2.0000 1.1074 1.0991 0.2500 0.2500 0.2500 0.2500 0.2500 0.2500 0.2500 0.0000 0.0000 
main 13.0000 7.0000 7.0000 6.0000 0.0000 6.0000 5.0000 0.0000 0.0000 0.2500 1.2500 0.0000 0.0000 b 0.1690 1.5000 1.4980 1.4896 0.2500 0.2500 0.2500 0.2500 0.2500 0.0000 0.0000 0.0000 0.0000 
main 13.0000 7.0000 24.0000 4.0000 0.0000 4.0000 3.0000 2.0000 0.1025 0.2504 0.7512 0.0906 0.1145 b 0.2340 1.0012 1.4918 1.4835 0.1676 0.2186 0.3650 0.0000 0.0000 0.0000 0.0000 0.0000 0.0000 
main 13.0000 7.0000 57.0000 8.0000 1.0000 8.0000 7.0000 2.0000 0.0971 0.2495 1.7464 0.0906 0.1145 b 0.1360 1.9964 1.0583 1.0500 0.1588 0.3882 0.1877 0.2803 0.1609 0.3689 0.2015 0.0000 0.0000 
main 13.0000 7.0000 4.0000 5.0000 0.0000 5.0000 4.0000 0.0000 0.0000 0.2500 1.0000 0.0000 0.0000 b 0.1730 1.2500 1.1562 1.1479 0.2500 0.2500 0.2500 0.2500 0.0000 0.0000 0.0000 0.0000 0.0000 
main 13.0000 7.0000 36.0000 8.0000 1.0000 8.0000 7.0000 2.0000 0.0926 0.2501 1.7507 0.0906 0.1145 b 0.1880 2.0007 1.2951 1.2868 0.1615 0.3357 0.2254 0.1801 0.1546 0.3079 0.3855 0.0000 0.0000 
main 13.0000 7.0000 28.0000 6.0000 0.0000 6.0000 5.0000 0.0000 0.0000 0.2500 1.2500 0.0000 0.0000 b 0.1870 1.5000 1.4244 1.4161 0.2500 0.2500 0.2500 0.2500 0.2500 0.0000 0.0000 0.0000 0.0000 
main 13.0000 7.0000 47.0000 5.0000 0.0000 5.0000 4.0000 1.0000 0.0466 0.2512 1.0049 0.0349 0.0588 b 0.1690 1.2549 1.4974 1.4891 0.2170 0.2556 0.3156 0.2167 0.0000 0.0000 0.0000 0.0000 0.0000 
main 13.0000 7.0000 25.0000 5.0000 0.0000 5.0000 4.0000 0.0000 0.0000 0.2500 1.0000 0.0000 0.0000 b 0.2030 1.2500 1.2345 1.2261 0.2500 0.2500 0.2500 0.2500 0.0000 0.0000 0.0000 0.0000 0.0000 
main 13.0000 7.0000 62.0000 10.0000 2.0000 10.0000 9.0000 1.0000 0.0567 0.2503 2.2523 0.0349 0.0588 b 0.1220 2.5023 1.3906 1.3822 0.2080 0.3785 0.2378 0.2035 0.2968 0.2258 0.2515 0.2013 0.2491 
main 13.0000 7.0000 8.0000 6.0000 0.0000 6.0000 5.0000 1.0000 0.0461 0.2499 1.2493 0.0349 0.0588 b 0.1590 1.4993 1.3060 1.2977 0.2805 0.2518 0.3059 0.2211 0.1899 0.0000 0.0000 0.0000 0.0000 
main 13.0000 7.0000 12.0000 7.0000 1.0000 7.0000 6.0000 2.0000 0.0948 0.2499 1.4995 0.0906 0.1145 b 0.1580 1.7495 1.4195 1.4112 0.1743 0.3089 0.3493 0.1513 0.3473 0.1683 0.0000 0.0000 0.0000 
main 13.0000 7.0000 42.0000 10.0000 2.0000 10.0000 9.0000 2.0000 0.0974 0.2500 2.2498 0.0906 0.1145 b 0.1720 2.4998 1.4343 1.4260 0.1565 0.3512 0.1561 0.2185 0.3980 0.1763 0.3754 0.1906 0.2271 
main 13.0000 7.0000 16.0000 9.0000 1.0000 9.0000 8.0000 0.0000 0.0000 0.2500 2.0000 0.0000 0.0000 b 0.1710 2.2500 1.0430 1.0347 0.2500 0.2500 0.2500 0.2500 0.2500 0.2500 0.2500 0.2500 0.0000 
main 13.0000 7.0000 18.0000 9.0000 1.0000 9.0000 8.0000 2.0000 0.0968 0.2500 1.9998 0.0906 0.1145 b 0.1930 2.2498 1.4526 1.4442 0.3610 0.1678 0.2758 0.1545 0.3003 0.3965 0.1877 0.1562 0.0000 
main 13.0000 7.0000 55.0000 8.0000 1.0000 8.0000 7.0000 0.0000 0.0000 0.2500 1.7500 0.0000 0.0000 b 0.1950 2.0000 1.4422 1.4338 0.2500 0.2500 0.2500 0.2500 0.2500 0.2500 0.2500 0.0000 0.0000 
main 13.0000 7.0000 46.0000 5.0000 0.0000 5.0000 4.0000 0.0000 0.0000 0.2500 1.0000 0.0000 0.0000 b 0.1760 1.2500 1.4744 1.4661 0.2500 0.2500 0.2500 0.2500 0.0000 0.0000 0.0000 0.0000 0.0000 
main 13.0000 7.0000 21.0000 10.0000 2.0000 10.0000 9.0000 2.0000 0.0975 0.2498 2.2481 0.0906 0.1145 b 0.1620 2.4981 1.0322 1.0238 0.1516 0.1984 0.1600 0.3065 0.3972 0.1892 0.2851 0.3895 0.1705 
main 13.0000 7.0000 52.0000 7.0000 1.0000 7.0000 6.0000 0.0000 0.0000 0.2500 1.5000 0.0000 0.0000 b 0.1490 1.7500 1.0689 1.0605 0.2500 0.2500 0.2500 0.2500 0.2500 0.2500 0.0000 0.0000 0.0000 
main 13.0000 7.0000 23.0000 4.0000 0.0000 4.0000 3.0000 1.0000 0.0397 0.2514 0.7542 0.0349 0.0588 b 0.1730 1.0042 1.1112 1.1028 0.2605 0.2858 0.2080 0.0000 0.0000 0.0000 0.0000 0.0000 0.0000 
main 13.0000 7.0000 19.0000 10.0000 2.0000 10.0000 9.0000 0.0000 0.0000 0.2500 2.2500 0.0000 0.0000 b 0.1460 2.5000 1.4738 1.4654 0.2500 0.2500 0.2500 0.2500 0.2500 0.2500 0.2500 0.2500 0.2500 
main 13.0000 7.0000 32.0000 7.0000 1.0000 7.0000 6.0000 1.0000 0.0478 0.2497 1.4979 0.0349 0.0588 b 0.1710 1.7479 1.1086 1.1002 0.2760 0.3092 0.2506 0.1692 0.2648 0.2281 0.0000 0.0000 0.0000 
main 13.0000 7.0000 31.0000 7.0000 1.0000 7.0000 6.0000 0.0000 0.0000 0.2500 1.5000 0.0000 0.0000 b 0.1530 1.7500 1.2579 1.2496 0.2500 0.2500 0.2500 0.2500 0.2500 0.2500 0.0000 0.0000 0.0000 
main 13.0000 7.0000 17.0000 9.0000 1.0000 9.0000 8.0000 1.0000 0.0578 0.2497 1.9976 0.0349 0.0588 b 0.1450 2.2476 1.4476 1.4392 0.2260 0.1777 0.2889 0.3491 0.2773 0.2012 0.2767 0.2007 0.0000 
main 13.0000 7.0000 2.0000 4.0000 0.0000 4.0000 3.0000 1.0000 0.0461 0.2509 0.7528 0.0349 0.0588 b 0.3350 1.0028 1.1678 1.1595 0.2582 0.2930 0.2016 0.0000 0.0000 0.0000 0.0000 0.0000 0.0000 
main 13.0000 7.0000 29.0000 6.0000 0.0000 6.0000 5.0000 1.0000 0.0471 0.2500 1.2501 0.0349 0.0588 b 0.1900 1.5001 1.3020 1.2937 0.1777 0.2978 0.2373 0.2846 0.2527 0.0000 0.0000 0.0000 0.0000 
main 13.0000 7.0000 63.0000 10.0000 2.0000 10.0000 9.0000 2.0000 0.0964 0.2503 2.2531 0.0906 0.1145 b 0.1480 2.5031 1.0555 1.0472 0.1617 0.2555 0.3561 0.1712 0.1974 0.1612 0.3623 0.3984 0.1892 
main 13.0000 7.0000 33.0000 7.0000 1.0000 7.0000 6.0000 2.0000 0.0936 0.2493 1.4956 0.0906 0.1145 b 0.2080 1.7456 1.2807 1.2724 0.3147 0.1522 0.3026 0.3752 0.1904 0.1605 0.0000 0.0000 0.0000 
main 13.0000 8.0000 1.0000 4.0000 0.0000 4.0000 3.0000 0.0000 0.0000 0.2500 0.7500 0.0000 0.0000 b 0.1850 1.0000 1.1307 1.1223 0.2500 0.2500 0.2500 0.0000 0.0000 0.0000 0.0000 0.0000 0.0000 
main 13.0000 8.0000 59.0000 9.0000 1.0000 9.0000 8.0000 1.0000 0.0532 0.2498 1.9982 0.0349 0.0588 b 0.3930 2.2482 1.4053 1.3970 0.2128 0.3072 0.2375 0.1598 0.2492 0.3269 0.2310 0.2738 0.0000 
main 13.0000 8.0000 6.0000 5.0000 0.0000 5.0000 4.0000 2.0000 0.0962 0.2504 1.0017 0.0906 0.1145 b 0.1800 1.2517 1.1705 1.1622 0.2126 0.1767 0.3918 0.2207 0.0000 0.0000 0.0000 0.0000 0.0000 
main 13.0000 8.0000 17.0000 9.0000 1.0000 9.0000 8.0000 1.0000 0.0584 0.2499 1.9991 0.0349 0.0588 b 0.1730 2.2491 1.1495 1.1412 0.1673 0.2973 0.2236 0.2651 0.2323 0.3301 0.3009 0.1826 0.0000 
main 13.0000 8.0000 27.0000 5.0000 0.0000 5.0000 4.0000 2.0000 0.0934 0.2490 0.9958 0.0906 0.1145 b 0.1800 1.2458 1.4798 1.4714 0.2231 0.3848 0.1714 0.2165 0.0000 0.0000 0.0000 0.0000 0.0000 
main 13.0000 8.0000 24.0000 4.0000 0.0000 4.0000 3.0000 2.0000 0.1032 0.2509 0.7527 0.0906 0.1145 b 0.1660 1.0027 1.1053 1.0969 0.1646 0.2229 0.3652 0.0000 0.0000 0.0000 0.0000 0.0000 0.0000 
main 13.0000 8.0000 44.0000 4.0000 0.0000 4.0000 3.0000 1.0000 0.0488 0.2509 0.7528 0.0349 0.0588 b 0.1330 1.0028 1.3401 1.3317 0.2812 0.1946 0.2770 0.0000 0.0000 0.0000 0.0000 0.0000 0.0000 
main 13.0000 8.0000 34.0000 8.0000 1.0000 8.0000 7.0000 0.0000 0.0000 0.2500 1.7500 0.0000 0.0000 b 0.1160 2.0000 1.1589 1.1505 0.2500 0.2500 0.2500 0.2500 0.2500 0.2500 0.2500 0.0000 0.0000 
main 13.0000 8.0000 36.0000 8.0000 1.0000 8.0000 7.0000 2.0000 0.0941 0.2496 1.7470 0.0906 0.1145 b 0.2020 1.9970 1.1708 1.1624 0.1900 0.3134 0.1978 0.3668 0.1558 0.3615 0.1616 0.0000 0.0000 
main 13.0000 8.0000 4.0000 5.0000 0.0000 5.0000 4.0000 0.0000 0.0000 0.2500 1.0000 0.0000 0.0000 b 0.2510 1.2500 1.0133 1.0049 0.2500 0.2500 0.2500 0.2500 0.0000 0.0000 0.0000 0.0000 0.0000 
main 13.0000 8.0000 19.0000 10.0000 2.0000 10.0000 9.0000 0.0000 0.0000 0.2500 2.2500 0.0000 0.0000 b 0.1690 2.5000 1.3534 1.3451 0.2500 0.2500 0.2500 0.2500 0.2500 0.2500 0.2500 0.2500 0.2500 
main 13.0000 8.0000 13.0000 8.0000 1.0000 8.0000 7.0000 0.0000 0.0000 0.2500 1.7500 0.0000 0.0000 b 0.1690 2.0000 1.3666 1.3582 0.2500 0.2500 0.2500 0.2500 0.2500 0.2500 0.2500 0.0000 0.0000 
main 13.0000 8.0000 45.0000 4.0000 0.0000 4.0000 3.0000 2.0000 0.0915 0.2484 0.7453 0.0906 0.1145 b 0.2360 0.9953 1.2381 1.2297 0.1503 0.2634 0.3316 0.0000 0.0000 0.0000 0.0000 0.0000 0.0000 
main 13.0000 8.0000 43.0000 4.0000 0.0000 4.0000 3.0000 0.0000 0.0000 0.2500 0.7500 0.0000 0.0000 b 0.1540 1.0000 1.4947 1.4864 0.2500 0.2500 0.2500 0.0000 0.0000 0.0000 0.0000 0.0000 0.0000 
main 13.0000 8.0000 21.0000 10.0000 2.0000 10.0000 9.0000 2.0000 0.0925 0.2499 2.2494 0.0906 0.1145 NA E 2.4994 1.1713 1.1630 0.2420 0.1833 0.1508 0.3834 0.3395 0.3715 0.2382 0.1522 0.1886 
main 13.0000 8.0000 39.0000 9.0000 1.0000 9.0000 8.0000 2.0000 0.0939 0.2501 2.0010 0.0906 0.1145 b 0.1930 2.2510 1.2714 1.2630 0.3923 0.1597 0.2231 0.3028 0.1807 0.3708 0.1525 0.2191 0.0000 
main 13.0000 8.0000 60.0000 9.0000 1.0000 9.0000 8.0000 2.0000 0.0999 0.2500 1.9997 0.0906 0.1145 NA E 2.2497 1.0207 1.0123 0.1636 0.3350 0.1637 0.2037 0.3942 0.2056 0.1616 0.3722 0.0000 
main 13.0000 8.0000 54.0000 7.0000 1.0000 7.0000 6.0000 2.0000 0.0912 0.2503 1.5019 0.0906 0.1145 b 0.1990 1.7519 1.2838 1.2755 0.2236 0.1857 0.2141 0.1576 0.3963 0.3246 0.0000 0.0000 0.0000 
main 13.0000 8.0000 2.0000 4.0000 0.0000 4.0000 3.0000 1.0000 0.0504 0.2510 0.7530 0.0349 0.0588 b 0.2090 1.0030 1.0282 1.0198 0.2766 0.1929 0.2834 0.0000 0.0000 0.0000 0.0000 0.0000 0.0000 
main 13.0000 8.0000 29.0000 6.0000 0.0000 6.0000 5.0000 1.0000 0.0448 0.2497 1.2486 0.0349 0.0588 b 0.1630 1.4986 1.0767 1.0683 0.2632 0.3011 0.2667 0.2368 0.1807 0.0000 0.0000 0.0000 0.0000 
main 13.0000 8.0000 53.0000 7.0000 1.0000 7.0000 6.0000 1.0000 0.0571 0.2497 1.4980 0.0349 0.0588 b 0.1630 1.7480 1.3874 1.3790 0.3278 0.1898 0.2849 0.2598 0.1775 0.2583 0.0000 0.0000 0.0000 
main 13.0000 8.0000 42.0000 10.0000 2.0000 10.0000 9.0000 2.0000 0.0939 0.2496 2.2467 0.0906 0.1145 b 0.1460 2.4967 1.3349 1.3266 0.1674 0.2062 0.3066 0.1536 0.3894 0.2023 0.1637 0.2667 0.3908 
main 13.0000 8.0000 18.0000 9.0000 1.0000 9.0000 8.0000 2.0000 0.0941 0.2501 2.0007 0.0906 0.1145 b 0.1710 2.2507 1.4157 1.4074 0.2677 0.1970 0.3845 0.1880 0.1526 0.3846 0.2704 0.1558 0.0000 
main 13.0000 8.0000 22.0000 4.0000 0.0000 4.0000 3.0000 0.0000 0.0000 0.2500 0.7500 0.0000 0.0000 b 0.5700 1.0000 1.3586 1.3502 0.2500 0.2500 0.2500 0.0000 0.0000 0.0000 0.0000 0.0000 0.0000 
main 13.0000 8.0000 5.0000 5.0000 0.0000 5.0000 4.0000 1.0000 0.0586 0.2490 0.9959 0.0349 0.0588 b 0.1790 1.2459 1.0245 1.0162 0.1867 0.3018 0.2114 0.2960 0.0000 0.0000 0.0000 0.0000 0.0000 
main 13.0000 8.0000 25.0000 5.0000 0.0000 5.0000 4.0000 0.0000 0.0000 0.2500 1.0000 0.0000 0.0000 b 0.2050 1.2500 1.2209 1.2126 0.2500 0.2500 0.2500 0.2500 0.0000 0.0000 0.0000 0.0000 0.0000 
main 13.0000 8.0000 47.0000 5.0000 0.0000 5.0000 4.0000 1.0000 0.0422 0.2505 1.0020 0.0349 0.0588 b 0.1810 1.2520 1.0667 1.0584 0.2796 0.2250 0.2924 0.2049 0.0000 0.0000 0.0000 0.0000 0.0000 
main 13.0000 8.0000 32.0000 7.0000 1.0000 7.0000 6.0000 1.0000 0.0522 0.2495 1.4969 0.0349 0.0588 b 0.2130 1.7469 1.1961 1.1877 0.3266 0.1864 0.2573 0.2043 0.2356 0.2866 0.0000 0.0000 0.0000 
main 13.0000 8.0000 37.0000 9.0000 1.0000 9.0000 8.0000 0.0000 0.0000 0.2500 2.0000 0.0000 0.0000 b 0.1490 2.2500 1.4037 1.3953 0.2500 0.2500 0.2500 0.2500 0.2500 0.2500 0.2500 0.2500 0.0000 
main 13.0000 8.0000 61.0000 10.0000 2.0000 10.0000 9.0000 0.0000 0.0000 0.2500 2.2500 0.0000 0.0000 b 0.1850 2.5000 1.0560 1.0477 0.2500 0.2500 0.2500 0.2500 0.2500 0.2500 0.2500 0.2500 0.2500 
main 13.0000 8.0000 14.0000 8.0000 1.0000 8.0000 7.0000 1.0000 0.0582 0.2499 1.7491 0.0349 0.0588 b 0.1840 1.9991 1.0725 1.0641 0.2486 0.3166 0.1797 0.2613 0.3305 0.1907 0.2217 0.0000 0.0000 
main 13.0000 8.0000 35.0000 8.0000 1.0000 8.0000 7.0000 1.0000 0.0540 0.2501 1.7505 0.0349 0.0588 b 0.1700 2.0005 1.4208 1.4125 0.3037 0.1657 0.2646 0.1884 0.2495 0.2755 0.3032 0.0000 0.0000 
main 13.0000 8.0000 8.0000 6.0000 0.0000 6.0000 5.0000 1.0000 0.0562 0.2502 1.2512 0.0349 0.0588 b 0.1630 1.5012 1.3519 1.3435 0.1824 0.2308 0.3245 0.2247 0.2888 0.0000 0.0000 0.0000 0.0000 
main 13.0000 8.0000 30.0000 6.0000 0.0000 6.0000 5.0000 2.0000 0.0925 0.2504 1.2519 0.0906 0.1145 b 0.1670 1.5019 1.2971 1.2887 0.2873 0.1775 0.2240 0.1700 0.3932 0.0000 0.0000 0.0000 0.0000 
main 13.0000 8.0000 63.0000 10.0000 2.0000 10.0000 9.0000 2.0000 0.0962 0.2495 2.2458 0.0906 0.1145 b 0.1730 2.4958 1.3965 1.3882 0.1549 0.2485 0.3661 0.1737 0.2485 0.3528 0.1655 0.3848 0.1511 
main 13.0000 8.0000 11.0000 7.0000 1.0000 7.0000 6.0000 1.0000 0.0351 0.2505 1.5032 0.0349 0.0588 b 0.2980 1.7532 1.4469 1.4386 0.2318 0.3018 0.2309 0.2799 0.2067 0.2522 0.0000 0.0000 0.0000 
main 13.0000 8.0000 50.0000 6.0000 0.0000 6.0000 5.0000 1.0000 0.0520 0.2500 1.2498 0.0349 0.0588 b 0.2090 1.4998 1.2972 1.2889 0.2481 0.1778 0.2278 0.2827 0.3135 0.0000 0.0000 0.0000 0.0000 
main 13.0000 8.0000 16.0000 9.0000 1.0000 9.0000 8.0000 0.0000 0.0000 0.2500 2.0000 0.0000 0.0000 b 0.1730 2.2500 1.0642 1.0559 0.2500 0.2500 0.2500 0.2500 0.2500 0.2500 0.2500 0.2500 0.0000 
main 13.0000 8.0000 55.0000 8.0000 1.0000 8.0000 7.0000 0.0000 0.0000 0.2500 1.7500 0.0000 0.0000 b 0.1650 2.0000 1.3022 1.2939 0.2500 0.2500 0.2500 0.2500 0.2500 0.2500 0.2500 0.0000 0.0000 
main 13.0000 8.0000 38.0000 9.0000 1.0000 9.0000 8.0000 1.0000 0.0580 0.2494 1.9953 0.0349 0.0588 b 0.1810 2.2453 1.4059 1.3976 0.2785 0.1906 0.3022 0.1914 0.2941 0.3285 0.1841 0.2259 0.0000 
main 13.0000 8.0000 56.0000 8.0000 1.0000 8.0000 7.0000 1.0000 0.0569 0.2500 1.7498 0.0349 0.0588 b 0.1530 1.9998 1.2050 1.1967 0.2454 0.1894 0.2721 0.3633 0.2427 0.2047 0.2323 0.0000 0.0000 
main 13.0000 8.0000 57.0000 8.0000 1.0000 8.0000 7.0000 2.0000 0.0946 0.2494 1.7457 0.0906 0.1145 b 0.2250 1.9957 1.3158 1.3075 0.2038 0.3918 0.1882 0.2472 0.1530 0.1905 0.3712 0.0000 0.0000 
main 13.0000 8.0000 40.0000 10.0000 2.0000 10.0000 9.0000 0.0000 0.0000 0.2500 2.2500 0.0000 0.0000 b 0.2150 2.5000 1.0546 1.0463 0.2500 0.2500 0.2500 0.2500 0.2500 0.2500 0.2500 0.2500 0.2500 
main 13.0000 8.0000 7.0000 6.0000 0.0000 6.0000 5.0000 0.0000 0.0000 0.2500 1.2500 0.0000 0.0000 b 0.4600 1.5000 1.4409 1.4326 0.2500 0.2500 0.2500 0.2500 0.2500 0.0000 0.0000 0.0000 0.0000 
main 13.0000 8.0000 12.0000 7.0000 1.0000 7.0000 6.0000 2.0000 0.0909 0.2505 1.5033 0.0906 0.1145 b 0.1730 1.7533 1.1737 1.1654 0.1554 0.2567 0.1729 0.2086 0.3914 0.3183 0.0000 0.0000 0.0000 
main 13.0000 8.0000 3.0000 4.0000 0.0000 4.0000 3.0000 2.0000 0.0939 0.2492 0.7476 0.0906 0.1145 b 0.2180 0.9976 1.1711 1.1628 0.3475 0.2397 0.1604 0.0000 0.0000 0.0000 0.0000 0.0000 0.0000 
main 13.0000 8.0000 33.0000 7.0000 1.0000 7.0000 6.0000 2.0000 0.0912 0.2504 1.5022 0.0906 0.1145 b 0.1770 1.7522 1.0824 1.0741 0.3669 0.1979 0.1662 0.2327 0.3619 0.1765 0.0000 0.0000 0.0000 
main 13.0000 8.0000 20.0000 10.0000 2.0000 10.0000 9.0000 1.0000 0.0555 0.2501 2.2512 0.0349 0.0588 b 0.1210 2.5012 1.0912 1.0829 0.1584 0.2936 0.2101 0.3055 0.2242 0.3329 0.2459 0.2714 0.2093 
main 13.0000 8.0000 49.0000 6.0000 0.0000 6.0000 5.0000 0.0000 0.0000 0.2500 1.2500 0.0000 0.0000 b 0.2620 1.5000 1.3390 1.3306 0.2500 0.2500 0.2500 0.2500 0.2500 0.0000 0.0000 0.0000 0.0000 
main 13.0000 8.0000 48.0000 5.0000 0.0000 5.0000 4.0000 2.0000 0.0925 0.2494 0.9976 0.0906 0.1145 b 0.2040 1.2476 1.2217 1.2133 0.2087 0.2694 0.3679 0.1516 0.0000 0.0000 0.0000 0.0000 0.0000 
main 13.0000 8.0000 46.0000 5.0000 0.0000 5.0000 4.0000 0.0000 0.0000 0.2500 1.0000 0.0000 0.0000 b 0.1860 1.2500 1.2704 1.2621 0.2500 0.2500 0.2500 0.2500 0.0000 0.0000 0.0000 0.0000 0.0000 
main 13.0000 8.0000 26.0000 5.0000 0.0000 5.0000 4.0000 1.0000 0.0496 0.2510 1.0042 0.0349 0.0588 b 0.1930 1.2542 1.4951 1.4868 0.2461 0.3106 0.2577 0.1898 0.0000 0.0000 0.0000 0.0000 0.0000 
main 13.0000 8.0000 10.0000 7.0000 1.0000 7.0000 6.0000 0.0000 0.0000 0.2500 1.5000 0.0000 0.0000 b 0.3150 1.7500 1.4579 1.4496 0.2500 0.2500 0.2500 0.2500 0.2500 0.2500 0.0000 0.0000 0.0000 
main 13.0000 8.0000 15.0000 8.0000 1.0000 8.0000 7.0000 2.0000 0.0990 0.2500 1.7500 0.0906 0.1145 b 0.1050 2.0000 1.4003 1.3920 0.1556 0.3591 0.1574 0.3831 0.1546 0.2399 0.3003 0.0000 0.0000 
main 13.0000 8.0000 52.0000 7.0000 1.0000 7.0000 6.0000 0.0000 0.0000 0.2500 1.5000 0.0000 0.0000 b 0.2060 1.7500 1.3157 1.3074 0.2500 0.2500 0.2500 0.2500 0.2500 0.2500 0.0000 0.0000 0.0000 
main 13.0000 8.0000 23.0000 4.0000 0.0000 4.0000 3.0000 1.0000 0.0557 0.2508 0.7523 0.0349 0.0588 b 0.3200 1.0023 1.2878 1.2795 0.3089 0.2458 0.1977 0.0000 0.0000 0.0000 0.0000 0.0000 0.0000 
main 13.0000 8.0000 41.0000 10.0000 2.0000 10.0000 9.0000 1.0000 0.0569 0.2502 2.2515 0.0349 0.0588 b 0.1450 2.5015 1.4174 1.4090 0.2415 0.3233 0.2042 0.3174 0.1694 0.2450 0.1948 0.2414 0.3144 
main 13.0000 8.0000 51.0000 6.0000 0.0000 6.0000 5.0000 2.0000 0.0949 0.2503 1.2515 0.0906 0.1145 b 0.1880 1.5015 1.1130 1.1046 0.1534 0.2534 0.1811 0.2662 0.3972 0.0000 0.0000 0.0000 0.0000 
main 13.0000 8.0000 28.0000 6.0000 0.0000 6.0000 5.0000 0.0000 0.0000 0.2500 1.2500 0.0000 0.0000 b 0.1620 1.5000 1.0951 1.0867 0.2500 0.2500 0.2500 0.2500 0.2500 0.0000 0.0000 0.0000 0.0000 
main 13.0000 8.0000 31.0000 7.0000 1.0000 7.0000 6.0000 0.0000 0.0000 0.2500 1.5000 0.0000 0.0000 b 0.1600 1.7500 1.0238 1.0154 0.2500 0.2500 0.2500 0.2500 0.2500 0.2500 0.0000 0.0000 0.0000 
main 13.0000 8.0000 58.0000 9.0000 1.0000 9.0000 8.0000 0.0000 0.0000 0.2500 2.0000 0.0000 0.0000 b 0.2320 2.2500 1.2625 1.2542 0.2500 0.2500 0.2500 0.2500 0.2500 0.2500 0.2500 0.2500 0.0000 
main 13.0000 8.0000 62.0000 10.0000 2.0000 10.0000 9.0000 1.0000 0.0575 0.2496 2.2464 0.0349 0.0588 b 0.1770 2.4964 1.0175 1.0092 0.3260 0.1897 0.2605 0.2273 0.3137 0.2351 0.2051 0.1735 0.3156 
main 13.0000 8.0000 9.0000 6.0000 0.0000 6.0000 5.0000 2.0000 0.0943 0.2507 1.2536 0.0906 0.1145 b 0.1580 1.5036 1.0790 1.0707 0.1595 0.2742 0.3975 0.2431 0.1793 0.0000 0.0000 0.0000 0.0000 
