group subNo block index seqDur shortLong nTargets nIOI rhythmicVarTAG seqSTD seqMeanIOI seqSumIOI Lowbound Upbound pressedKey rt seqDuration startInterval trialDuration IOI1 IOI2 IOI3 IOI4 IOI5 IOI6 IOI7 IOI8 IOI9 
run 2.0000 1.0000 33.0000 7.0000 1.0000 7.0000 6.0000 2.0000 0.0924 0.2492 1.4952 0.0906 0.1145 m 0.1460 1.7452 1.0675 2.8042 0.2634 0.2338 0.1543 0.2893 0.3998 0.1546 0.0000 0.0000 0.0000 
run 2.0000 1.0000 39.0000 9.0000 1.0000 9.0000 8.0000 2.0000 0.1022 0.2494 1.9954 0.0906 0.1145 m 0.1580 2.2454 1.0748 3.3042 0.1510 0.3185 0.1743 0.3986 0.1708 0.1990 0.3876 0.1956 0.0000 
run 2.0000 1.0000 42.0000 10.0000 2.0000 10.0000 9.0000 2.0000 0.0950 0.2496 2.2463 0.0906 0.1145 m 0.1830 2.4963 1.4902 3.9719 0.2104 0.1812 0.3863 0.1637 0.2650 0.3883 0.1773 0.3231 0.1508 
run 2.0000 1.0000 62.0000 10.0000 2.0000 10.0000 9.0000 1.0000 0.0572 0.2504 2.2539 0.0349 0.0588 m 0.1720 2.5039 1.2457 3.7461 0.3605 0.3078 0.2303 0.2584 0.1916 0.2485 0.2078 0.2671 0.1819 
run 2.0000 1.0000 32.0000 7.0000 1.0000 7.0000 6.0000 1.0000 0.0428 0.2501 1.5005 0.0349 0.0588 m 0.1450 1.7505 1.4482 3.1929 0.2739 0.1958 0.3004 0.2285 0.2874 0.2145 0.0000 0.0000 0.0000 
run 2.0000 1.0000 51.0000 6.0000 0.0000 6.0000 5.0000 2.0000 0.1140 0.2505 1.2526 0.0906 0.1145 m 0.1490 1.5026 1.1410 2.6283 0.1763 0.3731 0.1625 0.3773 0.1635 0.0000 0.0000 0.0000 0.0000 
run 2.0000 1.0000 47.0000 5.0000 0.0000 5.0000 4.0000 1.0000 0.0366 0.2493 0.9974 0.0349 0.0588 m 0.1550 1.2474 1.1852 2.4228 0.2013 0.2573 0.2900 0.2488 0.0000 0.0000 0.0000 0.0000 0.0000 
run 2.0000 1.0000 18.0000 9.0000 1.0000 9.0000 8.0000 2.0000 0.0915 0.2501 2.0004 0.0906 0.1145 m 0.1480 2.2504 1.2417 3.4760 0.2659 0.1787 0.3638 0.1912 0.1510 0.3813 0.3026 0.1660 0.0000 
run 2.0000 1.0000 37.0000 9.0000 1.0000 9.0000 8.0000 0.0000 0.0000 0.2500 2.0000 0.0000 0.0000 m 0.1690 2.2500 1.1158 3.3589 0.2500 0.2500 0.2500 0.2500 0.2500 0.2500 0.2500 0.2500 0.0000 
run 2.0000 1.0000 55.0000 8.0000 1.0000 8.0000 7.0000 0.0000 0.0000 0.2500 1.7500 0.0000 0.0000 m 0.1450 2.0000 1.1652 3.1591 0.2500 0.2500 0.2500 0.2500 0.2500 0.2500 0.2500 0.0000 0.0000 
run 2.0000 1.0000 34.0000 8.0000 1.0000 8.0000 7.0000 0.0000 0.0000 0.2500 1.7500 0.0000 0.0000 m 0.1780 2.0000 1.1217 3.1090 0.2500 0.2500 0.2500 0.2500 0.2500 0.2500 0.2500 0.0000 0.0000 
run 2.0000 1.0000 4.0000 5.0000 0.0000 5.0000 4.0000 0.0000 0.0000 0.2500 1.0000 0.0000 0.0000 m 0.1380 1.2500 1.0682 2.3090 0.2500 0.2500 0.2500 0.2500 0.0000 0.0000 0.0000 0.0000 0.0000 
run 2.0000 1.0000 25.0000 5.0000 0.0000 5.0000 4.0000 0.0000 0.0000 0.2500 1.0000 0.0000 0.0000 m 0.1320 1.2500 1.2678 2.5090 0.2500 0.2500 0.2500 0.2500 0.0000 0.0000 0.0000 0.0000 0.0000 
run 2.0000 1.0000 59.0000 9.0000 1.0000 9.0000 8.0000 1.0000 0.0580 0.2495 1.9962 0.0349 0.0588 m 0.1830 2.2462 1.0586 3.3052 0.2348 0.2760 0.2377 0.1879 0.2566 0.2818 0.3538 0.1676 0.0000 
run 2.0000 1.0000 45.0000 4.0000 0.0000 4.0000 3.0000 2.0000 0.1056 0.2497 0.7490 0.0906 0.1145 m 0.1650 0.9990 1.3297 2.3245 0.2136 0.3686 0.1669 0.0000 0.0000 0.0000 0.0000 0.0000 0.0000 
run 2.0000 1.0000 52.0000 7.0000 1.0000 7.0000 6.0000 0.0000 0.0000 0.2500 1.5000 0.0000 0.0000 m 0.1740 1.7500 1.3520 3.0922 0.2500 0.2500 0.2500 0.2500 0.2500 0.2500 0.0000 0.0000 0.0000 
run 2.0000 1.0000 7.0000 6.0000 0.0000 6.0000 5.0000 0.0000 0.0000 0.2500 1.2500 0.0000 0.0000 m 0.1600 1.5000 1.1658 2.6590 0.2500 0.2500 0.2500 0.2500 0.2500 0.0000 0.0000 0.0000 0.0000 
run 2.0000 1.0000 10.0000 7.0000 1.0000 7.0000 6.0000 0.0000 0.0000 0.2500 1.5000 0.0000 0.0000 m 0.1660 1.7500 1.0632 2.8088 0.2500 0.2500 0.2500 0.2500 0.2500 0.2500 0.0000 0.0000 0.0000 
run 2.0000 1.0000 23.0000 4.0000 0.0000 4.0000 3.0000 1.0000 0.0521 0.2506 0.7517 0.0349 0.0588 m 0.1600 1.0017 1.4636 2.4607 0.2946 0.1930 0.2640 0.0000 0.0000 0.0000 0.0000 0.0000 0.0000 
run 2.0000 1.0000 11.0000 7.0000 1.0000 7.0000 6.0000 1.0000 0.0576 0.2503 1.5016 0.0349 0.0588 m 0.1690 1.7516 1.1713 2.9105 0.1933 0.2438 0.2085 0.3402 0.2987 0.2172 0.0000 0.0000 0.0000 
run 2.0000 1.0000 57.0000 8.0000 1.0000 8.0000 7.0000 2.0000 0.0999 0.2507 1.7548 0.0906 0.1145 m 0.1610 2.0048 1.0993 3.0971 0.1657 0.2019 0.3033 0.1566 0.3608 0.1726 0.3938 0.0000 0.0000 
run 2.0000 1.0000 50.0000 6.0000 0.0000 6.0000 5.0000 1.0000 0.0368 0.2498 1.2489 0.0349 0.0588 m 0.1570 1.4989 1.3596 2.8578 0.2379 0.2725 0.2323 0.2060 0.3002 0.0000 0.0000 0.0000 0.0000 
run 2.0000 1.0000 26.0000 5.0000 0.0000 5.0000 4.0000 1.0000 0.0490 0.2503 1.0013 0.0349 0.0588 m 0.1900 1.2513 1.3250 2.5600 0.3095 0.2338 0.2644 0.1936 0.0000 0.0000 0.0000 0.0000 0.0000 
run 2.0000 1.0000 15.0000 8.0000 1.0000 8.0000 7.0000 2.0000 0.0909 0.2497 1.7480 0.0906 0.1145 m 0.1310 1.9980 1.0924 3.0904 0.3865 0.1604 0.2122 0.1697 0.2976 0.1818 0.3399 0.0000 0.0000 
run 2.0000 1.0000 19.0000 10.0000 2.0000 10.0000 9.0000 0.0000 0.0000 0.2500 2.2500 0.0000 0.0000 m 0.1630 2.5000 1.0515 3.5422 0.2500 0.2500 0.2500 0.2500 0.2500 0.2500 0.2500 0.2500 0.2500 
run 2.0000 1.0000 38.0000 9.0000 1.0000 9.0000 8.0000 1.0000 0.0513 0.2504 2.0031 0.0349 0.0588 m 0.1480 2.2531 1.1898 3.4288 0.2766 0.2246 0.1755 0.3490 0.2600 0.2205 0.2680 0.2289 0.0000 
run 2.0000 1.0000 46.0000 5.0000 0.0000 5.0000 4.0000 0.0000 0.0000 0.2500 1.0000 0.0000 0.0000 m 0.1450 1.2500 1.3959 2.6425 0.2500 0.2500 0.2500 0.2500 0.0000 0.0000 0.0000 0.0000 0.0000 
run 2.0000 1.0000 13.0000 8.0000 1.0000 8.0000 7.0000 0.0000 0.0000 0.2500 1.7500 0.0000 0.0000 m 0.1500 2.0000 1.4212 3.4090 0.2500 0.2500 0.2500 0.2500 0.2500 0.2500 0.2500 0.0000 0.0000 
run 2.0000 1.0000 36.0000 8.0000 1.0000 8.0000 7.0000 2.0000 0.0983 0.2503 1.7519 0.0906 0.1145 m 0.1680 2.0019 1.3089 3.3107 0.3220 0.3523 0.1765 0.3824 0.1535 0.2047 0.1604 0.0000 0.0000 
run 2.0000 1.0000 21.0000 10.0000 2.0000 10.0000 9.0000 2.0000 0.0923 0.2498 2.2480 0.0906 0.1145 m 0.1830 2.4980 1.3719 3.8569 0.3090 0.1612 0.2681 0.1577 0.3861 0.1686 0.2596 0.1641 0.3735 
run 2.0000 1.0000 63.0000 10.0000 2.0000 10.0000 9.0000 2.0000 0.0941 0.2503 2.2525 0.0906 0.1145 m 0.1570 2.5025 1.4221 3.9114 0.2635 0.3426 0.2346 0.3795 0.1510 0.3734 0.1786 0.1504 0.1790 
run 2.0000 1.0000 16.0000 9.0000 1.0000 9.0000 8.0000 0.0000 0.0000 0.2500 2.0000 0.0000 0.0000 m 0.1820 2.2500 1.4445 3.6925 0.2500 0.2500 0.2500 0.2500 0.2500 0.2500 0.2500 0.2500 0.0000 
run 2.0000 1.0000 58.0000 9.0000 1.0000 9.0000 8.0000 0.0000 0.0000 0.2500 2.0000 0.0000 0.0000 m 0.1420 2.2500 1.2610 3.5088 0.2500 0.2500 0.2500 0.2500 0.2500 0.2500 0.2500 0.2500 0.0000 
run 2.0000 1.0000 60.0000 9.0000 1.0000 9.0000 8.0000 2.0000 0.0941 0.2498 1.9987 0.0906 0.1145 m 0.2140 2.2487 1.0849 3.3240 0.1709 0.3929 0.1868 0.3782 0.2920 0.2341 0.1901 0.1536 0.0000 
run 2.0000 1.0000 9.0000 6.0000 0.0000 6.0000 5.0000 2.0000 0.0910 0.2496 1.2482 0.0906 0.1145 m 0.1780 1.4982 1.2931 2.7906 0.3803 0.1916 0.3091 0.1985 0.1687 0.0000 0.0000 0.0000 0.0000 
run 2.0000 1.0000 56.0000 8.0000 1.0000 8.0000 7.0000 1.0000 0.0577 0.2494 1.7457 0.0349 0.0588 m 0.1490 1.9957 1.4444 3.4380 0.2470 0.1777 0.2136 0.2855 0.2018 0.2739 0.3463 0.0000 0.0000 
run 2.0000 1.0000 17.0000 9.0000 1.0000 9.0000 8.0000 1.0000 0.0514 0.2504 2.0034 0.0349 0.0588 m 0.1600 2.2534 1.4221 3.6624 0.1826 0.3213 0.2179 0.2785 0.2324 0.3094 0.2656 0.1956 0.0000 
run 2.0000 1.0000 30.0000 6.0000 0.0000 6.0000 5.0000 2.0000 0.0959 0.2503 1.2513 0.0906 0.1145 m 0.1680 1.5013 1.4169 2.9103 0.3358 0.1541 0.2435 0.3590 0.1589 0.0000 0.0000 0.0000 0.0000 
run 2.0000 1.0000 28.0000 6.0000 0.0000 6.0000 5.0000 0.0000 0.0000 0.2500 1.2500 0.0000 0.0000 m 0.1610 1.5000 1.4034 2.8925 0.2500 0.2500 0.2500 0.2500 0.2500 0.0000 0.0000 0.0000 0.0000 
run 2.0000 1.0000 20.0000 10.0000 2.0000 10.0000 9.0000 1.0000 0.0537 0.2504 2.2532 0.0349 0.0588 m 0.2640 2.5032 1.4177 3.9123 0.2949 0.2529 0.1805 0.3170 0.1638 0.2236 0.2874 0.2379 0.2953 
run 2.0000 1.0000 44.0000 4.0000 0.0000 4.0000 3.0000 1.0000 0.0531 0.2494 0.7482 0.0349 0.0588 m 0.1440 0.9982 1.0549 2.0403 0.3042 0.1982 0.2458 0.0000 0.0000 0.0000 0.0000 0.0000 0.0000 
run 2.0000 1.0000 53.0000 7.0000 1.0000 7.0000 6.0000 1.0000 0.0582 0.2495 1.4969 0.0349 0.0588 m 0.1600 1.7469 1.4002 3.1393 0.2926 0.2318 0.3331 0.2093 0.1715 0.2587 0.0000 0.0000 0.0000 
run 2.0000 1.0000 35.0000 8.0000 1.0000 8.0000 7.0000 1.0000 0.0582 0.2494 1.7456 0.0349 0.0588 m 0.1650 1.9956 1.0320 3.0211 0.2273 0.2566 0.2998 0.2170 0.3302 0.1520 0.2627 0.0000 0.0000 
run 2.0000 1.0000 27.0000 5.0000 0.0000 5.0000 4.0000 2.0000 0.1100 0.2504 1.0017 0.0906 0.1145 m 0.1720 1.2517 1.1272 2.3773 0.1504 0.3780 0.1671 0.3062 0.0000 0.0000 0.0000 0.0000 0.0000 
run 2.0000 1.0000 54.0000 7.0000 1.0000 7.0000 6.0000 2.0000 0.0926 0.2499 1.4994 0.0906 0.1145 m 0.1680 1.7494 1.0801 2.8248 0.3919 0.1618 0.2884 0.1749 0.3030 0.1793 0.0000 0.0000 0.0000 
run 2.0000 1.0000 12.0000 7.0000 1.0000 7.0000 6.0000 2.0000 0.0917 0.2502 1.5013 0.0906 0.1145 m 0.1470 1.7513 1.0932 2.8436 0.1577 0.2265 0.1615 0.2377 0.3837 0.3342 0.0000 0.0000 0.0000 
run 2.0000 1.0000 24.0000 4.0000 0.0000 4.0000 3.0000 2.0000 0.1130 0.2514 0.7543 0.0906 0.1145 m 0.1770 1.0043 1.1822 2.1799 0.1876 0.3819 0.1848 0.0000 0.0000 0.0000 0.0000 0.0000 0.0000 
run 2.0000 1.0000 5.0000 5.0000 0.0000 5.0000 4.0000 1.0000 0.0577 0.2495 0.9981 0.0349 0.0588 m 0.2470 1.2481 1.3445 2.5904 0.3018 0.1849 0.2169 0.2945 0.0000 0.0000 0.0000 0.0000 0.0000 
run 2.0000 1.0000 3.0000 4.0000 0.0000 4.0000 3.0000 2.0000 0.0926 0.2485 0.7456 0.0906 0.1145 m 0.1900 0.9956 1.3076 2.2880 0.1565 0.2474 0.3417 0.0000 0.0000 0.0000 0.0000 0.0000 0.0000 
run 2.0000 1.0000 31.0000 7.0000 1.0000 7.0000 6.0000 0.0000 0.0000 0.2500 1.5000 0.0000 0.0000 m 0.1480 1.7500 1.3948 3.1424 0.2500 0.2500 0.2500 0.2500 0.2500 0.2500 0.0000 0.0000 0.0000 
run 2.0000 1.0000 40.0000 10.0000 2.0000 10.0000 9.0000 0.0000 0.0000 0.2500 2.2500 0.0000 0.0000 m 0.1800 2.5000 1.0041 3.4922 0.2500 0.2500 0.2500 0.2500 0.2500 0.2500 0.2500 0.2500 0.2500 
run 2.0000 1.0000 41.0000 10.0000 2.0000 10.0000 9.0000 1.0000 0.0544 0.2500 2.2503 0.0349 0.0588 m 0.1830 2.5003 1.1974 3.6927 0.2700 0.3367 0.1931 0.2781 0.3061 0.2003 0.2658 0.2209 0.1794 
run 2.0000 1.0000 48.0000 5.0000 0.0000 5.0000 4.0000 2.0000 0.1008 0.2510 1.0038 0.0906 0.1145 m 0.1590 1.2538 1.2871 2.5295 0.2716 0.3845 0.1606 0.1872 0.0000 0.0000 0.0000 0.0000 0.0000 
run 2.0000 1.0000 8.0000 6.0000 0.0000 6.0000 5.0000 1.0000 0.0570 0.2504 1.2522 0.0349 0.0588 m 0.2270 1.5022 1.3360 2.8278 0.3282 0.2061 0.2327 0.1949 0.2904 0.0000 0.0000 0.0000 0.0000 
run 2.0000 1.0000 29.0000 6.0000 0.0000 6.0000 5.0000 1.0000 0.0407 0.2504 1.2522 0.0349 0.0588 m 0.1540 1.5022 1.3973 2.8945 0.2513 0.3021 0.1911 0.2680 0.2397 0.0000 0.0000 0.0000 0.0000 
run 2.0000 1.0000 61.0000 10.0000 2.0000 10.0000 9.0000 0.0000 0.0000 0.2500 2.2500 0.0000 0.0000 m 0.1790 2.5000 1.4390 3.9257 0.2500 0.2500 0.2500 0.2500 0.2500 0.2500 0.2500 0.2500 0.2500 
run 2.0000 1.0000 43.0000 4.0000 0.0000 4.0000 3.0000 0.0000 0.0000 0.2500 0.7500 0.0000 0.0000 m 0.1790 1.0000 1.1249 2.1088 0.2500 0.2500 0.2500 0.0000 0.0000 0.0000 0.0000 0.0000 0.0000 
run 2.0000 1.0000 6.0000 5.0000 0.0000 5.0000 4.0000 2.0000 0.1031 0.2503 1.0012 0.0906 0.1145 m 0.1640 1.2512 1.4698 2.7102 0.3996 0.2176 0.1629 0.2210 0.0000 0.0000 0.0000 0.0000 0.0000 
run 2.0000 1.0000 14.0000 8.0000 1.0000 8.0000 7.0000 1.0000 0.0550 0.2503 1.7524 0.0349 0.0588 m 0.1580 2.0024 1.4436 3.4449 0.2971 0.2270 0.1921 0.2382 0.2037 0.3487 0.2457 0.0000 0.0000 
run 2.0000 1.0000 49.0000 6.0000 0.0000 6.0000 5.0000 0.0000 0.0000 0.2500 1.2500 0.0000 0.0000 m 0.1520 1.5000 1.1787 2.6755 0.2500 0.2500 0.2500 0.2500 0.2500 0.0000 0.0000 0.0000 0.0000 
run 2.0000 1.0000 2.0000 4.0000 0.0000 4.0000 3.0000 1.0000 0.0545 0.2496 0.7489 0.0349 0.0588 m 0.1550 0.9989 1.4775 2.4746 0.1959 0.2480 0.3050 0.0000 0.0000 0.0000 0.0000 0.0000 0.0000 
run 2.0000 1.0000 1.0000 4.0000 0.0000 4.0000 3.0000 0.0000 0.0000 0.2500 0.7500 0.0000 0.0000 m 0.1660 1.0000 1.4722 2.4592 0.2500 0.2500 0.2500 0.0000 0.0000 0.0000 0.0000 0.0000 0.0000 
run 2.0000 1.0000 22.0000 4.0000 0.0000 4.0000 3.0000 0.0000 0.0000 0.2500 0.7500 0.0000 0.0000 m 0.1480 1.0000 1.2189 2.2089 0.2500 0.2500 0.2500 0.0000 0.0000 0.0000 0.0000 0.0000 0.0000 
run 2.0000 2.0000 58.0000 9.0000 1.0000 9.0000 8.0000 0.0000 0.0000 0.2500 2.0000 0.0000 0.0000 m 0.1500 2.2500 1.1506 3.3922 0.2500 0.2500 0.2500 0.2500 0.2500 0.2500 0.2500 0.2500 0.0000 
run 2.0000 2.0000 27.0000 5.0000 0.0000 5.0000 4.0000 2.0000 0.0969 0.2501 1.0005 0.0906 0.1145 m 0.1670 1.2505 1.0759 2.3260 0.3819 0.1534 0.2121 0.2531 0.0000 0.0000 0.0000 0.0000 0.0000 
run 2.0000 2.0000 39.0000 9.0000 1.0000 9.0000 8.0000 2.0000 0.0935 0.2505 2.0036 0.0906 0.1145 m 0.1630 2.2536 1.4932 3.7459 0.1530 0.2020 0.2890 0.3951 0.3558 0.1677 0.2806 0.1603 0.0000 
run 2.0000 2.0000 34.0000 8.0000 1.0000 8.0000 7.0000 0.0000 0.0000 0.2500 1.7500 0.0000 0.0000 m 0.1600 2.0000 1.0248 3.0087 0.2500 0.2500 0.2500 0.2500 0.2500 0.2500 0.2500 0.0000 0.0000 
run 2.0000 2.0000 28.0000 6.0000 0.0000 6.0000 5.0000 0.0000 0.0000 0.2500 1.2500 0.0000 0.0000 m 0.2450 1.5000 1.1227 2.6089 0.2500 0.2500 0.2500 0.2500 0.2500 0.0000 0.0000 0.0000 0.0000 
run 2.0000 2.0000 41.0000 10.0000 2.0000 10.0000 9.0000 1.0000 0.0583 0.2497 2.2477 0.0349 0.0588 m 0.1500 2.4977 1.1055 3.5899 0.2536 0.1779 0.2557 0.2974 0.1925 0.2624 0.3649 0.1951 0.2482 
run 2.0000 2.0000 36.0000 8.0000 1.0000 8.0000 7.0000 2.0000 0.0929 0.2505 1.7532 0.0906 0.1145 m 0.1880 2.0032 1.3645 3.3622 0.3932 0.1587 0.3401 0.2978 0.1762 0.2130 0.1744 0.0000 0.0000 
run 2.0000 2.0000 55.0000 8.0000 1.0000 8.0000 7.0000 0.0000 0.0000 0.2500 1.7500 0.0000 0.0000 m 0.1410 2.0000 1.4979 3.4924 0.2500 0.2500 0.2500 0.2500 0.2500 0.2500 0.2500 0.0000 0.0000 
run 2.0000 2.0000 21.0000 10.0000 2.0000 10.0000 9.0000 2.0000 0.0949 0.2504 2.2538 0.0906 0.1145 m 0.1670 2.5038 1.3757 3.8795 0.3783 0.1531 0.2366 0.1767 0.3762 0.2917 0.1535 0.3264 0.1614 
run 2.0000 2.0000 14.0000 8.0000 1.0000 8.0000 7.0000 1.0000 0.0523 0.2504 1.7527 0.0349 0.0588 m 0.1660 2.0027 1.1423 3.1451 0.2686 0.1900 0.2220 0.1952 0.3265 0.2472 0.3031 0.0000 0.0000 
run 2.0000 2.0000 61.0000 10.0000 2.0000 10.0000 9.0000 0.0000 0.0000 0.2500 2.2500 0.0000 0.0000 m 0.1800 2.5000 1.2258 3.7257 0.2500 0.2500 0.2500 0.2500 0.2500 0.2500 0.2500 0.2500 0.2500 
run 2.0000 2.0000 51.0000 6.0000 0.0000 6.0000 5.0000 2.0000 0.0990 0.2496 1.2480 0.0906 0.1145 m 0.1610 1.4980 1.2907 2.7737 0.1551 0.3874 0.2185 0.3151 0.1720 0.0000 0.0000 0.0000 0.0000 
run 2.0000 2.0000 60.0000 9.0000 1.0000 9.0000 8.0000 2.0000 0.0917 0.2503 2.0028 0.0906 0.1145 m 0.1980 2.2528 1.3564 3.5952 0.2360 0.3912 0.1511 0.3674 0.2817 0.1508 0.1856 0.2390 0.0000 
run 2.0000 2.0000 52.0000 7.0000 1.0000 7.0000 6.0000 0.0000 0.0000 0.2500 1.5000 0.0000 0.0000 m 0.1470 1.7500 1.4374 3.1757 0.2500 0.2500 0.2500 0.2500 0.2500 0.2500 0.0000 0.0000 0.0000 
run 2.0000 2.0000 11.0000 7.0000 1.0000 7.0000 6.0000 1.0000 0.0481 0.2504 1.5024 0.0349 0.0588 m 0.1630 1.7524 1.3687 3.1112 0.2270 0.3157 0.1893 0.2961 0.2544 0.2199 0.0000 0.0000 0.0000 
run 2.0000 2.0000 5.0000 5.0000 0.0000 5.0000 4.0000 1.0000 0.0584 0.2508 1.0031 0.0349 0.0588 m 0.1560 1.2531 1.4641 2.7122 0.2464 0.2086 0.3347 0.2134 0.0000 0.0000 0.0000 0.0000 0.0000 
run 2.0000 2.0000 1.0000 4.0000 0.0000 4.0000 3.0000 0.0000 0.0000 0.2500 0.7500 0.0000 0.0000 m 0.1700 1.0000 1.0418 2.0255 0.2500 0.2500 0.2500 0.0000 0.0000 0.0000 0.0000 0.0000 0.0000 
run 2.0000 2.0000 45.0000 4.0000 0.0000 4.0000 3.0000 2.0000 0.1080 0.2502 0.7505 0.0906 0.1145 m 0.1420 1.0005 1.0289 2.0259 0.1652 0.3717 0.2136 0.0000 0.0000 0.0000 0.0000 0.0000 0.0000 
run 2.0000 2.0000 62.0000 10.0000 2.0000 10.0000 9.0000 1.0000 0.0529 0.2503 2.2525 0.0349 0.0588 m 0.1570 2.5025 1.0812 3.5779 0.2674 0.3174 0.2404 0.2939 0.2083 0.2565 0.1669 0.3093 0.1925 
run 2.0000 2.0000 16.0000 9.0000 1.0000 9.0000 8.0000 0.0000 0.0000 0.2500 2.0000 0.0000 0.0000 m 0.1850 2.2500 1.1622 3.4090 0.2500 0.2500 0.2500 0.2500 0.2500 0.2500 0.2500 0.2500 0.0000 
run 2.0000 2.0000 19.0000 10.0000 2.0000 10.0000 9.0000 0.0000 0.0000 0.2500 2.2500 0.0000 0.0000 m 0.1930 2.5000 1.2040 3.6924 0.2500 0.2500 0.2500 0.2500 0.2500 0.2500 0.2500 0.2500 0.2500 
run 2.0000 2.0000 43.0000 4.0000 0.0000 4.0000 3.0000 0.0000 0.0000 0.2500 0.7500 0.0000 0.0000 m 0.1980 1.0000 1.4070 2.3923 0.2500 0.2500 0.2500 0.0000 0.0000 0.0000 0.0000 0.0000 0.0000 
run 2.0000 2.0000 10.0000 7.0000 1.0000 7.0000 6.0000 0.0000 0.0000 0.2500 1.5000 0.0000 0.0000 m 0.1820 1.7500 1.1598 2.9089 0.2500 0.2500 0.2500 0.2500 0.2500 0.2500 0.0000 0.0000 0.0000 
run 2.0000 2.0000 30.0000 6.0000 0.0000 6.0000 5.0000 2.0000 0.1033 0.2496 1.2479 0.0906 0.1145 m 0.1660 1.4979 1.1842 2.6734 0.1572 0.3827 0.1579 0.3330 0.2171 0.0000 0.0000 0.0000 0.0000 
run 2.0000 2.0000 42.0000 10.0000 2.0000 10.0000 9.0000 2.0000 0.0976 0.2496 2.2461 0.0906 0.1145 m 0.2030 2.4961 1.2830 3.7718 0.1848 0.3762 0.1708 0.2085 0.3613 0.2149 0.1859 0.1507 0.3929 
run 2.0000 2.0000 15.0000 8.0000 1.0000 8.0000 7.0000 2.0000 0.0920 0.2495 1.7466 0.0906 0.1145 m 0.9450 1.9966 1.2718 3.2555 0.3025 0.1539 0.3839 0.1625 0.2844 0.1549 0.3045 0.0000 0.0000 
run 2.0000 2.0000 53.0000 7.0000 1.0000 7.0000 6.0000 1.0000 0.0482 0.2502 1.5015 0.0349 0.0588 m 0.1610 1.7515 1.0193 2.7605 0.2849 0.1926 0.2782 0.2217 0.3132 0.2109 0.0000 0.0000 0.0000 
run 2.0000 2.0000 17.0000 9.0000 1.0000 9.0000 8.0000 1.0000 0.0584 0.2498 1.9985 0.0349 0.0588 m 0.1450 2.2485 1.4656 3.7074 0.2323 0.1823 0.3130 0.2074 0.2372 0.2035 0.3524 0.2704 0.0000 
run 2.0000 2.0000 32.0000 7.0000 1.0000 7.0000 6.0000 1.0000 0.0548 0.2508 1.5047 0.0349 0.0588 m 0.1370 1.7547 1.2387 2.9803 0.3339 0.2038 0.2532 0.2829 0.2499 0.1811 0.0000 0.0000 0.0000 
run 2.0000 2.0000 38.0000 9.0000 1.0000 9.0000 8.0000 1.0000 0.0538 0.2496 1.9966 0.0349 0.0588 m 0.1610 2.2466 1.4809 3.7222 0.3252 0.2963 0.1830 0.2189 0.2694 0.2419 0.1769 0.2851 0.0000 
run 2.0000 2.0000 20.0000 10.0000 2.0000 10.0000 9.0000 1.0000 0.0485 0.2496 2.2466 0.0349 0.0588 m 0.1620 2.4966 1.1786 3.6720 0.2039 0.2567 0.3123 0.2251 0.1871 0.2324 0.3318 0.2728 0.2245 
run 2.0000 2.0000 23.0000 4.0000 0.0000 4.0000 3.0000 1.0000 0.0438 0.2508 0.7523 0.0349 0.0588 m 0.1710 1.0023 1.3244 2.3114 0.2881 0.2616 0.2025 0.0000 0.0000 0.0000 0.0000 0.0000 0.0000 
run 2.0000 2.0000 8.0000 6.0000 0.0000 6.0000 5.0000 1.0000 0.0520 0.2494 1.2468 0.0349 0.0588 m 0.1570 1.4968 1.2189 2.7058 0.2665 0.3093 0.2442 0.1671 0.2597 0.0000 0.0000 0.0000 0.0000 
run 2.0000 2.0000 40.0000 10.0000 2.0000 10.0000 9.0000 0.0000 0.0000 0.2500 2.2500 0.0000 0.0000 m 0.1630 2.5000 1.2488 3.7421 0.2500 0.2500 0.2500 0.2500 0.2500 0.2500 0.2500 0.2500 0.2500 
run 2.0000 2.0000 33.0000 7.0000 1.0000 7.0000 6.0000 2.0000 0.0957 0.2506 1.5034 0.0906 0.1145 m 0.1740 1.7534 1.3379 3.0790 0.3759 0.1606 0.2851 0.3384 0.1534 0.1899 0.0000 0.0000 0.0000 
run 2.0000 2.0000 49.0000 6.0000 0.0000 6.0000 5.0000 0.0000 0.0000 0.2500 1.2500 0.0000 0.0000 m 0.1530 1.5000 1.1097 2.6089 0.2500 0.2500 0.2500 0.2500 0.2500 0.0000 0.0000 0.0000 0.0000 
run 2.0000 2.0000 59.0000 9.0000 1.0000 9.0000 8.0000 1.0000 0.0534 0.2504 2.0033 0.0349 0.0588 m 0.2010 2.2533 1.4775 3.7292 0.2169 0.2468 0.3169 0.1915 0.2305 0.1882 0.3205 0.2920 0.0000 
run 2.0000 2.0000 37.0000 9.0000 1.0000 9.0000 8.0000 0.0000 0.0000 0.2500 2.0000 0.0000 0.0000 m 0.1470 2.2500 1.4163 3.6590 0.2500 0.2500 0.2500 0.2500 0.2500 0.2500 0.2500 0.2500 0.0000 
run 2.0000 2.0000 3.0000 4.0000 0.0000 4.0000 3.0000 2.0000 0.0935 0.2495 0.7486 0.0906 0.1145 m 0.2030 0.9986 1.3639 2.3576 0.1543 0.3413 0.2531 0.0000 0.0000 0.0000 0.0000 0.0000 0.0000 
run 2.0000 2.0000 24.0000 4.0000 0.0000 4.0000 3.0000 2.0000 0.0953 0.2488 0.7464 0.0906 0.1145 m 0.1810 0.9964 1.2341 2.2218 0.2414 0.3476 0.1575 0.0000 0.0000 0.0000 0.0000 0.0000 0.0000 
run 2.0000 2.0000 18.0000 9.0000 1.0000 9.0000 8.0000 2.0000 0.0914 0.2496 1.9971 0.0906 0.1145 m 0.2940 2.2471 1.2202 3.4561 0.1888 0.3396 0.1556 0.2329 0.3801 0.2019 0.1536 0.3445 0.0000 
run 2.0000 2.0000 12.0000 7.0000 1.0000 7.0000 6.0000 2.0000 0.0921 0.2500 1.5002 0.0906 0.1145 m 0.1510 1.7502 1.2315 2.9757 0.2495 0.1591 0.2022 0.3912 0.3264 0.1718 0.0000 0.0000 0.0000 
run 2.0000 2.0000 7.0000 6.0000 0.0000 6.0000 5.0000 0.0000 0.0000 0.2500 1.2500 0.0000 0.0000 m 0.1910 1.5000 1.0485 2.5420 0.2500 0.2500 0.2500 0.2500 0.2500 0.0000 0.0000 0.0000 0.0000 
run 2.0000 2.0000 9.0000 6.0000 0.0000 6.0000 5.0000 2.0000 0.0907 0.2493 1.2463 0.0906 0.1145 m 0.1750 1.4963 1.2406 2.7218 0.2068 0.1643 0.3670 0.3247 0.1835 0.0000 0.0000 0.0000 0.0000 
run 2.0000 2.0000 56.0000 8.0000 1.0000 8.0000 7.0000 1.0000 0.0444 0.2497 1.7482 0.0349 0.0588 m 0.1700 1.9982 1.2522 3.2406 0.2040 0.3182 0.2291 0.2973 0.2329 0.2613 0.2054 0.0000 0.0000 
run 2.0000 2.0000 2.0000 4.0000 0.0000 4.0000 3.0000 1.0000 0.0516 0.2511 0.7533 0.0349 0.0588 m 0.1830 1.0033 1.0242 2.0119 0.2201 0.3107 0.2225 0.0000 0.0000 0.0000 0.0000 0.0000 0.0000 
run 2.0000 2.0000 25.0000 5.0000 0.0000 5.0000 4.0000 0.0000 0.0000 0.2500 1.0000 0.0000 0.0000 m 0.1730 1.2500 1.2943 2.5422 0.2500 0.2500 0.2500 0.2500 0.0000 0.0000 0.0000 0.0000 0.0000 
run 2.0000 2.0000 47.0000 5.0000 0.0000 5.0000 4.0000 1.0000 0.0441 0.2493 0.9972 0.0349 0.0588 m 0.1600 1.2472 1.4226 2.6561 0.2085 0.2980 0.2156 0.2750 0.0000 0.0000 0.0000 0.0000 0.0000 
run 2.0000 2.0000 57.0000 8.0000 1.0000 8.0000 7.0000 2.0000 0.0910 0.2495 1.7468 0.0906 0.1145 m 0.2160 1.9968 1.1701 3.1559 0.3826 0.1519 0.2641 0.2006 0.2267 0.3581 0.1629 0.0000 0.0000 
run 2.0000 2.0000 29.0000 6.0000 0.0000 6.0000 5.0000 1.0000 0.0427 0.2494 1.2471 0.0349 0.0588 m 0.1480 1.4971 1.0564 2.5392 0.2330 0.2757 0.2506 0.3000 0.1878 0.0000 0.0000 0.0000 0.0000 
run 2.0000 2.0000 4.0000 5.0000 0.0000 5.0000 4.0000 0.0000 0.0000 0.2500 1.0000 0.0000 0.0000 m 0.1460 1.2500 1.1397 2.3755 0.2500 0.2500 0.2500 0.2500 0.0000 0.0000 0.0000 0.0000 0.0000 
run 2.0000 2.0000 54.0000 7.0000 1.0000 7.0000 6.0000 2.0000 0.0914 0.2507 1.5043 0.0906 0.1145 m 0.1420 1.7543 1.1383 2.8799 0.2083 0.1754 0.3484 0.1530 0.3739 0.2453 0.0000 0.0000 0.0000 
run 2.0000 2.0000 31.0000 7.0000 1.0000 7.0000 6.0000 0.0000 0.0000 0.2500 1.5000 0.0000 0.0000 m 0.1480 1.7500 1.4496 3.1923 0.2500 0.2500 0.2500 0.2500 0.2500 0.2500 0.0000 0.0000 0.0000 
run 2.0000 2.0000 63.0000 10.0000 2.0000 10.0000 9.0000 2.0000 0.0981 0.2495 2.2453 0.0906 0.1145 m 0.1560 2.4953 1.4368 3.9209 0.1519 0.1980 0.3906 0.1580 0.3526 0.2588 0.3720 0.1532 0.2104 
run 2.0000 2.0000 6.0000 5.0000 0.0000 5.0000 4.0000 2.0000 0.1061 0.2488 0.9953 0.0906 0.1145 m 0.1890 1.2453 1.4859 2.7209 0.1586 0.2487 0.1901 0.3978 0.0000 0.0000 0.0000 0.0000 0.0000 
run 2.0000 2.0000 44.0000 4.0000 0.0000 4.0000 3.0000 1.0000 0.0565 0.2503 0.7508 0.0349 0.0588 m 0.1750 1.0008 1.4497 2.4432 0.3100 0.2431 0.1977 0.0000 0.0000 0.0000 0.0000 0.0000 0.0000 
run 2.0000 2.0000 13.0000 8.0000 1.0000 8.0000 7.0000 0.0000 0.0000 0.2500 1.7500 0.0000 0.0000 m 0.2120 2.0000 1.4329 3.4256 0.2500 0.2500 0.2500 0.2500 0.2500 0.2500 0.2500 0.0000 0.0000 
run 2.0000 2.0000 22.0000 4.0000 0.0000 4.0000 3.0000 0.0000 0.0000 0.2500 0.7500 0.0000 0.0000 m 0.1500 1.0000 1.2289 2.2257 0.2500 0.2500 0.2500 0.0000 0.0000 0.0000 0.0000 0.0000 0.0000 
run 2.0000 2.0000 46.0000 5.0000 0.0000 5.0000 4.0000 0.0000 0.0000 0.2500 1.0000 0.0000 0.0000 m 0.1740 1.2500 1.3202 2.5591 0.2500 0.2500 0.2500 0.2500 0.0000 0.0000 0.0000 0.0000 0.0000 
run 2.0000 2.0000 26.0000 5.0000 0.0000 5.0000 4.0000 1.0000 0.0554 0.2494 0.9978 0.0349 0.0588 m 0.1610 1.2478 1.1813 2.4232 0.2811 0.1878 0.2200 0.3089 0.0000 0.0000 0.0000 0.0000 0.0000 
run 2.0000 2.0000 35.0000 8.0000 1.0000 8.0000 7.0000 1.0000 0.0551 0.2499 1.7493 0.0349 0.0588 m 0.1640 1.9993 1.0459 3.0415 0.3250 0.2799 0.2395 0.2807 0.1567 0.2072 0.2602 0.0000 0.0000 
run 2.0000 2.0000 48.0000 5.0000 0.0000 5.0000 4.0000 2.0000 0.0964 0.2495 0.9982 0.0906 0.1145 m 0.1660 1.2482 1.4272 2.6739 0.3231 0.1837 0.1506 0.3408 0.0000 0.0000 0.0000 0.0000 0.0000 
run 2.0000 2.0000 50.0000 6.0000 0.0000 6.0000 5.0000 1.0000 0.0500 0.2498 1.2489 0.0349 0.0588 m 0.1710 1.4989 1.3039 2.7913 0.2013 0.3147 0.2470 0.2023 0.2838 0.0000 0.0000 0.0000 0.0000 
run 2.0000 3.0000 54.0000 7.0000 1.0000 7.0000 6.0000 2.0000 0.0952 0.2502 1.5013 0.0906 0.1145 m 0.1450 1.7513 1.2611 3.0103 0.1501 0.1968 0.3575 0.3026 0.3424 0.1519 0.0000 0.0000 0.0000 
run 2.0000 3.0000 17.0000 9.0000 1.0000 9.0000 8.0000 1.0000 0.0549 0.2495 1.9957 0.0349 0.0588 m 0.1850 2.2457 1.0769 3.3212 0.2291 0.2870 0.3370 0.2221 0.2750 0.1689 0.1966 0.2800 0.0000 
run 2.0000 3.0000 32.0000 7.0000 1.0000 7.0000 6.0000 1.0000 0.0544 0.2499 1.4997 0.0349 0.0588 m 0.1520 1.7497 1.1659 2.9085 0.2809 0.2390 0.2725 0.3138 0.1550 0.2384 0.0000 0.0000 0.0000 
run 2.0000 3.0000 22.0000 4.0000 0.0000 4.0000 3.0000 0.0000 0.0000 0.2500 0.7500 0.0000 0.0000 m 0.1770 1.0000 1.3572 2.3424 0.2500 0.2500 0.2500 0.0000 0.0000 0.0000 0.0000 0.0000 0.0000 
run 2.0000 3.0000 50.0000 6.0000 0.0000 6.0000 5.0000 1.0000 0.0533 0.2495 1.2476 0.0349 0.0588 m 0.2240 1.4976 1.0466 2.5398 0.2699 0.2121 0.1774 0.3077 0.2806 0.0000 0.0000 0.0000 0.0000 
run 2.0000 3.0000 31.0000 7.0000 1.0000 7.0000 6.0000 0.0000 0.0000 0.2500 1.5000 0.0000 0.0000 m 0.1600 1.7500 1.3311 3.0757 0.2500 0.2500 0.2500 0.2500 0.2500 0.2500 0.0000 0.0000 0.0000 
run 2.0000 3.0000 29.0000 6.0000 0.0000 6.0000 5.0000 1.0000 0.0552 0.2491 1.2455 0.0349 0.0588 m 0.1620 1.4955 1.0083 2.4877 0.2863 0.3152 0.1754 0.2175 0.2511 0.0000 0.0000 0.0000 0.0000 
run 2.0000 3.0000 23.0000 4.0000 0.0000 4.0000 3.0000 1.0000 0.0352 0.2489 0.7468 0.0349 0.0588 m 0.1800 0.9968 1.1462 2.1391 0.2114 0.2543 0.2812 0.0000 0.0000 0.0000 0.0000 0.0000 0.0000 
run 2.0000 3.0000 27.0000 5.0000 0.0000 5.0000 4.0000 2.0000 0.0918 0.2505 1.0021 0.0906 0.1145 m 0.1660 1.2521 1.0082 2.2442 0.1739 0.3545 0.3009 0.1728 0.0000 0.0000 0.0000 0.0000 0.0000 
run 2.0000 3.0000 34.0000 8.0000 1.0000 8.0000 7.0000 0.0000 0.0000 0.2500 1.7500 0.0000 0.0000 m 0.1530 2.0000 1.4752 3.4590 0.2500 0.2500 0.2500 0.2500 0.2500 0.2500 0.2500 0.0000 0.0000 
run 2.0000 3.0000 59.0000 9.0000 1.0000 9.0000 8.0000 1.0000 0.0541 0.2505 2.0038 0.0349 0.0588 m 0.1520 2.2538 1.4772 3.7293 0.3052 0.2755 0.3169 0.2295 0.2812 0.1600 0.1991 0.2363 0.0000 
run 2.0000 3.0000 42.0000 10.0000 2.0000 10.0000 9.0000 2.0000 0.0933 0.2502 2.2519 0.0906 0.1145 m 0.1640 2.5019 1.1147 3.6108 0.3226 0.2260 0.1673 0.3483 0.1586 0.3578 0.1675 0.3533 0.1504 
run 2.0000 3.0000 30.0000 6.0000 0.0000 6.0000 5.0000 2.0000 0.1013 0.2510 1.2550 0.0906 0.1145 m 0.1930 1.5050 1.3120 2.8139 0.1793 0.3231 0.1573 0.3913 0.2039 0.0000 0.0000 0.0000 0.0000 
run 2.0000 3.0000 49.0000 6.0000 0.0000 6.0000 5.0000 0.0000 0.0000 0.2500 1.2500 0.0000 0.0000 m 0.2330 1.5000 1.2024 2.6921 0.2500 0.2500 0.2500 0.2500 0.2500 0.0000 0.0000 0.0000 0.0000 
run 2.0000 3.0000 40.0000 10.0000 2.0000 10.0000 9.0000 0.0000 0.0000 0.2500 2.2500 0.0000 0.0000 m 0.1900 2.5000 1.3837 3.8757 0.2500 0.2500 0.2500 0.2500 0.2500 0.2500 0.2500 0.2500 0.2500 
run 2.0000 3.0000 36.0000 8.0000 1.0000 8.0000 7.0000 2.0000 0.0914 0.2504 1.7531 0.0906 0.1145 m 0.1910 2.0031 1.4904 3.4788 0.1831 0.2315 0.2676 0.3607 0.1591 0.3830 0.1680 0.0000 0.0000 
run 2.0000 3.0000 38.0000 9.0000 1.0000 9.0000 8.0000 1.0000 0.0518 0.2504 2.0030 0.0349 0.0588 m 0.1860 2.2530 1.4132 3.6620 0.2762 0.3057 0.2599 0.1613 0.2024 0.3152 0.2277 0.2547 0.0000 
run 2.0000 3.0000 45.0000 4.0000 0.0000 4.0000 3.0000 2.0000 0.1004 0.2495 0.7485 0.0906 0.1145 m 0.1950 0.9985 1.4475 2.4408 0.1595 0.3579 0.2312 0.0000 0.0000 0.0000 0.0000 0.0000 0.0000 
run 2.0000 3.0000 33.0000 7.0000 1.0000 7.0000 6.0000 2.0000 0.1034 0.2503 1.5018 0.0906 0.1145 m 0.1500 1.7518 1.0609 2.8107 0.1846 0.3699 0.1527 0.3912 0.1827 0.2207 0.0000 0.0000 0.0000 
run 2.0000 3.0000 55.0000 8.0000 1.0000 8.0000 7.0000 0.0000 0.0000 0.2500 1.7500 0.0000 0.0000 m 0.1800 2.0000 1.3640 3.3588 0.2500 0.2500 0.2500 0.2500 0.2500 0.2500 0.2500 0.0000 0.0000 
run 2.0000 3.0000 14.0000 8.0000 1.0000 8.0000 7.0000 1.0000 0.0524 0.2503 1.7519 0.0349 0.0588 m 0.1590 2.0019 1.2313 3.2274 0.2112 0.2763 0.3019 0.3271 0.2322 0.1839 0.2193 0.0000 0.0000 
run 2.0000 3.0000 47.0000 5.0000 0.0000 5.0000 4.0000 1.0000 0.0539 0.2503 1.0010 0.0349 0.0588 m 0.1760 1.2510 1.0697 2.3100 0.2301 0.2810 0.1845 0.3054 0.0000 0.0000 0.0000 0.0000 0.0000 
run 2.0000 3.0000 35.0000 8.0000 1.0000 8.0000 7.0000 1.0000 0.0520 0.2494 1.7457 0.0349 0.0588 m 0.1650 1.9957 1.2190 3.2046 0.3096 0.1770 0.2060 0.2542 0.2184 0.3143 0.2662 0.0000 0.0000 
run 2.0000 3.0000 52.0000 7.0000 1.0000 7.0000 6.0000 0.0000 0.0000 0.2500 1.5000 0.0000 0.0000 m 0.1730 1.7500 1.3611 3.1090 0.2500 0.2500 0.2500 0.2500 0.2500 0.2500 0.0000 0.0000 0.0000 
run 2.0000 3.0000 41.0000 10.0000 2.0000 10.0000 9.0000 1.0000 0.0415 0.2498 2.2481 0.0349 0.0588 m 0.1950 2.4981 1.0342 3.5235 0.1970 0.3039 0.2400 0.2705 0.2139 0.2635 0.2994 0.1923 0.2676 
run 2.0000 3.0000 48.0000 5.0000 0.0000 5.0000 4.0000 2.0000 0.1001 0.2512 1.0049 0.0906 0.1145 m 0.1800 1.2549 1.0362 2.2803 0.1749 0.3377 0.1548 0.3376 0.0000 0.0000 0.0000 0.0000 0.0000 
run 2.0000 3.0000 57.0000 8.0000 1.0000 8.0000 7.0000 2.0000 0.0923 0.2499 1.7495 0.0906 0.1145 m 0.1840 1.9995 1.4392 3.4251 0.3583 0.1791 0.3535 0.2161 0.1572 0.3256 0.1596 0.0000 0.0000 
run 2.0000 3.0000 4.0000 5.0000 0.0000 5.0000 4.0000 0.0000 0.0000 0.2500 1.0000 0.0000 0.0000 m 0.1770 1.2500 1.4361 2.6755 0.2500 0.2500 0.2500 0.2500 0.0000 0.0000 0.0000 0.0000 0.0000 
run 2.0000 3.0000 2.0000 4.0000 0.0000 4.0000 3.0000 1.0000 0.0481 0.2509 0.7526 0.0349 0.0588 m 0.1710 1.0026 1.0872 2.0783 0.2778 0.1953 0.2795 0.0000 0.0000 0.0000 0.0000 0.0000 0.0000 
run 2.0000 3.0000 39.0000 9.0000 1.0000 9.0000 8.0000 2.0000 0.0965 0.2497 1.9980 0.0906 0.1145 m 0.1890 2.2480 1.2067 3.4402 0.1825 0.2220 0.3976 0.3143 0.1892 0.1563 0.3699 0.1661 0.0000 
run 2.0000 3.0000 25.0000 5.0000 0.0000 5.0000 4.0000 0.0000 0.0000 0.2500 1.0000 0.0000 0.0000 m 0.1760 1.2500 1.0126 2.2590 0.2500 0.2500 0.2500 0.2500 0.0000 0.0000 0.0000 0.0000 0.0000 
run 2.0000 3.0000 44.0000 4.0000 0.0000 4.0000 3.0000 1.0000 0.0554 0.2511 0.7533 0.0349 0.0588 m 0.1580 1.0033 1.1754 2.1788 0.3119 0.2037 0.2377 0.0000 0.0000 0.0000 0.0000 0.0000 0.0000 
run 2.0000 3.0000 11.0000 7.0000 1.0000 7.0000 6.0000 1.0000 0.0540 0.2508 1.5049 0.0349 0.0588 m 0.2840 1.7549 1.4510 3.1973 0.2119 0.3300 0.2557 0.2953 0.1861 0.2259 0.0000 0.0000 0.0000 
run 2.0000 3.0000 63.0000 10.0000 2.0000 10.0000 9.0000 2.0000 0.0939 0.2500 2.2501 0.0906 0.1145 m 0.1900 2.5001 1.0266 3.5255 0.1528 0.3479 0.3953 0.1670 0.3069 0.1983 0.3286 0.1588 0.1945 
run 2.0000 3.0000 7.0000 6.0000 0.0000 6.0000 5.0000 0.0000 0.0000 0.2500 1.2500 0.0000 0.0000 m 0.1670 1.5000 1.1502 2.6421 0.2500 0.2500 0.2500 0.2500 0.2500 0.0000 0.0000 0.0000 0.0000 
run 2.0000 3.0000 37.0000 9.0000 1.0000 9.0000 8.0000 0.0000 0.0000 0.2500 2.0000 0.0000 0.0000 m 0.1900 2.2500 1.1280 3.3756 0.2500 0.2500 0.2500 0.2500 0.2500 0.2500 0.2500 0.2500 0.0000 
run 2.0000 3.0000 9.0000 6.0000 0.0000 6.0000 5.0000 2.0000 0.1108 0.2494 1.2468 0.0906 0.1145 m 0.1970 1.4968 1.0311 2.5222 0.3413 0.1610 0.1873 0.1619 0.3954 0.0000 0.0000 0.0000 0.0000 
run 2.0000 3.0000 10.0000 7.0000 1.0000 7.0000 6.0000 0.0000 0.0000 0.2500 1.5000 0.0000 0.0000 m 0.1830 1.7500 1.2775 3.0257 0.2500 0.2500 0.2500 0.2500 0.2500 0.2500 0.0000 0.0000 0.0000 
run 2.0000 3.0000 15.0000 8.0000 1.0000 8.0000 7.0000 2.0000 0.0934 0.2506 1.7544 0.0906 0.1145 m 0.1910 2.0044 1.4994 3.4967 0.1612 0.3172 0.1830 0.3863 0.3352 0.1598 0.2118 0.0000 0.0000 
run 2.0000 3.0000 28.0000 6.0000 0.0000 6.0000 5.0000 0.0000 0.0000 0.2500 1.2500 0.0000 0.0000 m 0.1480 1.5000 1.0832 2.5755 0.2500 0.2500 0.2500 0.2500 0.2500 0.0000 0.0000 0.0000 0.0000 
run 2.0000 3.0000 58.0000 9.0000 1.0000 9.0000 8.0000 0.0000 0.0000 0.2500 2.0000 0.0000 0.0000 m 0.1590 2.2500 1.1846 3.4256 0.2500 0.2500 0.2500 0.2500 0.2500 0.2500 0.2500 0.2500 0.0000 
run 2.0000 3.0000 61.0000 10.0000 2.0000 10.0000 9.0000 0.0000 0.0000 0.2500 2.2500 0.0000 0.0000 m 0.1820 2.5000 1.2561 3.7424 0.2500 0.2500 0.2500 0.2500 0.2500 0.2500 0.2500 0.2500 0.2500 
run 2.0000 3.0000 51.0000 6.0000 0.0000 6.0000 5.0000 2.0000 0.1059 0.2491 1.2454 0.0906 0.1145 m 0.1710 1.4954 1.3027 2.7876 0.2041 0.1696 0.3952 0.1519 0.3246 0.0000 0.0000 0.0000 0.0000 
run 2.0000 3.0000 60.0000 9.0000 1.0000 9.0000 8.0000 2.0000 0.0911 0.2501 2.0011 0.0906 0.1145 m 0.2010 2.2511 1.0785 3.3265 0.1605 0.3640 0.2389 0.3900 0.1672 0.3018 0.1742 0.2044 0.0000 
run 2.0000 3.0000 8.0000 6.0000 0.0000 6.0000 5.0000 1.0000 0.0569 0.2493 1.2463 0.0349 0.0588 m 0.1800 1.4963 1.1188 2.6051 0.3050 0.1729 0.2917 0.2070 0.2696 0.0000 0.0000 0.0000 0.0000 
run 2.0000 3.0000 19.0000 10.0000 2.0000 10.0000 9.0000 0.0000 0.0000 0.2500 2.2500 0.0000 0.0000 m 0.1720 2.5000 1.0083 3.4921 0.2500 0.2500 0.2500 0.2500 0.2500 0.2500 0.2500 0.2500 0.2500 
run 2.0000 3.0000 18.0000 9.0000 1.0000 9.0000 8.0000 2.0000 0.0913 0.2504 2.0028 0.0906 0.1145 m 0.1770 2.2528 1.2801 3.5284 0.2009 0.3841 0.3245 0.1834 0.1535 0.3600 0.1733 0.2231 0.0000 
run 2.0000 3.0000 62.0000 10.0000 2.0000 10.0000 9.0000 1.0000 0.0506 0.2498 2.2486 0.0349 0.0588 m 0.1890 2.4986 1.3286 3.8242 0.2635 0.2143 0.2992 0.3459 0.2082 0.2514 0.1886 0.2670 0.2104 
run 2.0000 3.0000 26.0000 5.0000 0.0000 5.0000 4.0000 1.0000 0.0537 0.2503 1.0012 0.0349 0.0588 m 0.1900 1.2512 1.2185 2.4601 0.1936 0.2548 0.3214 0.2314 0.0000 0.0000 0.0000 0.0000 0.0000 
run 2.0000 3.0000 5.0000 5.0000 0.0000 5.0000 4.0000 1.0000 0.0547 0.2496 0.9984 0.0349 0.0588 m 0.1760 1.2484 1.4144 2.6576 0.3114 0.1836 0.2716 0.2318 0.0000 0.0000 0.0000 0.0000 0.0000 
run 2.0000 3.0000 13.0000 8.0000 1.0000 8.0000 7.0000 0.0000 0.0000 0.2500 1.7500 0.0000 0.0000 m 0.1790 2.0000 1.0131 3.0087 0.2500 0.2500 0.2500 0.2500 0.2500 0.2500 0.2500 0.0000 0.0000 
run 2.0000 3.0000 56.0000 8.0000 1.0000 8.0000 7.0000 1.0000 0.0497 0.2495 1.7466 0.0349 0.0588 m 0.1770 1.9966 1.0070 2.9887 0.2727 0.1664 0.2888 0.2617 0.2992 0.1945 0.2633 0.0000 0.0000 
run 2.0000 3.0000 53.0000 7.0000 1.0000 7.0000 6.0000 1.0000 0.0555 0.2496 1.4977 0.0349 0.0588 m 0.1680 1.7477 1.2090 2.9567 0.2624 0.2960 0.2116 0.3279 0.2170 0.1827 0.0000 0.0000 0.0000 
run 2.0000 3.0000 21.0000 10.0000 2.0000 10.0000 9.0000 2.0000 0.0963 0.2505 2.2544 0.0906 0.1145 m 0.1540 2.5044 1.4393 3.9303 0.1547 0.2242 0.3922 0.3490 0.2298 0.1732 0.2025 0.3773 0.1514 
run 2.0000 3.0000 6.0000 5.0000 0.0000 5.0000 4.0000 2.0000 0.1001 0.2499 0.9997 0.0906 0.1145 m 0.1700 1.2497 1.2764 2.5253 0.2363 0.3926 0.1608 0.2100 0.0000 0.0000 0.0000 0.0000 0.0000 
run 2.0000 3.0000 20.0000 10.0000 2.0000 10.0000 9.0000 1.0000 0.0491 0.2499 2.2487 0.0349 0.0588 m 0.1680 2.4987 1.0654 3.5575 0.2636 0.3190 0.1987 0.2518 0.1640 0.2203 0.3000 0.2504 0.2809 
run 2.0000 3.0000 1.0000 4.0000 0.0000 4.0000 3.0000 0.0000 0.0000 0.2500 0.7500 0.0000 0.0000 m 0.1770 1.0000 1.4808 2.4758 0.2500 0.2500 0.2500 0.0000 0.0000 0.0000 0.0000 0.0000 0.0000 
run 2.0000 3.0000 12.0000 7.0000 1.0000 7.0000 6.0000 2.0000 0.0942 0.2502 1.5012 0.0906 0.1145 m 0.1530 1.7512 1.3415 3.0770 0.2950 0.3705 0.1530 0.1940 0.1573 0.3315 0.0000 0.0000 0.0000 
run 2.0000 3.0000 46.0000 5.0000 0.0000 5.0000 4.0000 0.0000 0.0000 0.2500 1.0000 0.0000 0.0000 m 0.1760 1.2500 1.4992 2.7424 0.2500 0.2500 0.2500 0.2500 0.0000 0.0000 0.0000 0.0000 0.0000 
run 2.0000 3.0000 3.0000 4.0000 0.0000 4.0000 3.0000 2.0000 0.0925 0.2486 0.7457 0.0906 0.1145 m 0.1790 0.9957 1.4757 2.4715 0.1783 0.2141 0.3534 0.0000 0.0000 0.0000 0.0000 0.0000 0.0000 
run 2.0000 3.0000 43.0000 4.0000 0.0000 4.0000 3.0000 0.0000 0.0000 0.2500 0.7500 0.0000 0.0000 m 0.1490 1.0000 1.2901 2.2756 0.2500 0.2500 0.2500 0.0000 0.0000 0.0000 0.0000 0.0000 0.0000 
run 2.0000 3.0000 16.0000 9.0000 1.0000 9.0000 8.0000 0.0000 0.0000 0.2500 2.0000 0.0000 0.0000 m 0.1590 2.2500 1.2266 3.4755 0.2500 0.2500 0.2500 0.2500 0.2500 0.2500 0.2500 0.2500 0.0000 
run 2.0000 3.0000 24.0000 4.0000 0.0000 4.0000 3.0000 2.0000 0.0952 0.2509 0.7527 0.0906 0.1145 m 0.1680 1.0027 1.3199 2.3117 0.1620 0.2394 0.3514 0.0000 0.0000 0.0000 0.0000 0.0000 0.0000 
run 2.0000 4.0000 39.0000 9.0000 1.0000 9.0000 8.0000 2.0000 0.0907 0.2498 1.9987 0.0906 0.1145 m 0.1270 2.2487 1.0453 3.2909 0.1626 0.1963 0.3372 0.1566 0.3832 0.1700 0.3302 0.2626 0.0000 
run 2.0000 4.0000 62.0000 10.0000 2.0000 10.0000 9.0000 1.0000 0.0518 0.2497 2.2471 0.0349 0.0588 m 0.1710 2.4971 1.1637 3.6560 0.2873 0.2330 0.3310 0.2086 0.1651 0.2808 0.2067 0.2463 0.2883 
run 2.0000 4.0000 35.0000 8.0000 1.0000 8.0000 7.0000 1.0000 0.0505 0.2498 1.7488 0.0349 0.0588 m 0.1830 1.9988 1.3780 3.3745 0.2775 0.1798 0.2305 0.3093 0.2223 0.3124 0.2170 0.0000 0.0000 
run 2.0000 4.0000 36.0000 8.0000 1.0000 8.0000 7.0000 2.0000 0.0940 0.2506 1.7545 0.0906 0.1145 m 0.1470 2.0045 1.1906 3.1802 0.1506 0.2040 0.1759 0.2740 0.3991 0.1996 0.3512 0.0000 0.0000 
run 2.0000 4.0000 50.0000 6.0000 0.0000 6.0000 5.0000 1.0000 0.0520 0.2499 1.2496 0.0349 0.0588 m 0.1480 1.4996 1.2207 2.7086 0.3248 0.2775 0.2088 0.2405 0.1981 0.0000 0.0000 0.0000 0.0000 
run 2.0000 4.0000 48.0000 5.0000 0.0000 5.0000 4.0000 2.0000 0.1094 0.2489 0.9958 0.0906 0.1145 m 0.1560 1.2458 1.1047 2.3379 0.1574 0.2611 0.3986 0.1787 0.0000 0.0000 0.0000 0.0000 0.0000 
run 2.0000 4.0000 55.0000 8.0000 1.0000 8.0000 7.0000 0.0000 0.0000 0.2500 1.7500 0.0000 0.0000 m 0.1270 2.0000 1.0703 3.0589 0.2500 0.2500 0.2500 0.2500 0.2500 0.2500 0.2500 0.0000 0.0000 
run 2.0000 4.0000 54.0000 7.0000 1.0000 7.0000 6.0000 2.0000 0.0908 0.2495 1.4970 0.0906 0.1145 m 0.1490 1.7470 1.0589 2.8058 0.3666 0.1945 0.1575 0.3298 0.1600 0.2886 0.0000 0.0000 0.0000 
run 2.0000 4.0000 28.0000 6.0000 0.0000 6.0000 5.0000 0.0000 0.0000 0.2500 1.2500 0.0000 0.0000 m 0.1430 1.5000 1.2307 2.7257 0.2500 0.2500 0.2500 0.2500 0.2500 0.0000 0.0000 0.0000 0.0000 
run 2.0000 4.0000 51.0000 6.0000 0.0000 6.0000 5.0000 2.0000 0.1005 0.2504 1.2520 0.0906 0.1145 m 0.1390 1.5020 1.1337 2.6274 0.2814 0.1549 0.2571 0.1597 0.3990 0.0000 0.0000 0.0000 0.0000 
run 2.0000 4.0000 63.0000 10.0000 2.0000 10.0000 9.0000 2.0000 0.0938 0.2497 2.2475 0.0906 0.1145 m 0.1760 2.4975 1.2310 3.7232 0.2141 0.1723 0.3997 0.3737 0.1685 0.2558 0.1531 0.3228 0.1874 
run 2.0000 4.0000 60.0000 9.0000 1.0000 9.0000 8.0000 2.0000 0.0969 0.2494 1.9954 0.0906 0.1145 m 0.1460 2.2454 1.0348 3.2708 0.1514 0.1814 0.3989 0.2225 0.3866 0.1893 0.2848 0.1805 0.0000 
run 2.0000 4.0000 37.0000 9.0000 1.0000 9.0000 8.0000 0.0000 0.0000 0.2500 2.0000 0.0000 0.0000 m 0.1820 2.2500 1.0246 3.2589 0.2500 0.2500 0.2500 0.2500 0.2500 0.2500 0.2500 0.2500 0.0000 
run 2.0000 4.0000 23.0000 4.0000 0.0000 4.0000 3.0000 1.0000 0.0461 0.2498 0.7494 0.0349 0.0588 m 0.1580 0.9994 1.1374 2.1248 0.2028 0.2517 0.2949 0.0000 0.0000 0.0000 0.0000 0.0000 0.0000 
run 2.0000 4.0000 61.0000 10.0000 2.0000 10.0000 9.0000 0.0000 0.0000 0.2500 2.2500 0.0000 0.0000 m 0.1690 2.5000 1.3414 3.8255 0.2500 0.2500 0.2500 0.2500 0.2500 0.2500 0.2500 0.2500 0.2500 
run 2.0000 4.0000 14.0000 8.0000 1.0000 8.0000 7.0000 1.0000 0.0556 0.2501 1.7505 0.0349 0.0588 m 0.1590 2.0005 1.1783 3.1761 0.3015 0.1742 0.2456 0.2727 0.1970 0.2297 0.3298 0.0000 0.0000 
run 2.0000 4.0000 38.0000 9.0000 1.0000 9.0000 8.0000 1.0000 0.0508 0.2506 2.0049 0.0349 0.0588 m 0.1530 2.2549 1.4120 3.6639 0.2201 0.1812 0.3331 0.2586 0.3047 0.2127 0.2703 0.2243 0.0000 
run 2.0000 4.0000 42.0000 10.0000 2.0000 10.0000 9.0000 2.0000 0.0914 0.2505 2.2544 0.0906 0.1145 m 0.1680 2.5044 1.2650 3.7633 0.1522 0.2108 0.3324 0.3998 0.2165 0.1615 0.2864 0.1572 0.3376 
run 2.0000 4.0000 19.0000 10.0000 2.0000 10.0000 9.0000 0.0000 0.0000 0.2500 2.2500 0.0000 0.0000 m 0.1570 2.5000 1.4550 3.9423 0.2500 0.2500 0.2500 0.2500 0.2500 0.2500 0.2500 0.2500 0.2500 
run 2.0000 4.0000 32.0000 7.0000 1.0000 7.0000 6.0000 1.0000 0.0570 0.2504 1.5022 0.0349 0.0588 m 0.1500 1.7522 1.4007 3.1444 0.2280 0.2570 0.2213 0.1907 0.3567 0.2485 0.0000 0.0000 0.0000 
run 2.0000 4.0000 29.0000 6.0000 0.0000 6.0000 5.0000 1.0000 0.0571 0.2491 1.2453 0.0349 0.0588 m 0.1640 1.4953 1.0898 2.5708 0.2942 0.1860 0.3188 0.2031 0.2431 0.0000 0.0000 0.0000 0.0000 
run 2.0000 4.0000 20.0000 10.0000 2.0000 10.0000 9.0000 1.0000 0.0535 0.2502 2.2518 0.0349 0.0588 m 0.1530 2.5018 1.2556 3.7439 0.2226 0.1744 0.2008 0.3387 0.2845 0.2216 0.2983 0.2259 0.2850 
run 2.0000 4.0000 30.0000 6.0000 0.0000 6.0000 5.0000 2.0000 0.0924 0.2504 1.2519 0.0906 0.1145 m 0.1550 1.5019 1.4306 2.9277 0.1560 0.1981 0.3163 0.3771 0.2044 0.0000 0.0000 0.0000 0.0000 
run 2.0000 4.0000 10.0000 7.0000 1.0000 7.0000 6.0000 0.0000 0.0000 0.2500 1.5000 0.0000 0.0000 m 0.1440 1.7500 1.0329 2.7754 0.2500 0.2500 0.2500 0.2500 0.2500 0.2500 0.0000 0.0000 0.0000 
run 2.0000 4.0000 9.0000 6.0000 0.0000 6.0000 5.0000 2.0000 0.0936 0.2497 1.2483 0.0906 0.1145 m 0.1590 1.4983 1.4954 2.9905 0.1590 0.3125 0.1644 0.3741 0.2382 0.0000 0.0000 0.0000 0.0000 
run 2.0000 4.0000 31.0000 7.0000 1.0000 7.0000 6.0000 0.0000 0.0000 0.2500 1.5000 0.0000 0.0000 m 0.1480 1.7500 1.0564 2.7921 0.2500 0.2500 0.2500 0.2500 0.2500 0.2500 0.0000 0.0000 0.0000 
run 2.0000 4.0000 4.0000 5.0000 0.0000 5.0000 4.0000 0.0000 0.0000 0.2500 1.0000 0.0000 0.0000 m 0.1880 1.2500 1.0875 2.3257 0.2500 0.2500 0.2500 0.2500 0.0000 0.0000 0.0000 0.0000 0.0000 
run 2.0000 4.0000 26.0000 5.0000 0.0000 5.0000 4.0000 1.0000 0.0447 0.2507 1.0027 0.0349 0.0588 m 0.2540 1.2527 1.4215 2.6616 0.2939 0.2421 0.1919 0.2749 0.0000 0.0000 0.0000 0.0000 0.0000 
run 2.0000 4.0000 44.0000 4.0000 0.0000 4.0000 3.0000 1.0000 0.0408 0.2514 0.7541 0.0349 0.0588 m 0.1750 1.0041 1.2522 2.2464 0.2756 0.2043 0.2742 0.0000 0.0000 0.0000 0.0000 0.0000 0.0000 
run 2.0000 4.0000 3.0000 4.0000 0.0000 4.0000 3.0000 2.0000 0.0910 0.2506 0.7519 0.0906 0.1145 m 0.1620 1.0019 1.4398 2.4275 0.2406 0.3463 0.1651 0.0000 0.0000 0.0000 0.0000 0.0000 0.0000 
run 2.0000 4.0000 34.0000 8.0000 1.0000 8.0000 7.0000 0.0000 0.0000 0.2500 1.7500 0.0000 0.0000 m 0.1710 2.0000 1.1362 3.1256 0.2500 0.2500 0.2500 0.2500 0.2500 0.2500 0.2500 0.0000 0.0000 
run 2.0000 4.0000 11.0000 7.0000 1.0000 7.0000 6.0000 1.0000 0.0558 0.2502 1.5010 0.0349 0.0588 m 0.1590 1.7510 1.0556 2.7931 0.2808 0.2404 0.3090 0.1558 0.2893 0.2257 0.0000 0.0000 0.0000 
run 2.0000 4.0000 53.0000 7.0000 1.0000 7.0000 6.0000 1.0000 0.0455 0.2500 1.4997 0.0349 0.0588 m 0.1440 1.7497 1.1740 2.9086 0.3055 0.1828 0.2627 0.2108 0.2817 0.2563 0.0000 0.0000 0.0000 
run 2.0000 4.0000 49.0000 6.0000 0.0000 6.0000 5.0000 0.0000 0.0000 0.2500 1.2500 0.0000 0.0000 m 0.1780 1.5000 1.1988 2.6924 0.2500 0.2500 0.2500 0.2500 0.2500 0.0000 0.0000 0.0000 0.0000 
run 2.0000 4.0000 13.0000 8.0000 1.0000 8.0000 7.0000 0.0000 0.0000 0.2500 1.7500 0.0000 0.0000 m 0.1430 2.0000 1.1880 3.1756 0.2500 0.2500 0.2500 0.2500 0.2500 0.2500 0.2500 0.0000 0.0000 
run 2.0000 4.0000 7.0000 6.0000 0.0000 6.0000 5.0000 0.0000 0.0000 0.2500 1.2500 0.0000 0.0000 m 0.1290 1.5000 1.2179 2.7088 0.2500 0.2500 0.2500 0.2500 0.2500 0.0000 0.0000 0.0000 0.0000 
run 2.0000 4.0000 46.0000 5.0000 0.0000 5.0000 4.0000 0.0000 0.0000 0.2500 1.0000 0.0000 0.0000 m 0.1360 1.2500 1.3572 2.5924 0.2500 0.2500 0.2500 0.2500 0.0000 0.0000 0.0000 0.0000 0.0000 
run 2.0000 4.0000 12.0000 7.0000 1.0000 7.0000 6.0000 2.0000 0.0906 0.2498 1.4985 0.0906 0.1145 m 0.1650 1.7485 1.0750 2.8073 0.3357 0.3858 0.2080 0.1550 0.2272 0.1868 0.0000 0.0000 0.0000 
run 2.0000 4.0000 22.0000 4.0000 0.0000 4.0000 3.0000 0.0000 0.0000 0.2500 0.7500 0.0000 0.0000 m 0.1740 1.0000 1.1240 2.1089 0.2500 0.2500 0.2500 0.0000 0.0000 0.0000 0.0000 0.0000 0.0000 
run 2.0000 4.0000 25.0000 5.0000 0.0000 5.0000 4.0000 0.0000 0.0000 0.2500 1.0000 0.0000 0.0000 m 0.1450 1.2500 1.1982 2.4422 0.2500 0.2500 0.2500 0.2500 0.0000 0.0000 0.0000 0.0000 0.0000 
run 2.0000 4.0000 47.0000 5.0000 0.0000 5.0000 4.0000 1.0000 0.0519 0.2507 1.0027 0.0349 0.0588 m 0.1560 1.2527 1.4580 2.6950 0.2887 0.1866 0.2306 0.2968 0.0000 0.0000 0.0000 0.0000 0.0000 
run 2.0000 4.0000 57.0000 8.0000 1.0000 8.0000 7.0000 2.0000 0.0950 0.2494 1.7461 0.0906 0.1145 m 0.1540 1.9961 1.0030 2.9883 0.1647 0.3710 0.2549 0.2236 0.1773 0.3885 0.1660 0.0000 0.0000 
run 2.0000 4.0000 56.0000 8.0000 1.0000 8.0000 7.0000 1.0000 0.0524 0.2501 1.7509 0.0349 0.0588 m 0.1250 2.0009 1.0902 3.0764 0.3127 0.2702 0.2286 0.1661 0.3041 0.2593 0.2100 0.0000 0.0000 
run 2.0000 4.0000 27.0000 5.0000 0.0000 5.0000 4.0000 2.0000 0.0992 0.2498 0.9992 0.0906 0.1145 m 0.1580 1.2492 1.1079 2.3415 0.1908 0.1544 0.3771 0.2769 0.0000 0.0000 0.0000 0.0000 0.0000 
run 2.0000 4.0000 24.0000 4.0000 0.0000 4.0000 3.0000 2.0000 0.0942 0.2496 0.7488 0.0906 0.1145 m 0.1590 0.9988 1.3252 2.3244 0.3403 0.1522 0.2563 0.0000 0.0000 0.0000 0.0000 0.0000 0.0000 
run 2.0000 4.0000 40.0000 10.0000 2.0000 10.0000 9.0000 0.0000 0.0000 0.2500 2.2500 0.0000 0.0000 m 0.1650 2.5000 1.2610 3.7590 0.2500 0.2500 0.2500 0.2500 0.2500 0.2500 0.2500 0.2500 0.2500 
run 2.0000 4.0000 6.0000 5.0000 0.0000 5.0000 4.0000 2.0000 0.0962 0.2501 1.0004 0.0906 0.1145 m 0.1430 1.2504 1.0104 2.2592 0.3135 0.3501 0.1826 0.1542 0.0000 0.0000 0.0000 0.0000 0.0000 
run 2.0000 4.0000 17.0000 9.0000 1.0000 9.0000 8.0000 1.0000 0.0450 0.2504 2.0031 0.0349 0.0588 m 0.1550 2.2531 1.2172 3.4620 0.2799 0.2068 0.2627 0.3082 0.2264 0.1754 0.2520 0.2918 0.0000 
run 2.0000 4.0000 59.0000 9.0000 1.0000 9.0000 8.0000 1.0000 0.0476 0.2495 1.9956 0.0349 0.0588 m 0.1810 2.2456 1.4459 3.6878 0.2864 0.2350 0.2935 0.2326 0.3019 0.1991 0.1713 0.2758 0.0000 
run 2.0000 4.0000 8.0000 6.0000 0.0000 6.0000 5.0000 1.0000 0.0473 0.2500 1.2500 0.0349 0.0588 m 0.1790 1.5000 1.0262 2.5256 0.2892 0.2177 0.2509 0.3023 0.1899 0.0000 0.0000 0.0000 0.0000 
run 2.0000 4.0000 41.0000 10.0000 2.0000 10.0000 9.0000 1.0000 0.0563 0.2504 2.2534 0.0349 0.0588 m 0.1750 2.5034 1.0912 3.5788 0.2387 0.2042 0.2574 0.3447 0.1915 0.2659 0.1753 0.3195 0.2564 
run 2.0000 4.0000 52.0000 7.0000 1.0000 7.0000 6.0000 0.0000 0.0000 0.2500 1.5000 0.0000 0.0000 m 0.1650 1.7500 1.4188 3.1590 0.2500 0.2500 0.2500 0.2500 0.2500 0.2500 0.0000 0.0000 0.0000 
run 2.0000 4.0000 33.0000 7.0000 1.0000 7.0000 6.0000 2.0000 0.1030 0.2502 1.5012 0.0906 0.1145 m 0.1530 1.7512 1.2887 3.0269 0.1680 0.2795 0.1617 0.3372 0.3969 0.1578 0.0000 0.0000 0.0000 
run 2.0000 4.0000 58.0000 9.0000 1.0000 9.0000 8.0000 0.0000 0.0000 0.2500 2.0000 0.0000 0.0000 m 0.1940 2.2500 1.0920 3.3423 0.2500 0.2500 0.2500 0.2500 0.2500 0.2500 0.2500 0.2500 0.0000 
run 2.0000 4.0000 1.0000 4.0000 0.0000 4.0000 3.0000 0.0000 0.0000 0.2500 0.7500 0.0000 0.0000 m 0.1800 1.0000 1.2367 2.2254 0.2500 0.2500 0.2500 0.0000 0.0000 0.0000 0.0000 0.0000 0.0000 
run 2.0000 4.0000 18.0000 9.0000 1.0000 9.0000 8.0000 2.0000 0.0923 0.2504 2.0033 0.0906 0.1145 m 0.1780 2.2533 1.2494 3.4954 0.2186 0.1902 0.3902 0.2212 0.1669 0.3849 0.2752 0.1561 0.0000 
run 2.0000 4.0000 21.0000 10.0000 2.0000 10.0000 9.0000 2.0000 0.0929 0.2498 2.2478 0.0906 0.1145 m 0.1770 2.4978 1.4683 3.9568 0.3754 0.1677 0.2942 0.1952 0.2582 0.1512 0.2525 0.3999 0.1536 
run 2.0000 4.0000 2.0000 4.0000 0.0000 4.0000 3.0000 1.0000 0.0541 0.2487 0.7461 0.0349 0.0588 m 0.1790 0.9961 1.1236 2.1051 0.3070 0.2000 0.2392 0.0000 0.0000 0.0000 0.0000 0.0000 0.0000 
run 2.0000 4.0000 45.0000 4.0000 0.0000 4.0000 3.0000 2.0000 0.1140 0.2501 0.7503 0.0906 0.1145 m 0.1950 1.0003 1.1119 2.1091 0.3796 0.1651 0.2055 0.0000 0.0000 0.0000 0.0000 0.0000 0.0000 
run 2.0000 4.0000 15.0000 8.0000 1.0000 8.0000 7.0000 2.0000 0.0964 0.2498 1.7487 0.0906 0.1145 m 0.1450 1.9987 1.3124 3.3077 0.3461 0.1649 0.3536 0.1567 0.2177 0.1579 0.3517 0.0000 0.0000 
run 2.0000 4.0000 5.0000 5.0000 0.0000 5.0000 4.0000 1.0000 0.0534 0.2509 1.0034 0.0349 0.0588 m 0.1630 1.2534 1.2579 2.4956 0.2492 0.1824 0.2594 0.3124 0.0000 0.0000 0.0000 0.0000 0.0000 
run 2.0000 4.0000 16.0000 9.0000 1.0000 9.0000 8.0000 0.0000 0.0000 0.2500 2.0000 0.0000 0.0000 m 0.1220 2.2500 1.0716 3.3089 0.2500 0.2500 0.2500 0.2500 0.2500 0.2500 0.2500 0.2500 0.0000 
run 2.0000 4.0000 43.0000 4.0000 0.0000 4.0000 3.0000 0.0000 0.0000 0.2500 0.7500 0.0000 0.0000 m 0.1490 1.0000 1.1368 2.1256 0.2500 0.2500 0.2500 0.0000 0.0000 0.0000 0.0000 0.0000 0.0000 
run 2.0000 5.0000 26.0000 5.0000 0.0000 5.0000 4.0000 1.0000 0.0563 0.2492 0.9967 0.0349 0.0588 m 0.1640 1.2467 1.2319 2.4723 0.1866 0.2600 0.2296 0.3205 0.0000 0.0000 0.0000 0.0000 0.0000 
run 2.0000 5.0000 29.0000 6.0000 0.0000 6.0000 5.0000 1.0000 0.0507 0.2508 1.2542 0.0349 0.0588 m 0.1620 1.5042 1.2564 2.7464 0.3091 0.2013 0.2870 0.1958 0.2610 0.0000 0.0000 0.0000 0.0000 
run 2.0000 5.0000 36.0000 8.0000 1.0000 8.0000 7.0000 2.0000 0.0952 0.2494 1.7456 0.0906 0.1145 m 0.1530 1.9956 1.3796 3.3712 0.1763 0.3476 0.2951 0.3931 0.1809 0.1506 0.2020 0.0000 0.0000 
run 2.0000 5.0000 59.0000 9.0000 1.0000 9.0000 8.0000 1.0000 0.0577 0.2494 1.9952 0.0349 0.0588 m 0.1350 2.2452 1.3376 3.5707 0.2441 0.3293 0.2722 0.2406 0.2076 0.1709 0.2023 0.3282 0.0000 
run 2.0000 5.0000 56.0000 8.0000 1.0000 8.0000 7.0000 1.0000 0.0583 0.2493 1.7452 0.0349 0.0588 m 0.1690 1.9952 1.3078 3.2876 0.2098 0.2657 0.1986 0.2320 0.1945 0.2903 0.3543 0.0000 0.0000 
run 2.0000 5.0000 54.0000 7.0000 1.0000 7.0000 6.0000 2.0000 0.0916 0.2497 1.4980 0.0906 0.1145 m 0.2590 1.7480 1.3257 3.0735 0.3968 0.2435 0.3168 0.1614 0.2104 0.1692 0.0000 0.0000 0.0000 
run 2.0000 5.0000 46.0000 5.0000 0.0000 5.0000 4.0000 0.0000 0.0000 0.2500 1.0000 0.0000 0.0000 m 0.1370 1.2500 1.4560 2.6923 0.2500 0.2500 0.2500 0.2500 0.0000 0.0000 0.0000 0.0000 0.0000 
run 2.0000 5.0000 31.0000 7.0000 1.0000 7.0000 6.0000 0.0000 0.0000 0.2500 1.5000 0.0000 0.0000 m 0.1530 1.7500 1.2214 2.9588 0.2500 0.2500 0.2500 0.2500 0.2500 0.2500 0.0000 0.0000 0.0000 
run 2.0000 5.0000 14.0000 8.0000 1.0000 8.0000 7.0000 1.0000 0.0549 0.2504 1.7530 0.0349 0.0588 m 0.1400 2.0030 1.2639 3.2619 0.2339 0.1991 0.3276 0.2181 0.2762 0.3104 0.1877 0.0000 0.0000 
run 2.0000 5.0000 39.0000 9.0000 1.0000 9.0000 8.0000 2.0000 0.1010 0.2501 2.0007 0.0906 0.1145 m 0.1570 2.2507 1.4360 3.6765 0.3996 0.1585 0.1849 0.3935 0.1820 0.2101 0.1684 0.3038 0.0000 
run 2.0000 5.0000 32.0000 7.0000 1.0000 7.0000 6.0000 1.0000 0.0452 0.2507 1.5043 0.0349 0.0588 m 0.1380 1.7543 1.0440 2.7964 0.2114 0.2531 0.2857 0.1955 0.2422 0.3164 0.0000 0.0000 0.0000 
run 2.0000 5.0000 33.0000 7.0000 1.0000 7.0000 6.0000 2.0000 0.0939 0.2495 1.4970 0.0906 0.1145 m 0.1690 1.7470 1.2620 3.0060 0.1714 0.3266 0.1670 0.3141 0.1567 0.3611 0.0000 0.0000 0.0000 
run 2.0000 5.0000 57.0000 8.0000 1.0000 8.0000 7.0000 2.0000 0.0915 0.2501 1.7510 0.0906 0.1145 m 0.1090 2.0010 1.1767 3.1764 0.1690 0.3837 0.3039 0.1560 0.2443 0.3309 0.1632 0.0000 0.0000 
run 2.0000 5.0000 18.0000 9.0000 1.0000 9.0000 8.0000 2.0000 0.0947 0.2496 1.9964 0.0906 0.1145 m 0.1730 2.2464 1.3129 3.5554 0.3719 0.3362 0.2253 0.1840 0.1507 0.2036 0.1545 0.3701 0.0000 
run 2.0000 5.0000 63.0000 10.0000 2.0000 10.0000 9.0000 2.0000 0.0919 0.2502 2.2522 0.0906 0.1145 m 0.1600 2.5022 1.4760 3.9780 0.1696 0.2032 0.3503 0.1686 0.3508 0.2099 0.2488 0.1548 0.3961 
run 2.0000 5.0000 53.0000 7.0000 1.0000 7.0000 6.0000 1.0000 0.0546 0.2492 1.4950 0.0349 0.0588 m 0.1800 1.7450 1.3403 3.0707 0.2892 0.3319 0.2440 0.2063 0.2416 0.1820 0.0000 0.0000 0.0000 
run 2.0000 5.0000 25.0000 5.0000 0.0000 5.0000 4.0000 0.0000 0.0000 0.2500 1.0000 0.0000 0.0000 m 0.1320 1.2500 1.0739 2.3088 0.2500 0.2500 0.2500 0.2500 0.0000 0.0000 0.0000 0.0000 0.0000 
run 2.0000 5.0000 47.0000 5.0000 0.0000 5.0000 4.0000 1.0000 0.0430 0.2495 0.9982 0.0349 0.0588 m 0.1670 1.2482 1.2063 2.4404 0.2752 0.2047 0.2959 0.2223 0.0000 0.0000 0.0000 0.0000 0.0000 
run 2.0000 5.0000 43.0000 4.0000 0.0000 4.0000 3.0000 0.0000 0.0000 0.2500 0.7500 0.0000 0.0000 m 0.1540 1.0000 1.4667 2.4589 0.2500 0.2500 0.2500 0.0000 0.0000 0.0000 0.0000 0.0000 0.0000 
run 2.0000 5.0000 40.0000 10.0000 2.0000 10.0000 9.0000 0.0000 0.0000 0.2500 2.2500 0.0000 0.0000 m 0.1340 2.5000 1.1093 3.6090 0.2500 0.2500 0.2500 0.2500 0.2500 0.2500 0.2500 0.2500 0.2500 
run 2.0000 5.0000 44.0000 4.0000 0.0000 4.0000 3.0000 1.0000 0.0463 0.2505 0.7514 0.0349 0.0588 m 0.1540 1.0014 1.4448 2.4439 0.2965 0.2039 0.2510 0.0000 0.0000 0.0000 0.0000 0.0000 0.0000 
run 2.0000 5.0000 4.0000 5.0000 0.0000 5.0000 4.0000 0.0000 0.0000 0.2500 1.0000 0.0000 0.0000 m 0.1390 1.2500 1.4701 2.7090 0.2500 0.2500 0.2500 0.2500 0.0000 0.0000 0.0000 0.0000 0.0000 
run 2.0000 5.0000 61.0000 10.0000 2.0000 10.0000 9.0000 0.0000 0.0000 0.2500 2.2500 0.0000 0.0000 m 0.1670 2.5000 1.1399 3.6255 0.2500 0.2500 0.2500 0.2500 0.2500 0.2500 0.2500 0.2500 0.2500 
run 2.0000 5.0000 55.0000 8.0000 1.0000 8.0000 7.0000 0.0000 0.0000 0.2500 1.7500 0.0000 0.0000 m 0.1680 2.0000 1.2995 3.2924 0.2500 0.2500 0.2500 0.2500 0.2500 0.2500 0.2500 0.0000 0.0000 
run 2.0000 5.0000 7.0000 6.0000 0.0000 6.0000 5.0000 0.0000 0.0000 0.2500 1.2500 0.0000 0.0000 m 0.1280 1.5000 1.2288 2.7256 0.2500 0.2500 0.2500 0.2500 0.2500 0.0000 0.0000 0.0000 0.0000 
run 2.0000 5.0000 60.0000 9.0000 1.0000 9.0000 8.0000 2.0000 0.0978 0.2494 1.9955 0.0906 0.1145 m 0.1690 2.2455 1.0662 3.3042 0.3066 0.3843 0.1514 0.2506 0.1824 0.1537 0.3830 0.1835 0.0000 
run 2.0000 5.0000 41.0000 10.0000 2.0000 10.0000 9.0000 1.0000 0.0521 0.2498 2.2482 0.0349 0.0588 m 0.1580 2.4982 1.4862 3.9739 0.1753 0.2834 0.2532 0.1917 0.2273 0.2784 0.2492 0.3509 0.2388 
run 2.0000 5.0000 6.0000 5.0000 0.0000 5.0000 4.0000 2.0000 0.1033 0.2497 0.9987 0.0906 0.1145 m 0.1990 1.2487 1.2322 2.4745 0.1669 0.3865 0.2726 0.1728 0.0000 0.0000 0.0000 0.0000 0.0000 
run 2.0000 5.0000 48.0000 5.0000 0.0000 5.0000 4.0000 2.0000 0.1054 0.2489 0.9956 0.0906 0.1145 m 0.1930 1.2456 1.4210 2.6547 0.1531 0.1951 0.3946 0.2529 0.0000 0.0000 0.0000 0.0000 0.0000 
run 2.0000 5.0000 24.0000 4.0000 0.0000 4.0000 3.0000 2.0000 0.1047 0.2485 0.7455 0.0906 0.1145 m 0.2060 0.9955 1.4264 2.4212 0.1721 0.3679 0.2055 0.0000 0.0000 0.0000 0.0000 0.0000 0.0000 
run 2.0000 5.0000 15.0000 8.0000 1.0000 8.0000 7.0000 2.0000 0.1009 0.2507 1.7549 0.0906 0.1145 m 0.1720 2.0049 1.1146 3.1139 0.3831 0.1592 0.3582 0.1574 0.2001 0.3271 0.1699 0.0000 0.0000 
run 2.0000 5.0000 23.0000 4.0000 0.0000 4.0000 3.0000 1.0000 0.0456 0.2491 0.7472 0.0349 0.0588 m 0.1840 0.9972 1.4698 2.4563 0.2108 0.2369 0.2995 0.0000 0.0000 0.0000 0.0000 0.0000 0.0000 
run 2.0000 5.0000 16.0000 9.0000 1.0000 9.0000 8.0000 0.0000 0.0000 0.2500 2.0000 0.0000 0.0000 m 0.1510 2.2500 1.0461 3.2922 0.2500 0.2500 0.2500 0.2500 0.2500 0.2500 0.2500 0.2500 0.0000 
run 2.0000 5.0000 20.0000 10.0000 2.0000 10.0000 9.0000 1.0000 0.0490 0.2499 2.2488 0.0349 0.0588 m 0.1580 2.4988 1.0304 3.5244 0.2924 0.2125 0.1786 0.2571 0.3020 0.2390 0.1981 0.2465 0.3228 
run 2.0000 5.0000 11.0000 7.0000 1.0000 7.0000 6.0000 1.0000 0.0580 0.2493 1.4959 0.0349 0.0588 m 0.1700 1.7459 1.3213 3.0548 0.2003 0.3109 0.1823 0.2826 0.2111 0.3088 0.0000 0.0000 0.0000 
run 2.0000 5.0000 27.0000 5.0000 0.0000 5.0000 4.0000 2.0000 0.0918 0.2508 1.0032 0.0906 0.1145 m 0.1650 1.2532 1.4374 2.6789 0.2014 0.3782 0.1697 0.2539 0.0000 0.0000 0.0000 0.0000 0.0000 
run 2.0000 5.0000 37.0000 9.0000 1.0000 9.0000 8.0000 0.0000 0.0000 0.2500 2.0000 0.0000 0.0000 m 0.1690 2.2500 1.3727 3.6091 0.2500 0.2500 0.2500 0.2500 0.2500 0.2500 0.2500 0.2500 0.0000 
run 2.0000 5.0000 8.0000 6.0000 0.0000 6.0000 5.0000 1.0000 0.0415 0.2494 1.2469 0.0349 0.0588 m 0.1530 1.4969 1.4229 2.9060 0.1875 0.2687 0.2356 0.2988 0.2562 0.0000 0.0000 0.0000 0.0000 
run 2.0000 5.0000 45.0000 4.0000 0.0000 4.0000 3.0000 2.0000 0.1137 0.2503 0.7508 0.0906 0.1145 m 0.1860 1.0008 1.1081 2.0932 0.3794 0.2062 0.1652 0.0000 0.0000 0.0000 0.0000 0.0000 0.0000 
run 2.0000 5.0000 19.0000 10.0000 2.0000 10.0000 9.0000 0.0000 0.0000 0.2500 2.2500 0.0000 0.0000 m 0.1690 2.5000 1.2154 3.7089 0.2500 0.2500 0.2500 0.2500 0.2500 0.2500 0.2500 0.2500 0.2500 
run 2.0000 5.0000 9.0000 6.0000 0.0000 6.0000 5.0000 2.0000 0.0909 0.2509 1.2544 0.0906 0.1145 m 0.1570 1.5044 1.1136 2.6131 0.1861 0.3987 0.1721 0.2688 0.2288 0.0000 0.0000 0.0000 0.0000 
run 2.0000 5.0000 49.0000 6.0000 0.0000 6.0000 5.0000 0.0000 0.0000 0.2500 1.2500 0.0000 0.0000 m 0.1660 1.5000 1.4168 2.9091 0.2500 0.2500 0.2500 0.2500 0.2500 0.0000 0.0000 0.0000 0.0000 
run 2.0000 5.0000 5.0000 5.0000 0.0000 5.0000 4.0000 1.0000 0.0503 0.2494 0.9976 0.0349 0.0588 m 0.1600 1.2476 1.4397 2.6734 0.2420 0.1905 0.2518 0.3132 0.0000 0.0000 0.0000 0.0000 0.0000 
run 2.0000 5.0000 3.0000 4.0000 0.0000 4.0000 3.0000 2.0000 0.1081 0.2485 0.7455 0.0906 0.1145 m 0.1720 0.9955 1.3021 2.2880 0.2262 0.1533 0.3660 0.0000 0.0000 0.0000 0.0000 0.0000 0.0000 
run 2.0000 5.0000 21.0000 10.0000 2.0000 10.0000 9.0000 2.0000 0.0938 0.2503 2.2528 0.0906 0.1145 m 0.1650 2.5028 1.1630 3.6616 0.1548 0.1818 0.3948 0.3504 0.2198 0.3577 0.1570 0.1830 0.2535 
run 2.0000 5.0000 30.0000 6.0000 0.0000 6.0000 5.0000 2.0000 0.0951 0.2490 1.2451 0.0906 0.1145 m 0.1650 1.4951 1.0123 2.5040 0.3936 0.2089 0.2920 0.1967 0.1538 0.0000 0.0000 0.0000 0.0000 
run 2.0000 5.0000 10.0000 7.0000 1.0000 7.0000 6.0000 0.0000 0.0000 0.2500 1.5000 0.0000 0.0000 m 0.1500 1.7500 1.1556 2.8923 0.2500 0.2500 0.2500 0.2500 0.2500 0.2500 0.0000 0.0000 0.0000 
run 2.0000 5.0000 35.0000 8.0000 1.0000 8.0000 7.0000 1.0000 0.0561 0.2502 1.7511 0.0349 0.0588 m 0.1430 2.0011 1.1085 3.0933 0.2436 0.3498 0.2335 0.1857 0.2413 0.2957 0.2016 0.0000 0.0000 
run 2.0000 5.0000 51.0000 6.0000 0.0000 6.0000 5.0000 2.0000 0.0952 0.2505 1.2525 0.0906 0.1145 m 0.1360 1.5025 1.2408 2.7282 0.3767 0.2169 0.1716 0.3239 0.1635 0.0000 0.0000 0.0000 0.0000 
run 2.0000 5.0000 50.0000 6.0000 0.0000 6.0000 5.0000 1.0000 0.0560 0.2495 1.2475 0.0349 0.0588 m 0.1750 1.4975 1.4782 2.9733 0.2510 0.1662 0.2381 0.3198 0.2724 0.0000 0.0000 0.0000 0.0000 
run 2.0000 5.0000 52.0000 7.0000 1.0000 7.0000 6.0000 0.0000 0.0000 0.2500 1.5000 0.0000 0.0000 m 0.1850 1.7500 1.3317 3.0757 0.2500 0.2500 0.2500 0.2500 0.2500 0.2500 0.0000 0.0000 0.0000 
run 2.0000 5.0000 1.0000 4.0000 0.0000 4.0000 3.0000 0.0000 0.0000 0.2500 0.7500 0.0000 0.0000 m 0.1620 1.0000 1.1035 2.0922 0.2500 0.2500 0.2500 0.0000 0.0000 0.0000 0.0000 0.0000 0.0000 
run 2.0000 5.0000 58.0000 9.0000 1.0000 9.0000 8.0000 0.0000 0.0000 0.2500 2.0000 0.0000 0.0000 m 0.1610 2.2500 1.4973 3.7423 0.2500 0.2500 0.2500 0.2500 0.2500 0.2500 0.2500 0.2500 0.0000 
run 2.0000 5.0000 62.0000 10.0000 2.0000 10.0000 9.0000 1.0000 0.0584 0.2505 2.2541 0.0349 0.0588 m 0.1390 2.5041 1.3576 3.8464 0.2956 0.2269 0.3110 0.1641 0.2148 0.1742 0.2647 0.3242 0.2787 
run 2.0000 5.0000 22.0000 4.0000 0.0000 4.0000 3.0000 0.0000 0.0000 0.2500 0.7500 0.0000 0.0000 m 0.1380 1.0000 1.0228 2.0088 0.2500 0.2500 0.2500 0.0000 0.0000 0.0000 0.0000 0.0000 0.0000 
run 2.0000 5.0000 2.0000 4.0000 0.0000 4.0000 3.0000 1.0000 0.0482 0.2515 0.7546 0.0349 0.0588 m 0.1800 1.0046 1.1239 2.1135 0.2256 0.3072 0.2219 0.0000 0.0000 0.0000 0.0000 0.0000 0.0000 
run 2.0000 5.0000 13.0000 8.0000 1.0000 8.0000 7.0000 0.0000 0.0000 0.2500 1.7500 0.0000 0.0000 m 0.1680 2.0000 1.4001 3.3924 0.2500 0.2500 0.2500 0.2500 0.2500 0.2500 0.2500 0.0000 0.0000 
run 2.0000 5.0000 12.0000 7.0000 1.0000 7.0000 6.0000 2.0000 0.0963 0.2506 1.5036 0.0906 0.1145 m 0.1440 1.7536 1.3880 3.1293 0.2044 0.1540 0.2076 0.3845 0.1935 0.3597 0.0000 0.0000 0.0000 
run 2.0000 5.0000 17.0000 9.0000 1.0000 9.0000 8.0000 1.0000 0.0584 0.2505 2.0040 0.0349 0.0588 m 0.1390 2.2540 1.0180 3.2629 0.2147 0.2682 0.2984 0.2493 0.1794 0.2884 0.3349 0.1707 0.0000 
run 2.0000 5.0000 34.0000 8.0000 1.0000 8.0000 7.0000 0.0000 0.0000 0.2500 1.7500 0.0000 0.0000 m 0.1810 2.0000 1.3166 3.3089 0.2500 0.2500 0.2500 0.2500 0.2500 0.2500 0.2500 0.0000 0.0000 
run 2.0000 5.0000 38.0000 9.0000 1.0000 9.0000 8.0000 1.0000 0.0572 0.2503 2.0026 0.0349 0.0588 m 0.1670 2.2526 1.3687 3.6117 0.2193 0.1741 0.2668 0.3246 0.2490 0.2775 0.1765 0.3148 0.0000 
run 2.0000 5.0000 42.0000 10.0000 2.0000 10.0000 9.0000 2.0000 0.0957 0.2501 2.2509 0.0906 0.1145 m 0.1580 2.5009 1.1290 3.6263 0.1566 0.3223 0.3679 0.2997 0.1793 0.1512 0.3935 0.1753 0.2052 
run 2.0000 5.0000 28.0000 6.0000 0.0000 6.0000 5.0000 0.0000 0.0000 0.2500 1.2500 0.0000 0.0000 m 0.1440 1.5000 1.3916 2.8757 0.2500 0.2500 0.2500 0.2500 0.2500 0.0000 0.0000 0.0000 0.0000 
run 2.0000 6.0000 21.0000 10.0000 2.0000 10.0000 9.0000 2.0000 0.0931 0.2502 2.2520 0.0906 0.1145 m 0.1450 2.5020 1.1822 3.6774 0.2050 0.1764 0.3905 0.3342 0.3769 0.2428 0.1511 0.2133 0.1619 
run 2.0000 6.0000 36.0000 8.0000 1.0000 8.0000 7.0000 2.0000 0.0962 0.2505 1.7532 0.0906 0.1145 m 0.1920 2.0032 1.3607 3.3622 0.1682 0.1941 0.3930 0.1931 0.2761 0.3666 0.1621 0.0000 0.0000 
run 2.0000 6.0000 9.0000 6.0000 0.0000 6.0000 5.0000 2.0000 0.1015 0.2493 1.2467 0.0906 0.1145 m 0.1600 1.4967 1.4206 2.9057 0.1827 0.3740 0.1858 0.3447 0.1594 0.0000 0.0000 0.0000 0.0000 
run 2.0000 6.0000 41.0000 10.0000 2.0000 10.0000 9.0000 1.0000 0.0526 0.2497 2.2477 0.0349 0.0588 m 0.1720 2.4977 1.3034 3.7900 0.1563 0.3204 0.2431 0.3104 0.2304 0.2789 0.2389 0.2725 0.1966 
run 2.0000 6.0000 7.0000 6.0000 0.0000 6.0000 5.0000 0.0000 0.0000 0.2500 1.2500 0.0000 0.0000 m 0.1240 1.5000 1.4431 2.9423 0.2500 0.2500 0.2500 0.2500 0.2500 0.0000 0.0000 0.0000 0.0000 
run 2.0000 6.0000 27.0000 5.0000 0.0000 5.0000 4.0000 2.0000 0.0916 0.2502 1.0009 0.0906 0.1145 m 0.1520 1.2509 1.4229 2.6599 0.1979 0.2801 0.1583 0.3646 0.0000 0.0000 0.0000 0.0000 0.0000 
run 2.0000 6.0000 45.0000 4.0000 0.0000 4.0000 3.0000 2.0000 0.0927 0.2501 0.7504 0.0906 0.1145 m 0.1620 1.0004 1.1012 2.0925 0.2179 0.3546 0.1779 0.0000 0.0000 0.0000 0.0000 0.0000 0.0000 
run 2.0000 6.0000 10.0000 7.0000 1.0000 7.0000 6.0000 0.0000 0.0000 0.2500 1.5000 0.0000 0.0000 m 0.2060 1.7500 1.0754 2.8255 0.2500 0.2500 0.2500 0.2500 0.2500 0.2500 0.0000 0.0000 0.0000 
run 2.0000 6.0000 11.0000 7.0000 1.0000 7.0000 6.0000 1.0000 0.0419 0.2493 1.4960 0.0349 0.0588 m 0.1580 1.7460 1.3633 3.1051 0.2148 0.3080 0.2098 0.2875 0.2588 0.2171 0.0000 0.0000 0.0000 
run 2.0000 6.0000 58.0000 9.0000 1.0000 9.0000 8.0000 0.0000 0.0000 0.2500 2.0000 0.0000 0.0000 m 0.1570 2.2500 1.4592 3.7091 0.2500 0.2500 0.2500 0.2500 0.2500 0.2500 0.2500 0.2500 0.0000 
run 2.0000 6.0000 61.0000 10.0000 2.0000 10.0000 9.0000 0.0000 0.0000 0.2500 2.2500 0.0000 0.0000 m 0.1410 2.5000 1.0899 3.5755 0.2500 0.2500 0.2500 0.2500 0.2500 0.2500 0.2500 0.2500 0.2500 
run 2.0000 6.0000 25.0000 5.0000 0.0000 5.0000 4.0000 0.0000 0.0000 0.2500 1.0000 0.0000 0.0000 m 0.1600 1.2500 1.0181 2.2589 0.2500 0.2500 0.2500 0.2500 0.0000 0.0000 0.0000 0.0000 0.0000 
run 2.0000 6.0000 39.0000 9.0000 1.0000 9.0000 8.0000 2.0000 0.0910 0.2502 2.0013 0.0906 0.1145 m 0.1700 2.2513 1.0143 3.2602 0.1609 0.3634 0.2031 0.3906 0.2238 0.1573 0.1964 0.3057 0.0000 
run 2.0000 6.0000 53.0000 7.0000 1.0000 7.0000 6.0000 1.0000 0.0491 0.2503 1.5019 0.0349 0.0588 m 0.1370 1.7519 1.1815 2.9275 0.2362 0.3156 0.2804 0.2508 0.1684 0.2506 0.0000 0.0000 0.0000 
run 2.0000 6.0000 48.0000 5.0000 0.0000 5.0000 4.0000 2.0000 0.0969 0.2511 1.0046 0.0906 0.1145 m 0.1610 1.2546 1.1409 2.3802 0.2424 0.1702 0.3896 0.2024 0.0000 0.0000 0.0000 0.0000 0.0000 
run 2.0000 6.0000 40.0000 10.0000 2.0000 10.0000 9.0000 0.0000 0.0000 0.2500 2.2500 0.0000 0.0000 m 0.1520 2.5000 1.1130 3.6088 0.2500 0.2500 0.2500 0.2500 0.2500 0.2500 0.2500 0.2500 0.2500 
run 2.0000 6.0000 5.0000 5.0000 0.0000 5.0000 4.0000 1.0000 0.0533 0.2492 0.9969 0.0349 0.0588 m 0.2060 1.2469 1.4670 2.7059 0.2488 0.1774 0.3047 0.2660 0.0000 0.0000 0.0000 0.0000 0.0000 
run 2.0000 6.0000 32.0000 7.0000 1.0000 7.0000 6.0000 1.0000 0.0565 0.2504 1.5026 0.0349 0.0588 m 0.1720 1.7526 1.4164 3.1616 0.2050 0.3175 0.2237 0.3224 0.1916 0.2423 0.0000 0.0000 0.0000 
run 2.0000 6.0000 1.0000 4.0000 0.0000 4.0000 3.0000 0.0000 0.0000 0.2500 0.7500 0.0000 0.0000 m 0.1640 1.0000 1.3209 2.3089 0.2500 0.2500 0.2500 0.0000 0.0000 0.0000 0.0000 0.0000 0.0000 
run 2.0000 6.0000 16.0000 9.0000 1.0000 9.0000 8.0000 0.0000 0.0000 0.2500 2.0000 0.0000 0.0000 m 0.1660 2.2500 1.2180 3.4591 0.2500 0.2500 0.2500 0.2500 0.2500 0.2500 0.2500 0.2500 0.0000 
run 2.0000 6.0000 2.0000 4.0000 0.0000 4.0000 3.0000 1.0000 0.0370 0.2506 0.7518 0.0349 0.0588 m 0.1630 1.0018 1.2485 2.2440 0.2358 0.2927 0.2233 0.0000 0.0000 0.0000 0.0000 0.0000 0.0000 
run 2.0000 6.0000 63.0000 10.0000 2.0000 10.0000 9.0000 2.0000 0.1014 0.2495 2.2459 0.0906 0.1145 m 0.2020 2.4959 1.3936 3.8881 0.3755 0.1562 0.3968 0.2363 0.1508 0.3637 0.2215 0.1584 0.1866 
run 2.0000 6.0000 59.0000 9.0000 1.0000 9.0000 8.0000 1.0000 0.0544 0.2498 1.9986 0.0349 0.0588 m 0.1190 2.2486 1.0891 3.3243 0.1718 0.2169 0.3391 0.2847 0.2207 0.2511 0.2983 0.2161 0.0000 
run 2.0000 6.0000 57.0000 8.0000 1.0000 8.0000 7.0000 2.0000 0.0943 0.2507 1.7549 0.0906 0.1145 m 0.1610 2.0049 1.3065 3.2970 0.3344 0.2736 0.1609 0.2843 0.1527 0.3882 0.1609 0.0000 0.0000 
run 2.0000 6.0000 56.0000 8.0000 1.0000 8.0000 7.0000 1.0000 0.0366 0.2493 1.7451 0.0349 0.0588 m 0.2040 1.9951 1.0628 3.0539 0.2927 0.2071 0.2704 0.2370 0.2912 0.2052 0.2414 0.0000 0.0000 
run 2.0000 6.0000 12.0000 7.0000 1.0000 7.0000 6.0000 2.0000 0.0965 0.2499 1.4993 0.0906 0.1145 m 0.1510 1.7493 1.3060 3.0417 0.3894 0.1546 0.3436 0.2325 0.1604 0.2187 0.0000 0.0000 0.0000 
run 2.0000 6.0000 47.0000 5.0000 0.0000 5.0000 4.0000 1.0000 0.0527 0.2500 1.0001 0.0349 0.0588 m 0.1940 1.2501 1.2088 2.4590 0.2114 0.2514 0.2133 0.3240 0.0000 0.0000 0.0000 0.0000 0.0000 
run 2.0000 6.0000 46.0000 5.0000 0.0000 5.0000 4.0000 0.0000 0.0000 0.2500 1.0000 0.0000 0.0000 m 0.1850 1.2500 1.4603 2.7091 0.2500 0.2500 0.2500 0.2500 0.0000 0.0000 0.0000 0.0000 0.0000 
run 2.0000 6.0000 43.0000 4.0000 0.0000 4.0000 3.0000 0.0000 0.0000 0.2500 0.7500 0.0000 0.0000 m 0.1750 1.0000 1.1547 2.1423 0.2500 0.2500 0.2500 0.0000 0.0000 0.0000 0.0000 0.0000 0.0000 
run 2.0000 6.0000 14.0000 8.0000 1.0000 8.0000 7.0000 1.0000 0.0559 0.2500 1.7497 0.0349 0.0588 m 0.2010 1.9997 1.2741 3.2587 0.2454 0.2018 0.2626 0.1628 0.2878 0.2545 0.3347 0.0000 0.0000 
run 2.0000 6.0000 19.0000 10.0000 2.0000 10.0000 9.0000 0.0000 0.0000 0.2500 2.2500 0.0000 0.0000 m 0.1380 2.5000 1.3435 3.8423 0.2500 0.2500 0.2500 0.2500 0.2500 0.2500 0.2500 0.2500 0.2500 
run 2.0000 6.0000 20.0000 10.0000 2.0000 10.0000 9.0000 1.0000 0.0387 0.2499 2.2494 0.0349 0.0588 m 0.1860 2.4994 1.4323 3.9252 0.2993 0.2417 0.2718 0.2197 0.2681 0.2939 0.1790 0.2541 0.2220 
run 2.0000 6.0000 50.0000 6.0000 0.0000 6.0000 5.0000 1.0000 0.0531 0.2491 1.2457 0.0349 0.0588 m 0.1810 1.4957 1.1641 2.6546 0.2491 0.2791 0.2447 0.3072 0.1656 0.0000 0.0000 0.0000 0.0000 
run 2.0000 6.0000 33.0000 7.0000 1.0000 7.0000 6.0000 2.0000 0.0973 0.2501 1.5006 0.0906 0.1145 m 0.2600 1.7506 1.1354 2.8762 0.3104 0.2818 0.1594 0.3995 0.1951 0.1544 0.0000 0.0000 0.0000 
run 2.0000 6.0000 22.0000 4.0000 0.0000 4.0000 3.0000 0.0000 0.0000 0.2500 0.7500 0.0000 0.0000 m 0.1570 1.0000 1.2001 2.1922 0.2500 0.2500 0.2500 0.0000 0.0000 0.0000 0.0000 0.0000 0.0000 
run 2.0000 6.0000 26.0000 5.0000 0.0000 5.0000 4.0000 1.0000 0.0547 0.2505 1.0020 0.0349 0.0588 m 0.1590 1.2520 1.4448 2.6943 0.2556 0.1937 0.3232 0.2295 0.0000 0.0000 0.0000 0.0000 0.0000 
run 2.0000 6.0000 6.0000 5.0000 0.0000 5.0000 4.0000 2.0000 0.1005 0.2490 0.9958 0.0906 0.1145 m 0.1770 1.2458 1.4633 2.7048 0.1516 0.3868 0.2512 0.2061 0.0000 0.0000 0.0000 0.0000 0.0000 
run 2.0000 6.0000 60.0000 9.0000 1.0000 9.0000 8.0000 2.0000 0.0959 0.2496 1.9971 0.0906 0.1145 m 0.1820 2.2471 1.1867 3.4227 0.1749 0.3967 0.1695 0.2309 0.1607 0.2680 0.3915 0.2049 0.0000 
run 2.0000 6.0000 15.0000 8.0000 1.0000 8.0000 7.0000 2.0000 0.0918 0.2507 1.7549 0.0906 0.1145 m 0.1540 2.0049 1.3602 3.3640 0.1514 0.3705 0.3263 0.1504 0.2481 0.1817 0.3265 0.0000 0.0000 
run 2.0000 6.0000 4.0000 5.0000 0.0000 5.0000 4.0000 0.0000 0.0000 0.2500 1.0000 0.0000 0.0000 m 0.1540 1.2500 1.3097 2.5590 0.2500 0.2500 0.2500 0.2500 0.0000 0.0000 0.0000 0.0000 0.0000 
run 2.0000 6.0000 31.0000 7.0000 1.0000 7.0000 6.0000 0.0000 0.0000 0.2500 1.5000 0.0000 0.0000 m 0.1830 1.7500 1.4561 3.1924 0.2500 0.2500 0.2500 0.2500 0.2500 0.2500 0.0000 0.0000 0.0000 
run 2.0000 6.0000 44.0000 4.0000 0.0000 4.0000 3.0000 1.0000 0.0577 0.2488 0.7464 0.0349 0.0588 m 0.1920 0.9964 1.4897 2.4722 0.3088 0.2439 0.1936 0.0000 0.0000 0.0000 0.0000 0.0000 0.0000 
run 2.0000 6.0000 62.0000 10.0000 2.0000 10.0000 9.0000 1.0000 0.0560 0.2504 2.2538 0.0349 0.0588 m 0.1890 2.5038 1.2360 3.7293 0.2296 0.1788 0.3190 0.2122 0.2804 0.3295 0.1904 0.2213 0.2925 
run 2.0000 6.0000 30.0000 6.0000 0.0000 6.0000 5.0000 2.0000 0.1049 0.2501 1.2506 0.0906 0.1145 m 0.1350 1.5006 1.2011 2.6927 0.1510 0.3996 0.1675 0.2187 0.3139 0.0000 0.0000 0.0000 0.0000 
run 2.0000 6.0000 54.0000 7.0000 1.0000 7.0000 6.0000 2.0000 0.0933 0.2499 1.4993 0.0906 0.1145 m 0.2240 1.7493 1.1706 2.9081 0.3782 0.1579 0.3526 0.1851 0.2363 0.1893 0.0000 0.0000 0.0000 
run 2.0000 6.0000 8.0000 6.0000 0.0000 6.0000 5.0000 1.0000 0.0551 0.2498 1.2489 0.0349 0.0588 m 0.1500 1.4989 1.2420 2.7245 0.2400 0.3052 0.1884 0.3082 0.2070 0.0000 0.0000 0.0000 0.0000 
run 2.0000 6.0000 3.0000 4.0000 0.0000 4.0000 3.0000 2.0000 0.0957 0.2505 0.7516 0.0906 0.1145 m 0.1830 1.0016 1.1564 2.1438 0.2469 0.1568 0.3480 0.0000 0.0000 0.0000 0.0000 0.0000 0.0000 
run 2.0000 6.0000 55.0000 8.0000 1.0000 8.0000 7.0000 0.0000 0.0000 0.2500 1.7500 0.0000 0.0000 m 0.2360 2.0000 1.1615 3.1588 0.2500 0.2500 0.2500 0.2500 0.2500 0.2500 0.2500 0.0000 0.0000 
run 2.0000 6.0000 18.0000 9.0000 1.0000 9.0000 8.0000 2.0000 0.0926 0.2496 1.9966 0.0906 0.1145 m 0.2460 2.2466 1.0296 3.2720 0.2037 0.1659 0.2462 0.1840 0.3925 0.1618 0.2570 0.3855 0.0000 
run 2.0000 6.0000 37.0000 9.0000 1.0000 9.0000 8.0000 0.0000 0.0000 0.2500 2.0000 0.0000 0.0000 m 0.1710 2.2500 1.4756 3.7258 0.2500 0.2500 0.2500 0.2500 0.2500 0.2500 0.2500 0.2500 0.0000 
run 2.0000 6.0000 23.0000 4.0000 0.0000 4.0000 3.0000 1.0000 0.0431 0.2514 0.7543 0.0349 0.0588 m 0.1680 1.0043 1.4064 2.3968 0.2061 0.2564 0.2918 0.0000 0.0000 0.0000 0.0000 0.0000 0.0000 
run 2.0000 6.0000 51.0000 6.0000 0.0000 6.0000 5.0000 2.0000 0.0982 0.2491 1.2457 0.0906 0.1145 m 0.1840 1.4957 1.4384 2.9214 0.1592 0.2548 0.1589 0.2769 0.3959 0.0000 0.0000 0.0000 0.0000 
run 2.0000 6.0000 34.0000 8.0000 1.0000 8.0000 7.0000 0.0000 0.0000 0.2500 1.7500 0.0000 0.0000 m 0.1870 2.0000 1.2372 3.2255 0.2500 0.2500 0.2500 0.2500 0.2500 0.2500 0.2500 0.0000 0.0000 
run 2.0000 6.0000 13.0000 8.0000 1.0000 8.0000 7.0000 0.0000 0.0000 0.2500 1.7500 0.0000 0.0000 m 0.1720 2.0000 1.4883 3.4758 0.2500 0.2500 0.2500 0.2500 0.2500 0.2500 0.2500 0.0000 0.0000 
run 2.0000 6.0000 24.0000 4.0000 0.0000 4.0000 3.0000 2.0000 0.0935 0.2486 0.7458 0.0906 0.1145 m 0.1820 0.9958 1.1100 2.1048 0.3450 0.2425 0.1583 0.0000 0.0000 0.0000 0.0000 0.0000 0.0000 
run 2.0000 6.0000 42.0000 10.0000 2.0000 10.0000 9.0000 2.0000 0.0961 0.2505 2.2548 0.0906 0.1145 m 0.1720 2.5048 1.3845 3.8805 0.3875 0.1962 0.1594 0.2664 0.3970 0.1698 0.3153 0.2123 0.1508 
run 2.0000 6.0000 38.0000 9.0000 1.0000 9.0000 8.0000 1.0000 0.0568 0.2499 1.9995 0.0349 0.0588 m 0.1670 2.2495 1.3670 3.6086 0.2513 0.2128 0.2537 0.2221 0.3364 0.2233 0.3282 0.1717 0.0000 
run 2.0000 6.0000 35.0000 8.0000 1.0000 8.0000 7.0000 1.0000 0.0517 0.2495 1.7467 0.0349 0.0588 m 0.1740 1.9967 1.1695 3.1556 0.3193 0.1993 0.2969 0.2372 0.1802 0.2828 0.2310 0.0000 0.0000 
run 2.0000 6.0000 49.0000 6.0000 0.0000 6.0000 5.0000 0.0000 0.0000 0.2500 1.2500 0.0000 0.0000 m 0.2500 1.5000 1.3616 2.8589 0.2500 0.2500 0.2500 0.2500 0.2500 0.0000 0.0000 0.0000 0.0000 
run 2.0000 6.0000 17.0000 9.0000 1.0000 9.0000 8.0000 1.0000 0.0497 0.2505 2.0036 0.0349 0.0588 m 0.1660 2.2536 1.0547 3.2957 0.2209 0.2768 0.1937 0.2590 0.3425 0.2174 0.2842 0.2092 0.0000 
run 2.0000 6.0000 52.0000 7.0000 1.0000 7.0000 6.0000 0.0000 0.0000 0.2500 1.5000 0.0000 0.0000 m 0.1920 1.7500 1.3373 3.0758 0.2500 0.2500 0.2500 0.2500 0.2500 0.2500 0.0000 0.0000 0.0000 
run 2.0000 6.0000 28.0000 6.0000 0.0000 6.0000 5.0000 0.0000 0.0000 0.2500 1.2500 0.0000 0.0000 m 0.2130 1.5000 1.4724 2.9591 0.2500 0.2500 0.2500 0.2500 0.2500 0.0000 0.0000 0.0000 0.0000 
run 2.0000 6.0000 29.0000 6.0000 0.0000 6.0000 5.0000 1.0000 0.0508 0.2490 1.2452 0.0349 0.0588 m 0.2000 1.4952 1.3564 2.8375 0.3065 0.1812 0.2628 0.2141 0.2807 0.0000 0.0000 0.0000 0.0000 
run 2.0000 7.0000 43.0000 4.0000 0.0000 4.0000 3.0000 0.0000 0.0000 0.2500 0.7500 0.0000 0.0000 m 0.1720 1.0000 1.2728 2.2590 0.2500 0.2500 0.2500 0.0000 0.0000 0.0000 0.0000 0.0000 0.0000 
run 2.0000 7.0000 34.0000 8.0000 1.0000 8.0000 7.0000 0.0000 0.0000 0.2500 1.7500 0.0000 0.0000 m 0.1410 2.0000 1.0972 3.0922 0.2500 0.2500 0.2500 0.2500 0.2500 0.2500 0.2500 0.0000 0.0000 
run 2.0000 7.0000 16.0000 9.0000 1.0000 9.0000 8.0000 0.0000 0.0000 0.2500 2.0000 0.0000 0.0000 m 0.1630 2.2500 1.3542 3.5923 0.2500 0.2500 0.2500 0.2500 0.2500 0.2500 0.2500 0.2500 0.0000 
run 2.0000 7.0000 26.0000 5.0000 0.0000 5.0000 4.0000 1.0000 0.0507 0.2491 0.9964 0.0349 0.0588 m 0.1680 1.2464 1.1765 2.4220 0.2497 0.1825 0.3054 0.2589 0.0000 0.0000 0.0000 0.0000 0.0000 
run 2.0000 7.0000 24.0000 4.0000 0.0000 4.0000 3.0000 2.0000 0.1053 0.2500 0.7500 0.0906 0.1145 m 0.1700 1.0000 1.3332 2.3256 0.2028 0.1766 0.3706 0.0000 0.0000 0.0000 0.0000 0.0000 0.0000 
run 2.0000 7.0000 8.0000 6.0000 0.0000 6.0000 5.0000 1.0000 0.0476 0.2498 1.2491 0.0349 0.0588 m 0.1630 1.4991 1.1808 2.6746 0.2423 0.2740 0.1878 0.2303 0.3147 0.0000 0.0000 0.0000 0.0000 
run 2.0000 7.0000 35.0000 8.0000 1.0000 8.0000 7.0000 1.0000 0.0532 0.2495 1.7465 0.0349 0.0588 m 0.1540 1.9965 1.1339 3.1219 0.2055 0.3086 0.2494 0.3096 0.2569 0.1609 0.2556 0.0000 0.0000 
run 2.0000 7.0000 53.0000 7.0000 1.0000 7.0000 6.0000 1.0000 0.0430 0.2499 1.4996 0.0349 0.0588 m 0.2320 1.7496 1.0497 2.7917 0.2410 0.3071 0.2473 0.2906 0.1910 0.2226 0.0000 0.0000 0.0000 
run 2.0000 7.0000 11.0000 7.0000 1.0000 7.0000 6.0000 1.0000 0.0587 0.2505 1.5029 0.0349 0.0588 m 0.1700 1.7529 1.4533 3.1952 0.2593 0.3289 0.2932 0.2192 0.1601 0.2422 0.0000 0.0000 0.0000 
run 2.0000 7.0000 22.0000 4.0000 0.0000 4.0000 3.0000 0.0000 0.0000 0.2500 0.7500 0.0000 0.0000 m 0.1460 1.0000 1.1302 2.1256 0.2500 0.2500 0.2500 0.0000 0.0000 0.0000 0.0000 0.0000 0.0000 
run 2.0000 7.0000 60.0000 9.0000 1.0000 9.0000 8.0000 2.0000 0.0912 0.2495 1.9960 0.0906 0.1145 m 0.2030 2.2460 1.4759 3.7218 0.3377 0.1662 0.3336 0.2150 0.1777 0.3956 0.1996 0.1706 0.0000 
run 2.0000 7.0000 32.0000 7.0000 1.0000 7.0000 6.0000 1.0000 0.0576 0.2502 1.5010 0.0349 0.0588 m 0.1800 1.7510 1.3316 3.0768 0.2310 0.3079 0.1667 0.2996 0.2064 0.2893 0.0000 0.0000 0.0000 
run 2.0000 7.0000 29.0000 6.0000 0.0000 6.0000 5.0000 1.0000 0.0472 0.2501 1.2506 0.0349 0.0588 m 0.1550 1.5006 1.2118 2.7096 0.1861 0.2917 0.2615 0.2175 0.2938 0.0000 0.0000 0.0000 0.0000 
run 2.0000 7.0000 37.0000 9.0000 1.0000 9.0000 8.0000 0.0000 0.0000 0.2500 2.0000 0.0000 0.0000 m 0.1550 2.2500 1.4487 3.6922 0.2500 0.2500 0.2500 0.2500 0.2500 0.2500 0.2500 0.2500 0.0000 
run 2.0000 7.0000 6.0000 5.0000 0.0000 5.0000 4.0000 2.0000 0.0911 0.2506 1.0024 0.0906 0.1145 m 0.1820 1.2524 1.4374 2.6780 0.2019 0.3719 0.2650 0.1636 0.0000 0.0000 0.0000 0.0000 0.0000 
run 2.0000 7.0000 12.0000 7.0000 1.0000 7.0000 6.0000 2.0000 0.0927 0.2494 1.4965 0.0906 0.1145 m 0.2020 1.7465 1.4837 3.2223 0.2397 0.2097 0.1592 0.3791 0.1643 0.3445 0.0000 0.0000 0.0000 
run 2.0000 7.0000 49.0000 6.0000 0.0000 6.0000 5.0000 0.0000 0.0000 0.2500 1.2500 0.0000 0.0000 m 0.1670 1.5000 1.0574 2.5421 0.2500 0.2500 0.2500 0.2500 0.2500 0.0000 0.0000 0.0000 0.0000 
run 2.0000 7.0000 57.0000 8.0000 1.0000 8.0000 7.0000 2.0000 0.0975 0.2506 1.7541 0.0906 0.1145 m 0.1800 2.0041 1.2010 3.1963 0.2017 0.1561 0.3501 0.3785 0.3282 0.1563 0.1832 0.0000 0.0000 
run 2.0000 7.0000 10.0000 7.0000 1.0000 7.0000 6.0000 0.0000 0.0000 0.2500 1.5000 0.0000 0.0000 m 0.1550 1.7500 1.1846 2.9254 0.2500 0.2500 0.2500 0.2500 0.2500 0.2500 0.0000 0.0000 0.0000 
run 2.0000 7.0000 17.0000 9.0000 1.0000 9.0000 8.0000 1.0000 0.0540 0.2498 1.9983 0.0349 0.0588 m 0.1460 2.2483 1.2943 3.5407 0.3031 0.2727 0.3090 0.2181 0.1632 0.2162 0.3016 0.2144 0.0000 
run 2.0000 7.0000 7.0000 6.0000 0.0000 6.0000 5.0000 0.0000 0.0000 0.2500 1.2500 0.0000 0.0000 m 0.2010 1.5000 1.4870 2.9757 0.2500 0.2500 0.2500 0.2500 0.2500 0.0000 0.0000 0.0000 0.0000 
run 2.0000 7.0000 25.0000 5.0000 0.0000 5.0000 4.0000 0.0000 0.0000 0.2500 1.0000 0.0000 0.0000 m 0.1560 1.2500 1.1430 2.3923 0.2500 0.2500 0.2500 0.2500 0.0000 0.0000 0.0000 0.0000 0.0000 
run 2.0000 7.0000 46.0000 5.0000 0.0000 5.0000 4.0000 0.0000 0.0000 0.2500 1.0000 0.0000 0.0000 m 0.1580 1.2500 1.0785 2.3254 0.2500 0.2500 0.2500 0.2500 0.0000 0.0000 0.0000 0.0000 0.0000 
run 2.0000 7.0000 39.0000 9.0000 1.0000 9.0000 8.0000 2.0000 0.0921 0.2503 2.0024 0.0906 0.1145 m 0.1750 2.2524 1.3988 3.6446 0.1716 0.3320 0.3750 0.1678 0.2010 0.2323 0.3640 0.1585 0.0000 
run 2.0000 7.0000 13.0000 8.0000 1.0000 8.0000 7.0000 0.0000 0.0000 0.2500 1.7500 0.0000 0.0000 m 0.2190 2.0000 1.4333 3.4255 0.2500 0.2500 0.2500 0.2500 0.2500 0.2500 0.2500 0.0000 0.0000 
run 2.0000 7.0000 3.0000 4.0000 0.0000 4.0000 3.0000 2.0000 0.1140 0.2503 0.7509 0.0906 0.1145 m 0.1960 1.0009 1.2709 2.2600 0.1875 0.3818 0.1816 0.0000 0.0000 0.0000 0.0000 0.0000 0.0000 
run 2.0000 7.0000 47.0000 5.0000 0.0000 5.0000 4.0000 1.0000 0.0573 0.2490 0.9960 0.0349 0.0588 m 0.2060 1.2460 1.4270 2.6717 0.3280 0.2385 0.1908 0.2387 0.0000 0.0000 0.0000 0.0000 0.0000 
run 2.0000 7.0000 2.0000 4.0000 0.0000 4.0000 3.0000 1.0000 0.0367 0.2491 0.7472 0.0349 0.0588 m 0.2590 0.9972 1.3782 2.3728 0.2145 0.2450 0.2876 0.0000 0.0000 0.0000 0.0000 0.0000 0.0000 
run 2.0000 7.0000 41.0000 10.0000 2.0000 10.0000 9.0000 1.0000 0.0565 0.2498 2.2480 0.0349 0.0588 m 0.1970 2.4980 1.0652 3.5569 0.2043 0.3094 0.2732 0.1748 0.2677 0.3348 0.2824 0.2141 0.1874 
run 2.0000 7.0000 4.0000 5.0000 0.0000 5.0000 4.0000 0.0000 0.0000 0.2500 1.0000 0.0000 0.0000 m 0.1610 1.2500 1.3317 2.5757 0.2500 0.2500 0.2500 0.2500 0.0000 0.0000 0.0000 0.0000 0.0000 
run 2.0000 7.0000 36.0000 8.0000 1.0000 8.0000 7.0000 2.0000 0.0910 0.2507 1.7549 0.0906 0.1145 m 0.2070 2.0049 1.4066 3.3972 0.2849 0.3601 0.1604 0.3709 0.1840 0.2406 0.1539 0.0000 0.0000 
run 2.0000 7.0000 19.0000 10.0000 2.0000 10.0000 9.0000 0.0000 0.0000 0.2500 2.2500 0.0000 0.0000 m 0.1400 2.5000 1.2426 3.7421 0.2500 0.2500 0.2500 0.2500 0.2500 0.2500 0.2500 0.2500 0.2500 
run 2.0000 7.0000 42.0000 10.0000 2.0000 10.0000 9.0000 2.0000 0.0989 0.2504 2.2539 0.0906 0.1145 m 0.1690 2.5039 1.0888 3.5795 0.1625 0.3434 0.1725 0.3820 0.2563 0.1506 0.2268 0.1654 0.3945 
run 2.0000 7.0000 59.0000 9.0000 1.0000 9.0000 8.0000 1.0000 0.0560 0.2501 2.0011 0.0349 0.0588 m 0.1720 2.2511 1.4025 3.6434 0.2678 0.3089 0.1938 0.2830 0.1842 0.2549 0.3232 0.1852 0.0000 
run 2.0000 7.0000 44.0000 4.0000 0.0000 4.0000 3.0000 1.0000 0.0416 0.2492 0.7477 0.0349 0.0588 m 0.2010 0.9977 1.2202 2.2065 0.2618 0.2028 0.2831 0.0000 0.0000 0.0000 0.0000 0.0000 0.0000 
run 2.0000 7.0000 14.0000 8.0000 1.0000 8.0000 7.0000 1.0000 0.0502 0.2503 1.7524 0.0349 0.0588 m 0.1550 2.0024 1.0134 3.0113 0.3117 0.2065 0.3050 0.2582 0.2030 0.2765 0.1914 0.0000 0.0000 
run 2.0000 7.0000 61.0000 10.0000 2.0000 10.0000 9.0000 0.0000 0.0000 0.2500 2.2500 0.0000 0.0000 m 0.1490 2.5000 1.1588 3.6587 0.2500 0.2500 0.2500 0.2500 0.2500 0.2500 0.2500 0.2500 0.2500 
run 2.0000 7.0000 54.0000 7.0000 1.0000 7.0000 6.0000 2.0000 0.0917 0.2508 1.5046 0.0906 0.1145 m 0.1490 1.7546 1.2162 2.9634 0.3144 0.1764 0.3911 0.1502 0.2701 0.2024 0.0000 0.0000 0.0000 
run 2.0000 7.0000 27.0000 5.0000 0.0000 5.0000 4.0000 2.0000 0.0948 0.2498 0.9993 0.0906 0.1145 m 0.1820 1.2493 1.4440 2.6917 0.1519 0.3453 0.3153 0.1868 0.0000 0.0000 0.0000 0.0000 0.0000 
run 2.0000 7.0000 58.0000 9.0000 1.0000 9.0000 8.0000 0.0000 0.0000 0.2500 2.0000 0.0000 0.0000 m 0.1480 2.2500 1.2698 3.5089 0.2500 0.2500 0.2500 0.2500 0.2500 0.2500 0.2500 0.2500 0.0000 
run 2.0000 7.0000 48.0000 5.0000 0.0000 5.0000 4.0000 2.0000 0.1038 0.2490 0.9959 0.0906 0.1145 m 0.1710 1.2459 1.3532 2.5883 0.3911 0.1536 0.1947 0.2566 0.0000 0.0000 0.0000 0.0000 0.0000 
run 2.0000 7.0000 23.0000 4.0000 0.0000 4.0000 3.0000 1.0000 0.0483 0.2512 0.7536 0.0349 0.0588 m 0.1450 1.0036 1.0027 1.9958 0.2948 0.2595 0.1993 0.0000 0.0000 0.0000 0.0000 0.0000 0.0000 
run 2.0000 7.0000 55.0000 8.0000 1.0000 8.0000 7.0000 0.0000 0.0000 0.2500 1.7500 0.0000 0.0000 m 0.1600 2.0000 1.3741 3.3590 0.2500 0.2500 0.2500 0.2500 0.2500 0.2500 0.2500 0.0000 0.0000 
run 2.0000 7.0000 20.0000 10.0000 2.0000 10.0000 9.0000 1.0000 0.0555 0.2496 2.2464 0.0349 0.0588 m 0.2010 2.4964 1.0058 3.4886 0.1972 0.3577 0.2223 0.2666 0.2201 0.3054 0.2261 0.2671 0.1839 
run 2.0000 7.0000 52.0000 7.0000 1.0000 7.0000 6.0000 0.0000 0.0000 0.2500 1.5000 0.0000 0.0000 m 0.1510 1.7500 1.1949 2.9423 0.2500 0.2500 0.2500 0.2500 0.2500 0.2500 0.0000 0.0000 0.0000 
run 2.0000 7.0000 1.0000 4.0000 0.0000 4.0000 3.0000 0.0000 0.0000 0.2500 0.7500 0.0000 0.0000 m 0.1950 1.0000 1.2484 2.2422 0.2500 0.2500 0.2500 0.0000 0.0000 0.0000 0.0000 0.0000 0.0000 
run 2.0000 7.0000 21.0000 10.0000 2.0000 10.0000 9.0000 2.0000 0.0974 0.2500 2.2498 0.0906 0.1145 m 0.1640 2.4998 1.4343 3.9255 0.1565 0.3512 0.1561 0.2185 0.3980 0.1763 0.3754 0.1906 0.2271 
run 2.0000 7.0000 45.0000 4.0000 0.0000 4.0000 3.0000 2.0000 0.1041 0.2502 0.7505 0.0906 0.1145 m 0.1820 1.0005 1.1235 2.1095 0.3645 0.2251 0.1609 0.0000 0.0000 0.0000 0.0000 0.0000 0.0000 
run 2.0000 7.0000 63.0000 10.0000 2.0000 10.0000 9.0000 2.0000 0.0975 0.2498 2.2481 0.0906 0.1145 m 0.1550 2.4981 1.0322 3.5235 0.1516 0.1984 0.1600 0.3065 0.3972 0.1892 0.2851 0.3895 0.1705 
run 2.0000 7.0000 31.0000 7.0000 1.0000 7.0000 6.0000 0.0000 0.0000 0.2500 1.5000 0.0000 0.0000 m 0.1530 1.7500 1.0689 2.8089 0.2500 0.2500 0.2500 0.2500 0.2500 0.2500 0.0000 0.0000 0.0000 
run 2.0000 7.0000 30.0000 6.0000 0.0000 6.0000 5.0000 2.0000 0.0924 0.2497 1.2485 0.0906 0.1145 m 0.1440 1.4985 1.4329 2.9242 0.3650 0.2195 0.1579 0.3288 0.1773 0.0000 0.0000 0.0000 0.0000 
run 2.0000 7.0000 62.0000 10.0000 2.0000 10.0000 9.0000 1.0000 0.0561 0.2504 2.2532 0.0349 0.0588 m 0.1870 2.5032 1.3186 3.8121 0.3546 0.2540 0.2174 0.2912 0.2295 0.2873 0.2135 0.1589 0.2468 
run 2.0000 7.0000 40.0000 10.0000 2.0000 10.0000 9.0000 0.0000 0.0000 0.2500 2.2500 0.0000 0.0000 m 0.1780 2.5000 1.4458 3.9424 0.2500 0.2500 0.2500 0.2500 0.2500 0.2500 0.2500 0.2500 0.2500 
run 2.0000 7.0000 5.0000 5.0000 0.0000 5.0000 4.0000 1.0000 0.0554 0.2508 1.0034 0.0349 0.0588 m 0.1560 1.2534 1.2024 2.4455 0.2737 0.3140 0.2298 0.1858 0.0000 0.0000 0.0000 0.0000 0.0000 
run 2.0000 7.0000 9.0000 6.0000 0.0000 6.0000 5.0000 2.0000 0.0968 0.2492 1.2459 0.0906 0.1145 m 0.1780 1.4959 1.1531 2.6382 0.2675 0.1516 0.3046 0.1509 0.3714 0.0000 0.0000 0.0000 0.0000 
run 2.0000 7.0000 18.0000 9.0000 1.0000 9.0000 8.0000 2.0000 0.0913 0.2503 2.0025 0.0906 0.1145 m 0.1570 2.2525 1.4567 3.6949 0.3897 0.1638 0.3357 0.1546 0.2217 0.3414 0.2122 0.1834 0.0000 
run 2.0000 7.0000 33.0000 7.0000 1.0000 7.0000 6.0000 2.0000 0.0914 0.2492 1.4953 0.0906 0.1145 m 0.1930 1.7453 1.2747 3.0042 0.1535 0.2189 0.2932 0.1501 0.2978 0.3817 0.0000 0.0000 0.0000 
run 2.0000 7.0000 56.0000 8.0000 1.0000 8.0000 7.0000 1.0000 0.0463 0.2495 1.7465 0.0349 0.0588 m 0.1600 1.9965 1.1275 3.1222 0.2978 0.1951 0.2792 0.1956 0.2972 0.2145 0.2671 0.0000 0.0000 
run 2.0000 7.0000 38.0000 9.0000 1.0000 9.0000 8.0000 1.0000 0.0566 0.2499 1.9993 0.0349 0.0588 m 0.1850 2.2493 1.4323 3.6750 0.2649 0.1713 0.2236 0.3167 0.2832 0.2093 0.3271 0.2031 0.0000 
run 2.0000 7.0000 51.0000 6.0000 0.0000 6.0000 5.0000 2.0000 0.0949 0.2498 1.2492 0.0906 0.1145 m 0.1850 1.4992 1.0354 2.5247 0.2607 0.1641 0.3897 0.2761 0.1585 0.0000 0.0000 0.0000 0.0000 
run 2.0000 7.0000 15.0000 8.0000 1.0000 8.0000 7.0000 2.0000 0.1033 0.2505 1.7532 0.0906 0.1145 m 0.1930 2.0032 1.4735 3.4622 0.2966 0.1512 0.2007 0.1659 0.3988 0.1709 0.3691 0.0000 0.0000 
run 2.0000 7.0000 28.0000 6.0000 0.0000 6.0000 5.0000 0.0000 0.0000 0.2500 1.2500 0.0000 0.0000 m 0.1370 1.5000 1.1937 2.6923 0.2500 0.2500 0.2500 0.2500 0.2500 0.0000 0.0000 0.0000 0.0000 
run 2.0000 7.0000 50.0000 6.0000 0.0000 6.0000 5.0000 1.0000 0.0570 0.2506 1.2531 0.0349 0.0588 m 0.1840 1.5031 1.2801 2.7788 0.2497 0.2031 0.2811 0.1903 0.3290 0.0000 0.0000 0.0000 0.0000 
run 2.0000 8.0000 30.0000 6.0000 0.0000 6.0000 5.0000 2.0000 0.0917 0.2500 1.2500 0.0906 0.1145 m 0.1530 1.5000 1.2198 2.7089 0.3815 0.2069 0.1688 0.3092 0.1835 0.0000 0.0000 0.0000 0.0000 
run 2.0000 8.0000 5.0000 5.0000 0.0000 5.0000 4.0000 1.0000 0.0543 0.2492 0.9967 0.0349 0.0588 m 0.1540 1.2467 1.4817 2.7224 0.1872 0.2623 0.3161 0.2310 0.0000 0.0000 0.0000 0.0000 0.0000 
run 2.0000 8.0000 49.0000 6.0000 0.0000 6.0000 5.0000 0.0000 0.0000 0.2500 1.2500 0.0000 0.0000 m 0.1520 1.5000 1.0920 2.5923 0.2500 0.2500 0.2500 0.2500 0.2500 0.0000 0.0000 0.0000 0.0000 
run 2.0000 8.0000 6.0000 5.0000 0.0000 5.0000 4.0000 2.0000 0.0909 0.2512 1.0048 0.0906 0.1145 m 0.1540 1.2548 1.4260 2.6805 0.1617 0.2600 0.3736 0.2095 0.0000 0.0000 0.0000 0.0000 0.0000 
run 2.0000 8.0000 15.0000 8.0000 1.0000 8.0000 7.0000 2.0000 0.0956 0.2496 1.7470 0.0906 0.1145 m 0.1370 1.9970 1.2983 3.2895 0.1554 0.1921 0.3111 0.3671 0.1609 0.1926 0.3679 0.0000 0.0000 
run 2.0000 8.0000 22.0000 4.0000 0.0000 4.0000 3.0000 0.0000 0.0000 0.2500 0.7500 0.0000 0.0000 m 0.1340 1.0000 1.0309 2.0254 0.2500 0.2500 0.2500 0.0000 0.0000 0.0000 0.0000 0.0000 0.0000 
run 2.0000 8.0000 38.0000 9.0000 1.0000 9.0000 8.0000 1.0000 0.0567 0.2506 2.0049 0.0349 0.0588 m 0.1490 2.2549 1.1420 3.3970 0.1982 0.2686 0.1850 0.2343 0.2671 0.2340 0.3702 0.2475 0.0000 
run 2.0000 8.0000 29.0000 6.0000 0.0000 6.0000 5.0000 1.0000 0.0585 0.2496 1.2482 0.0349 0.0588 m 0.1350 1.4982 1.3698 2.8573 0.1653 0.2792 0.2233 0.3196 0.2608 0.0000 0.0000 0.0000 0.0000 
run 2.0000 8.0000 26.0000 5.0000 0.0000 5.0000 4.0000 1.0000 0.0546 0.2512 1.0048 0.0349 0.0588 m 0.1820 1.2548 1.3527 2.5971 0.2570 0.3230 0.2318 0.1931 0.0000 0.0000 0.0000 0.0000 0.0000 
run 2.0000 8.0000 28.0000 6.0000 0.0000 6.0000 5.0000 0.0000 0.0000 0.2500 1.2500 0.0000 0.0000 m 0.1590 1.5000 1.2020 2.6924 0.2500 0.2500 0.2500 0.2500 0.2500 0.0000 0.0000 0.0000 0.0000 
run 2.0000 8.0000 2.0000 4.0000 0.0000 4.0000 3.0000 1.0000 0.0563 0.2514 0.7542 0.0349 0.0588 m 0.1670 1.0042 1.1295 2.1296 0.2161 0.3163 0.2218 0.0000 0.0000 0.0000 0.0000 0.0000 0.0000 
run 2.0000 8.0000 37.0000 9.0000 1.0000 9.0000 8.0000 0.0000 0.0000 0.2500 2.0000 0.0000 0.0000 m 0.1460 2.2500 1.1906 3.4256 0.2500 0.2500 0.2500 0.2500 0.2500 0.2500 0.2500 0.2500 0.0000 
run 2.0000 8.0000 35.0000 8.0000 1.0000 8.0000 7.0000 1.0000 0.0510 0.2503 1.7524 0.0349 0.0588 m 0.1700 2.0024 1.1734 3.1613 0.2617 0.3131 0.2221 0.3083 0.2556 0.1694 0.2221 0.0000 0.0000 
run 2.0000 8.0000 23.0000 4.0000 0.0000 4.0000 3.0000 1.0000 0.0481 0.2493 0.7478 0.0349 0.0588 m 0.1740 0.9978 1.2506 2.2400 0.2079 0.3020 0.2378 0.0000 0.0000 0.0000 0.0000 0.0000 0.0000 
run 2.0000 8.0000 60.0000 9.0000 1.0000 9.0000 8.0000 2.0000 0.0941 0.2501 2.0007 0.0906 0.1145 m 0.1570 2.2507 1.4157 3.6596 0.2677 0.1970 0.3845 0.1880 0.1526 0.3846 0.2704 0.1558 0.0000 
run 2.0000 8.0000 57.0000 8.0000 1.0000 8.0000 7.0000 2.0000 0.0909 0.2506 1.7539 0.0906 0.1145 m 0.1550 2.0039 1.1882 3.1795 0.3525 0.3110 0.1966 0.1669 0.2004 0.3700 0.1565 0.0000 0.0000 
run 2.0000 8.0000 42.0000 10.0000 2.0000 10.0000 9.0000 2.0000 0.0926 0.2500 2.2503 0.0906 0.1145 m 0.1510 2.5003 1.4187 3.9094 0.3212 0.1544 0.1995 0.2573 0.3587 0.1504 0.3908 0.1501 0.2679 
run 2.0000 8.0000 58.0000 9.0000 1.0000 9.0000 8.0000 0.0000 0.0000 0.2500 2.0000 0.0000 0.0000 m 0.2010 2.2500 1.0221 3.2587 0.2500 0.2500 0.2500 0.2500 0.2500 0.2500 0.2500 0.2500 0.0000 
run 2.0000 8.0000 36.0000 8.0000 1.0000 8.0000 7.0000 2.0000 0.0932 0.2493 1.7450 0.0906 0.1145 m 0.1930 1.9950 1.2278 3.2205 0.3991 0.1513 0.1951 0.2451 0.3342 0.2686 0.1516 0.0000 0.0000 
run 2.0000 8.0000 13.0000 8.0000 1.0000 8.0000 7.0000 0.0000 0.0000 0.2500 1.7500 0.0000 0.0000 m 0.1720 2.0000 1.4294 3.4257 0.2500 0.2500 0.2500 0.2500 0.2500 0.2500 0.2500 0.0000 0.0000 
run 2.0000 8.0000 12.0000 7.0000 1.0000 7.0000 6.0000 2.0000 0.0945 0.2492 1.4951 0.0906 0.1145 m 0.1770 1.7451 1.4655 3.2042 0.2507 0.1663 0.3818 0.1611 0.3444 0.1908 0.0000 0.0000 0.0000 
run 2.0000 8.0000 4.0000 5.0000 0.0000 5.0000 4.0000 0.0000 0.0000 0.2500 1.0000 0.0000 0.0000 m 0.1730 1.2500 1.3917 2.6257 0.2500 0.2500 0.2500 0.2500 0.0000 0.0000 0.0000 0.0000 0.0000 
run 2.0000 8.0000 34.0000 8.0000 1.0000 8.0000 7.0000 0.0000 0.0000 0.2500 1.7500 0.0000 0.0000 m 0.1610 2.0000 1.2235 3.2090 0.2500 0.2500 0.2500 0.2500 0.2500 0.2500 0.2500 0.0000 0.0000 
run 2.0000 8.0000 45.0000 4.0000 0.0000 4.0000 3.0000 2.0000 0.1006 0.2495 0.7484 0.0906 0.1145 m 0.1780 0.9984 1.1402 2.1238 0.2116 0.3635 0.1733 0.0000 0.0000 0.0000 0.0000 0.0000 0.0000 
run 2.0000 8.0000 17.0000 9.0000 1.0000 9.0000 8.0000 1.0000 0.0548 0.2504 2.0036 0.0349 0.0588 m 0.1800 2.2536 1.2358 3.4792 0.3073 0.2125 0.2701 0.3133 0.2263 0.2965 0.1596 0.2180 0.0000 
run 2.0000 8.0000 50.0000 6.0000 0.0000 6.0000 5.0000 1.0000 0.0418 0.2506 1.2530 0.0349 0.0588 m 0.1630 1.5030 1.0020 2.4951 0.2807 0.2052 0.2761 0.2047 0.2863 0.0000 0.0000 0.0000 0.0000 
run 2.0000 8.0000 59.0000 9.0000 1.0000 9.0000 8.0000 1.0000 0.0578 0.2505 2.0037 0.0349 0.0588 m 0.1330 2.2537 1.2103 3.4627 0.2707 0.2381 0.1834 0.3513 0.1826 0.2177 0.2606 0.2994 0.0000 
run 2.0000 8.0000 52.0000 7.0000 1.0000 7.0000 6.0000 0.0000 0.0000 0.2500 1.5000 0.0000 0.0000 m 0.2190 1.7500 1.4561 3.1924 0.2500 0.2500 0.2500 0.2500 0.2500 0.2500 0.0000 0.0000 0.0000 
run 2.0000 8.0000 46.0000 5.0000 0.0000 5.0000 4.0000 0.0000 0.0000 0.2500 1.0000 0.0000 0.0000 m 0.1310 1.2500 1.2332 2.4756 0.2500 0.2500 0.2500 0.2500 0.0000 0.0000 0.0000 0.0000 0.0000 
run 2.0000 8.0000 27.0000 5.0000 0.0000 5.0000 4.0000 2.0000 0.1025 0.2509 1.0034 0.0906 0.1145 m 0.1570 1.2534 1.2988 2.5457 0.1826 0.3721 0.2977 0.1510 0.0000 0.0000 0.0000 0.0000 0.0000 
run 2.0000 8.0000 39.0000 9.0000 1.0000 9.0000 8.0000 2.0000 0.0911 0.2503 2.0024 0.0906 0.1145 m 0.1660 2.2524 1.3838 3.6282 0.2103 0.1508 0.3663 0.2026 0.3870 0.3000 0.1537 0.2317 0.0000 
run 2.0000 8.0000 33.0000 7.0000 1.0000 7.0000 6.0000 2.0000 0.1015 0.2504 1.5023 0.0906 0.1145 m 0.2460 1.7523 1.3796 3.1279 0.2128 0.1876 0.1533 0.1924 0.3971 0.3592 0.0000 0.0000 0.0000 
run 2.0000 8.0000 19.0000 10.0000 2.0000 10.0000 9.0000 0.0000 0.0000 0.2500 2.2500 0.0000 0.0000 m 0.1460 2.5000 1.0115 3.5087 0.2500 0.2500 0.2500 0.2500 0.2500 0.2500 0.2500 0.2500 0.2500 
run 2.0000 8.0000 54.0000 7.0000 1.0000 7.0000 6.0000 2.0000 0.0950 0.2499 1.4992 0.0906 0.1145 m 0.1540 1.7492 1.2332 2.9747 0.3152 0.1538 0.3375 0.1855 0.1541 0.3532 0.0000 0.0000 0.0000 
run 2.0000 8.0000 48.0000 5.0000 0.0000 5.0000 4.0000 2.0000 0.0925 0.2504 1.0014 0.0906 0.1145 m 0.1810 1.2514 1.4390 2.6771 0.1583 0.3771 0.2169 0.2492 0.0000 0.0000 0.0000 0.0000 0.0000 
run 2.0000 8.0000 56.0000 8.0000 1.0000 8.0000 7.0000 1.0000 0.0537 0.2494 1.7457 0.0349 0.0588 m 0.2050 1.9957 1.2644 3.2545 0.3082 0.1969 0.3271 0.1977 0.2722 0.2086 0.2350 0.0000 0.0000 
run 2.0000 8.0000 3.0000 4.0000 0.0000 4.0000 3.0000 2.0000 0.0978 0.2484 0.7453 0.0906 0.1145 m 0.1910 0.9953 1.0859 2.0707 0.2152 0.3585 0.1716 0.0000 0.0000 0.0000 0.0000 0.0000 0.0000 
run 2.0000 8.0000 11.0000 7.0000 1.0000 7.0000 6.0000 1.0000 0.0562 0.2492 1.4951 0.0349 0.0588 m 0.1990 1.7451 1.1632 2.9042 0.1539 0.3115 0.2516 0.2923 0.2638 0.2221 0.0000 0.0000 0.0000 
run 2.0000 8.0000 9.0000 6.0000 0.0000 6.0000 5.0000 2.0000 0.0970 0.2509 1.2547 0.0906 0.1145 m 0.1660 1.5047 1.2411 2.7303 0.1719 0.3971 0.3003 0.1730 0.2124 0.0000 0.0000 0.0000 0.0000 
run 2.0000 8.0000 14.0000 8.0000 1.0000 8.0000 7.0000 1.0000 0.0464 0.2500 1.7502 0.0349 0.0588 m 0.1690 2.0002 1.0196 3.0090 0.2409 0.3019 0.1817 0.2816 0.2047 0.2407 0.2987 0.0000 0.0000 
run 2.0000 8.0000 31.0000 7.0000 1.0000 7.0000 6.0000 0.0000 0.0000 0.2500 1.5000 0.0000 0.0000 m 0.1500 1.7500 1.4347 3.1757 0.2500 0.2500 0.2500 0.2500 0.2500 0.2500 0.0000 0.0000 0.0000 
run 2.0000 8.0000 43.0000 4.0000 0.0000 4.0000 3.0000 0.0000 0.0000 0.2500 0.7500 0.0000 0.0000 m 0.1930 1.0000 1.0778 2.0756 0.2500 0.2500 0.2500 0.0000 0.0000 0.0000 0.0000 0.0000 0.0000 
run 2.0000 8.0000 8.0000 6.0000 0.0000 6.0000 5.0000 1.0000 0.0564 0.2500 1.2500 0.0349 0.0588 m 0.1990 1.5000 1.0273 2.5256 0.2358 0.2080 0.2557 0.2064 0.3440 0.0000 0.0000 0.0000 0.0000 
run 2.0000 8.0000 41.0000 10.0000 2.0000 10.0000 9.0000 1.0000 0.0571 0.2500 2.2502 0.0349 0.0588 m 0.2040 2.5002 1.0496 3.5422 0.2493 0.2842 0.3318 0.2754 0.1946 0.2309 0.3160 0.2072 0.1608 
run 2.0000 8.0000 18.0000 9.0000 1.0000 9.0000 8.0000 2.0000 0.0935 0.2497 1.9978 0.0906 0.1145 m 0.2130 2.2478 1.3837 3.6235 0.2748 0.3816 0.1559 0.3893 0.2504 0.1936 0.1548 0.1974 0.0000 
run 2.0000 8.0000 10.0000 7.0000 1.0000 7.0000 6.0000 0.0000 0.0000 0.2500 1.5000 0.0000 0.0000 m 0.2550 1.7500 1.4945 3.2424 0.2500 0.2500 0.2500 0.2500 0.2500 0.2500 0.0000 0.0000 0.0000 
run 2.0000 8.0000 21.0000 10.0000 2.0000 10.0000 9.0000 2.0000 0.0921 0.2498 2.2481 0.0906 0.1145 m 0.1690 2.4981 1.2657 3.7569 0.1521 0.2903 0.2180 0.3834 0.2793 0.1988 0.1563 0.3924 0.1776 
run 2.0000 8.0000 1.0000 4.0000 0.0000 4.0000 3.0000 0.0000 0.0000 0.2500 0.7500 0.0000 0.0000 m 0.1650 1.0000 1.4507 2.4423 0.2500 0.2500 0.2500 0.0000 0.0000 0.0000 0.0000 0.0000 0.0000 
run 2.0000 8.0000 62.0000 10.0000 2.0000 10.0000 9.0000 1.0000 0.0554 0.2498 2.2486 0.0349 0.0588 m 0.1550 2.4986 1.2236 3.7075 0.2756 0.2413 0.1973 0.3153 0.2749 0.1591 0.3112 0.1933 0.2807 
run 2.0000 8.0000 44.0000 4.0000 0.0000 4.0000 3.0000 1.0000 0.0444 0.2498 0.7493 0.0349 0.0588 m 0.1900 0.9993 1.4892 2.4749 0.2174 0.3003 0.2315 0.0000 0.0000 0.0000 0.0000 0.0000 0.0000 
run 2.0000 8.0000 40.0000 10.0000 2.0000 10.0000 9.0000 0.0000 0.0000 0.2500 2.2500 0.0000 0.0000 m 0.1570 2.5000 1.2179 3.7090 0.2500 0.2500 0.2500 0.2500 0.2500 0.2500 0.2500 0.2500 0.2500 
run 2.0000 8.0000 53.0000 7.0000 1.0000 7.0000 6.0000 1.0000 0.0579 0.2507 1.5044 0.0349 0.0588 m 0.1680 1.7544 1.0922 2.8466 0.2332 0.1858 0.3523 0.2577 0.2100 0.2654 0.0000 0.0000 0.0000 
run 2.0000 8.0000 55.0000 8.0000 1.0000 8.0000 7.0000 0.0000 0.0000 0.2500 1.7500 0.0000 0.0000 m 0.1750 2.0000 1.3105 3.3090 0.2500 0.2500 0.2500 0.2500 0.2500 0.2500 0.2500 0.0000 0.0000 
run 2.0000 8.0000 20.0000 10.0000 2.0000 10.0000 9.0000 1.0000 0.0577 0.2501 2.2511 0.0349 0.0588 m 0.1850 2.5011 1.3745 3.8602 0.2713 0.2327 0.1749 0.2453 0.2015 0.2550 0.2917 0.2086 0.3698 
run 2.0000 8.0000 24.0000 4.0000 0.0000 4.0000 3.0000 2.0000 0.1137 0.2515 0.7544 0.0906 0.1145 m 0.2110 1.0044 1.1013 2.0966 0.2054 0.3810 0.1680 0.0000 0.0000 0.0000 0.0000 0.0000 0.0000 
run 2.0000 8.0000 16.0000 9.0000 1.0000 9.0000 8.0000 0.0000 0.0000 0.2500 2.0000 0.0000 0.0000 m 0.1930 2.2500 1.0764 3.3254 0.2500 0.2500 0.2500 0.2500 0.2500 0.2500 0.2500 0.2500 0.0000 
run 2.0000 8.0000 61.0000 10.0000 2.0000 10.0000 9.0000 0.0000 0.0000 0.2500 2.2500 0.0000 0.0000 m 0.1840 2.5000 1.2082 3.6922 0.2500 0.2500 0.2500 0.2500 0.2500 0.2500 0.2500 0.2500 0.2500 
run 2.0000 8.0000 25.0000 5.0000 0.0000 5.0000 4.0000 0.0000 0.0000 0.2500 1.0000 0.0000 0.0000 m 0.1670 1.2500 1.1087 2.3588 0.2500 0.2500 0.2500 0.2500 0.0000 0.0000 0.0000 0.0000 0.0000 
run 2.0000 8.0000 47.0000 5.0000 0.0000 5.0000 4.0000 1.0000 0.0556 0.2511 1.0046 0.0349 0.0588 m 0.1850 1.2546 1.4277 2.6803 0.2239 0.2980 0.1860 0.2967 0.0000 0.0000 0.0000 0.0000 0.0000 
run 2.0000 8.0000 51.0000 6.0000 0.0000 6.0000 5.0000 2.0000 0.0961 0.2499 1.2493 0.0906 0.1145 m 0.1860 1.4993 1.4083 2.8917 0.2203 0.3610 0.1552 0.3421 0.1707 0.0000 0.0000 0.0000 0.0000 
run 2.0000 8.0000 7.0000 6.0000 0.0000 6.0000 5.0000 0.0000 0.0000 0.2500 1.2500 0.0000 0.0000 m 0.2020 1.5000 1.3882 2.8757 0.2500 0.2500 0.2500 0.2500 0.2500 0.0000 0.0000 0.0000 0.0000 
run 2.0000 8.0000 32.0000 7.0000 1.0000 7.0000 6.0000 1.0000 0.0573 0.2507 1.5042 0.0349 0.0588 m 0.1870 1.7542 1.4916 3.2299 0.2951 0.2189 0.3369 0.2128 0.2572 0.1833 0.0000 0.0000 0.0000 
run 2.0000 8.0000 63.0000 10.0000 2.0000 10.0000 9.0000 2.0000 0.0968 0.2502 2.2516 0.0906 0.1145 m 0.1930 2.5016 1.3989 3.8939 0.1557 0.3494 0.3949 0.1714 0.2837 0.3568 0.2100 0.1792 0.1505 
