group subNo block index seqDur shortLong nTargets nIOI rhythmicVarTAG seqSTD seqMeanIOI seqSumIOI Lowbound Upbound pressedKey rt seqDuration startInterval trialDuration IOI1 IOI2 IOI3 IOI4 IOI5 IOI6 IOI7 IOI8 IOI9 
main 2.0000 1.0000 20.0000 10.0000 2.0000 10.0000 9.0000 1.0000 0.0507 0.2505 2.2548 0.0349 0.0588 b 0.1570 2.5048 1.2950 3.7972 0.2786 0.2108 0.2509 0.1712 0.2710 0.1995 0.2559 0.3410 0.2760 
main 2.0000 1.0000 53.0000 7.0000 1.0000 7.0000 6.0000 1.0000 0.0430 0.2500 1.4998 0.0349 0.0588 b 0.1870 1.7498 1.4631 3.2087 0.2614 0.2885 0.1856 0.2131 0.2957 0.2554 0.0000 0.0000 0.0000 
main 2.0000 1.0000 51.0000 6.0000 0.0000 6.0000 5.0000 2.0000 0.1026 0.2499 1.2493 0.0906 0.1145 b 0.1710 1.4993 1.1824 2.6749 0.1874 0.1574 0.3738 0.1821 0.3485 0.0000 0.0000 0.0000 0.0000 
main 2.0000 1.0000 44.0000 4.0000 0.0000 4.0000 3.0000 1.0000 0.0388 0.2499 0.7497 0.0349 0.0588 b 0.1710 0.9997 1.1180 2.1084 0.2617 0.2066 0.2814 0.0000 0.0000 0.0000 0.0000 0.0000 0.0000 
main 2.0000 1.0000 35.0000 8.0000 1.0000 8.0000 7.0000 1.0000 0.0556 0.2501 1.7508 0.0349 0.0588 b 0.1400 2.0008 1.0132 3.0263 0.2650 0.1619 0.3202 0.2539 0.2056 0.2354 0.3088 0.0000 0.0000 
main 2.0000 1.0000 13.0000 8.0000 1.0000 8.0000 7.0000 0.0000 0.0000 0.2500 1.7500 0.0000 0.0000 b 0.1510 2.0000 1.4192 3.4258 0.2500 0.2500 0.2500 0.2500 0.2500 0.2500 0.2500 0.0000 0.0000 
main 2.0000 1.0000 11.0000 7.0000 1.0000 7.0000 6.0000 1.0000 0.0518 0.2499 1.4997 0.0349 0.0588 b 0.1440 1.7497 1.0961 2.8585 0.2531 0.1863 0.2496 0.3289 0.2791 0.2026 0.0000 0.0000 0.0000 
main 2.0000 1.0000 24.0000 4.0000 0.0000 4.0000 3.0000 2.0000 0.0956 0.2499 0.7498 0.0906 0.1145 b 0.2110 0.9998 1.2855 2.2920 0.3560 0.2231 0.1707 0.0000 0.0000 0.0000 0.0000 0.0000 0.0000 
main 2.0000 1.0000 4.0000 5.0000 0.0000 5.0000 4.0000 0.0000 0.0000 0.2500 1.0000 0.0000 0.0000 b 0.1300 1.2500 1.4148 2.6758 0.2500 0.2500 0.2500 0.2500 0.0000 0.0000 0.0000 0.0000 0.0000 
main 2.0000 1.0000 40.0000 10.0000 2.0000 10.0000 9.0000 0.0000 0.0000 0.2500 2.2500 0.0000 0.0000 b 0.1140 2.5000 1.4636 3.9590 0.2500 0.2500 0.2500 0.2500 0.2500 0.2500 0.2500 0.2500 0.2500 
main 2.0000 1.0000 33.0000 7.0000 1.0000 7.0000 6.0000 2.0000 0.0956 0.2499 1.4996 0.0906 0.1145 b 0.1590 1.7496 1.4301 3.1753 0.1845 0.1594 0.3953 0.3011 0.1638 0.2954 0.0000 0.0000 0.0000 
main 2.0000 1.0000 17.0000 9.0000 1.0000 9.0000 8.0000 1.0000 0.0491 0.2498 1.9982 0.0349 0.0588 b 0.1730 2.2482 1.0835 3.3404 0.2797 0.2393 0.1840 0.2605 0.1798 0.3164 0.2435 0.2950 0.0000 
main 2.0000 1.0000 8.0000 6.0000 0.0000 6.0000 5.0000 1.0000 0.0526 0.2494 1.2468 0.0349 0.0588 b 0.2070 1.4968 1.3468 2.8391 0.2775 0.3129 0.2103 0.1822 0.2639 0.0000 0.0000 0.0000 0.0000 
main 2.0000 1.0000 57.0000 8.0000 1.0000 8.0000 7.0000 2.0000 0.0945 0.2500 1.7500 0.0906 0.1145 b 0.1450 2.0000 1.4142 3.4090 0.1566 0.2241 0.3524 0.1932 0.1576 0.3969 0.2693 0.0000 0.0000 
main 2.0000 1.0000 19.0000 10.0000 2.0000 10.0000 9.0000 0.0000 0.0000 0.2500 2.2500 0.0000 0.0000 b 0.1380 2.5000 1.3719 3.8756 0.2500 0.2500 0.2500 0.2500 0.2500 0.2500 0.2500 0.2500 0.2500 
main 2.0000 1.0000 54.0000 7.0000 1.0000 7.0000 6.0000 2.0000 0.0918 0.2501 1.5004 0.0906 0.1145 b 0.1600 1.7504 1.2423 2.9926 0.3466 0.2390 0.1501 0.3645 0.2481 0.1520 0.0000 0.0000 0.0000 
main 2.0000 1.0000 7.0000 6.0000 0.0000 6.0000 5.0000 0.0000 0.0000 0.2500 1.2500 0.0000 0.0000 b 0.1680 1.5000 1.2263 2.7257 0.2500 0.2500 0.2500 0.2500 0.2500 0.0000 0.0000 0.0000 0.0000 
main 2.0000 1.0000 21.0000 10.0000 2.0000 10.0000 9.0000 2.0000 0.0908 0.2498 2.2485 0.0906 0.1145 b 0.1500 2.4985 1.0726 3.5574 0.1561 0.3538 0.1649 0.3716 0.1883 0.2695 0.1534 0.2376 0.3533 
main 2.0000 1.0000 36.0000 8.0000 1.0000 8.0000 7.0000 2.0000 0.0940 0.2493 1.7450 0.0906 0.1145 b 0.1970 1.9950 1.1117 3.1038 0.1531 0.3713 0.1858 0.3096 0.2016 0.3583 0.1654 0.0000 0.0000 
main 2.0000 1.0000 31.0000 7.0000 1.0000 7.0000 6.0000 0.0000 0.0000 0.2500 1.5000 0.0000 0.0000 b 0.1520 1.7500 1.0284 2.7922 0.2500 0.2500 0.2500 0.2500 0.2500 0.2500 0.0000 0.0000 0.0000 
main 2.0000 1.0000 37.0000 9.0000 1.0000 9.0000 8.0000 0.0000 0.0000 0.2500 2.0000 0.0000 0.0000 b 0.1450 2.2500 1.2162 3.4756 0.2500 0.2500 0.2500 0.2500 0.2500 0.2500 0.2500 0.2500 0.0000 
main 2.0000 1.0000 14.0000 8.0000 1.0000 8.0000 7.0000 1.0000 0.0461 0.2502 1.7513 0.0349 0.0588 b 0.1690 2.0013 1.3019 3.3104 0.1996 0.2972 0.2443 0.2728 0.2405 0.3089 0.1879 0.0000 0.0000 
main 2.0000 1.0000 18.0000 9.0000 1.0000 9.0000 8.0000 2.0000 0.0938 0.2503 2.0024 0.0906 0.1145 b 0.1670 2.2524 1.4800 3.7449 0.3070 0.1656 0.2577 0.1954 0.1650 0.3705 0.1576 0.3835 0.0000 
main 2.0000 1.0000 38.0000 9.0000 1.0000 9.0000 8.0000 1.0000 0.0443 0.2498 1.9982 0.0349 0.0588 b 0.1600 2.2482 1.3801 3.6237 0.2030 0.2305 0.2988 0.2275 0.3031 0.2682 0.1859 0.2812 0.0000 
main 2.0000 1.0000 22.0000 4.0000 0.0000 4.0000 3.0000 0.0000 0.0000 0.2500 0.7500 0.0000 0.0000 b 0.2400 1.0000 1.3247 2.3256 0.2500 0.2500 0.2500 0.0000 0.0000 0.0000 0.0000 0.0000 0.0000 
main 2.0000 1.0000 3.0000 4.0000 0.0000 4.0000 3.0000 2.0000 0.1089 0.2509 0.7526 0.0906 0.1145 b 0.1850 1.0026 1.4422 2.4450 0.2211 0.3716 0.1600 0.0000 0.0000 0.0000 0.0000 0.0000 0.0000 
main 2.0000 1.0000 63.0000 10.0000 2.0000 10.0000 9.0000 2.0000 0.0907 0.2501 2.2505 0.0906 0.1145 b 0.1490 2.5005 1.3962 3.8929 0.2139 0.3393 0.2417 0.1525 0.2387 0.1665 0.3865 0.3586 0.1529 
main 2.0000 1.0000 61.0000 10.0000 2.0000 10.0000 9.0000 0.0000 0.0000 0.2500 2.2500 0.0000 0.0000 b 0.1410 2.5000 1.4066 3.9090 0.2500 0.2500 0.2500 0.2500 0.2500 0.2500 0.2500 0.2500 0.2500 
main 2.0000 1.0000 55.0000 8.0000 1.0000 8.0000 7.0000 0.0000 0.0000 0.2500 1.7500 0.0000 0.0000 b 0.1620 2.0000 1.4033 3.4091 0.2500 0.2500 0.2500 0.2500 0.2500 0.2500 0.2500 0.0000 0.0000 
main 2.0000 1.0000 62.0000 10.0000 2.0000 10.0000 9.0000 1.0000 0.0544 0.2500 2.2503 0.0349 0.0588 b 0.1610 2.5003 1.1974 3.6926 0.2700 0.3367 0.1931 0.2781 0.3061 0.2003 0.2658 0.2209 0.1794 
main 2.0000 1.0000 42.0000 10.0000 2.0000 10.0000 9.0000 2.0000 0.0949 0.2504 2.2539 0.0906 0.1145 b 0.1670 2.5039 1.1191 3.6126 0.3912 0.3368 0.1626 0.2103 0.1532 0.3040 0.1817 0.3527 0.1614 
main 2.0000 1.0000 45.0000 4.0000 0.0000 4.0000 3.0000 2.0000 0.1047 0.2516 0.7547 0.0906 0.1145 b 0.2170 1.0047 1.0866 2.0802 0.2070 0.1765 0.3712 0.0000 0.0000 0.0000 0.0000 0.0000 0.0000 
main 2.0000 1.0000 12.0000 7.0000 1.0000 7.0000 6.0000 2.0000 0.0951 0.2498 1.4987 0.0906 0.1145 b 0.1510 1.7487 1.3398 3.0743 0.1834 0.3824 0.2612 0.1596 0.3424 0.1698 0.0000 0.0000 0.0000 
main 2.0000 1.0000 60.0000 9.0000 1.0000 9.0000 8.0000 2.0000 0.0978 0.2502 2.0012 0.0906 0.1145 b 0.1310 2.2512 1.3512 3.5935 0.3713 0.1937 0.1544 0.2746 0.1535 0.2853 0.1691 0.3992 0.0000 
main 2.0000 1.0000 1.0000 4.0000 0.0000 4.0000 3.0000 0.0000 0.0000 0.2500 0.7500 0.0000 0.0000 b 0.2480 1.0000 1.3644 2.3756 0.2500 0.2500 0.2500 0.0000 0.0000 0.0000 0.0000 0.0000 0.0000 
main 2.0000 1.0000 27.0000 5.0000 0.0000 5.0000 4.0000 2.0000 0.0935 0.2500 1.0000 0.0906 0.1145 b 0.1980 1.2500 1.4168 2.6757 0.1623 0.2079 0.3795 0.2502 0.0000 0.0000 0.0000 0.0000 0.0000 
main 2.0000 1.0000 10.0000 7.0000 1.0000 7.0000 6.0000 0.0000 0.0000 0.2500 1.5000 0.0000 0.0000 b 0.1540 1.7500 1.1959 2.9588 0.2500 0.2500 0.2500 0.2500 0.2500 0.2500 0.0000 0.0000 0.0000 
main 2.0000 1.0000 52.0000 7.0000 1.0000 7.0000 6.0000 0.0000 0.0000 0.2500 1.5000 0.0000 0.0000 b 0.1300 1.7500 1.3795 3.1423 0.2500 0.2500 0.2500 0.2500 0.2500 0.2500 0.0000 0.0000 0.0000 
main 2.0000 1.0000 29.0000 6.0000 0.0000 6.0000 5.0000 1.0000 0.0502 0.2494 1.2472 0.0349 0.0588 b 0.1240 1.4972 1.3582 2.8561 0.2192 0.2828 0.1810 0.2570 0.3072 0.0000 0.0000 0.0000 0.0000 
main 2.0000 1.0000 30.0000 6.0000 0.0000 6.0000 5.0000 2.0000 0.1108 0.2491 1.2457 0.0906 0.1145 b 0.1520 1.4957 1.3016 2.8047 0.1547 0.3540 0.1836 0.3848 0.1686 0.0000 0.0000 0.0000 0.0000 
main 2.0000 1.0000 43.0000 4.0000 0.0000 4.0000 3.0000 0.0000 0.0000 0.2500 0.7500 0.0000 0.0000 b 0.1940 1.0000 1.1221 2.1256 0.2500 0.2500 0.2500 0.0000 0.0000 0.0000 0.0000 0.0000 0.0000 
main 2.0000 1.0000 49.0000 6.0000 0.0000 6.0000 5.0000 0.0000 0.0000 0.2500 1.2500 0.0000 0.0000 b 0.1410 1.5000 1.0946 2.5923 0.2500 0.2500 0.2500 0.2500 0.2500 0.0000 0.0000 0.0000 0.0000 
main 2.0000 1.0000 47.0000 5.0000 0.0000 5.0000 4.0000 1.0000 0.0519 0.2498 0.9992 0.0349 0.0588 b 0.1620 1.2492 1.1520 2.4081 0.3022 0.1959 0.2854 0.2158 0.0000 0.0000 0.0000 0.0000 0.0000 
main 2.0000 1.0000 32.0000 7.0000 1.0000 7.0000 6.0000 1.0000 0.0572 0.2503 1.5018 0.0349 0.0588 b 0.1520 1.7518 1.4346 3.1776 0.2245 0.2913 0.1914 0.3010 0.1837 0.3098 0.0000 0.0000 0.0000 
main 2.0000 1.0000 23.0000 4.0000 0.0000 4.0000 3.0000 1.0000 0.0380 0.2491 0.7473 0.0349 0.0588 b 0.2070 0.9973 1.3607 2.3563 0.2083 0.2835 0.2555 0.0000 0.0000 0.0000 0.0000 0.0000 0.0000 
main 2.0000 1.0000 58.0000 9.0000 1.0000 9.0000 8.0000 0.0000 0.0000 0.2500 2.0000 0.0000 0.0000 b 0.1160 2.2500 1.1151 3.3589 0.2500 0.2500 0.2500 0.2500 0.2500 0.2500 0.2500 0.2500 0.0000 
main 2.0000 1.0000 39.0000 9.0000 1.0000 9.0000 8.0000 2.0000 0.0992 0.2497 1.9975 0.0906 0.1145 b 0.3170 2.2475 1.2865 3.5232 0.1747 0.3162 0.1882 0.3999 0.1599 0.2106 0.1697 0.3782 0.0000 
main 2.0000 1.0000 28.0000 6.0000 0.0000 6.0000 5.0000 0.0000 0.0000 0.2500 1.2500 0.0000 0.0000 b 0.1860 1.5000 1.3532 2.8423 0.2500 0.2500 0.2500 0.2500 0.2500 0.0000 0.0000 0.0000 0.0000 
main 2.0000 1.0000 2.0000 4.0000 0.0000 4.0000 3.0000 1.0000 0.0537 0.2508 0.7525 0.0349 0.0588 b 0.2090 1.0025 1.3153 2.3114 0.2410 0.3088 0.2027 0.0000 0.0000 0.0000 0.0000 0.0000 0.0000 
main 2.0000 1.0000 15.0000 8.0000 1.0000 8.0000 7.0000 2.0000 0.0979 0.2503 1.7524 0.0906 0.1145 b 0.1580 2.0024 1.3831 3.3779 0.1665 0.2003 0.3985 0.3694 0.2657 0.1600 0.1920 0.0000 0.0000 
main 2.0000 1.0000 46.0000 5.0000 0.0000 5.0000 4.0000 0.0000 0.0000 0.2500 1.0000 0.0000 0.0000 b 0.1440 1.2500 1.2032 2.4589 0.2500 0.2500 0.2500 0.2500 0.0000 0.0000 0.0000 0.0000 0.0000 
main 2.0000 1.0000 50.0000 6.0000 0.0000 6.0000 5.0000 1.0000 0.0582 0.2501 1.2506 0.0349 0.0588 b 0.1250 1.5006 1.2425 2.7428 0.1759 0.2789 0.3138 0.2797 0.2023 0.0000 0.0000 0.0000 0.0000 
main 2.0000 1.0000 48.0000 5.0000 0.0000 5.0000 4.0000 2.0000 0.1064 0.2498 0.9992 0.0906 0.1145 b 0.1950 1.2492 1.1462 2.4081 0.3272 0.1576 0.3555 0.1588 0.0000 0.0000 0.0000 0.0000 0.0000 
main 2.0000 1.0000 26.0000 5.0000 0.0000 5.0000 4.0000 1.0000 0.0570 0.2510 1.0042 0.0349 0.0588 b 0.1840 1.2542 1.4736 2.7298 0.3100 0.2831 0.2288 0.1822 0.0000 0.0000 0.0000 0.0000 0.0000 
main 2.0000 1.0000 5.0000 5.0000 0.0000 5.0000 4.0000 1.0000 0.0497 0.2506 1.0024 0.0349 0.0588 b 0.1760 1.2524 1.2588 2.5112 0.2686 0.1962 0.3105 0.2271 0.0000 0.0000 0.0000 0.0000 0.0000 
main 2.0000 1.0000 16.0000 9.0000 1.0000 9.0000 8.0000 0.0000 0.0000 0.2500 2.0000 0.0000 0.0000 b 0.1510 2.2500 1.2805 3.5424 0.2500 0.2500 0.2500 0.2500 0.2500 0.2500 0.2500 0.2500 0.0000 
main 2.0000 1.0000 56.0000 8.0000 1.0000 8.0000 7.0000 1.0000 0.0565 0.2500 1.7500 0.0349 0.0588 b 0.1180 2.0000 1.0835 3.0922 0.1671 0.2604 0.2919 0.1847 0.2753 0.3242 0.2464 0.0000 0.0000 
main 2.0000 1.0000 6.0000 5.0000 0.0000 5.0000 4.0000 2.0000 0.0927 0.2496 0.9985 0.0906 0.1145 b 0.1900 1.2485 1.3276 2.5740 0.2604 0.1546 0.3727 0.2108 0.0000 0.0000 0.0000 0.0000 0.0000 
main 2.0000 1.0000 34.0000 8.0000 1.0000 8.0000 7.0000 0.0000 0.0000 0.2500 1.7500 0.0000 0.0000 b 0.1310 2.0000 1.3468 3.3422 0.2500 0.2500 0.2500 0.2500 0.2500 0.2500 0.2500 0.0000 0.0000 
main 2.0000 1.0000 25.0000 5.0000 0.0000 5.0000 4.0000 0.0000 0.0000 0.2500 1.0000 0.0000 0.0000 b 0.1720 1.2500 1.4648 2.7090 0.2500 0.2500 0.2500 0.2500 0.0000 0.0000 0.0000 0.0000 0.0000 
main 2.0000 1.0000 59.0000 9.0000 1.0000 9.0000 8.0000 1.0000 0.0556 0.2496 1.9966 0.0349 0.0588 b 0.1400 2.2466 1.2502 3.4887 0.2320 0.1925 0.2566 0.2919 0.2392 0.3439 0.2727 0.1677 0.0000 
main 2.0000 1.0000 9.0000 6.0000 0.0000 6.0000 5.0000 2.0000 0.0937 0.2505 1.2524 0.0906 0.1145 b 0.1770 1.5024 1.4943 2.9947 0.1658 0.3845 0.2130 0.1792 0.3100 0.0000 0.0000 0.0000 0.0000 
main 2.0000 1.0000 41.0000 10.0000 2.0000 10.0000 9.0000 1.0000 0.0539 0.2505 2.2542 0.0349 0.0588 b 0.1140 2.5042 1.3967 3.8965 0.2939 0.1980 0.3078 0.2146 0.3352 0.1811 0.2437 0.2697 0.2100 
main 2.0000 2.0000 40.0000 10.0000 2.0000 10.0000 9.0000 0.0000 0.0000 0.2500 2.2500 0.0000 0.0000 b 0.1760 2.5000 1.4080 3.9090 0.2500 0.2500 0.2500 0.2500 0.2500 0.2500 0.2500 0.2500 0.2500 
main 2.0000 2.0000 44.0000 4.0000 0.0000 4.0000 3.0000 1.0000 0.0510 0.2486 0.7458 0.0349 0.0588 b 0.2650 0.9958 1.2307 2.2382 0.2945 0.2577 0.1936 0.0000 0.0000 0.0000 0.0000 0.0000 0.0000 
main 2.0000 2.0000 11.0000 7.0000 1.0000 7.0000 6.0000 1.0000 0.0436 0.2494 1.4963 0.0349 0.0588 b 0.1440 1.7463 1.0317 2.7884 0.2097 0.2506 0.1983 0.2428 0.2791 0.3157 0.0000 0.0000 0.0000 
main 2.0000 2.0000 53.0000 7.0000 1.0000 7.0000 6.0000 1.0000 0.0397 0.2495 1.4968 0.0349 0.0588 b 0.1280 1.7468 1.3696 3.1224 0.2510 0.2882 0.2268 0.2962 0.1889 0.2458 0.0000 0.0000 0.0000 
main 2.0000 2.0000 1.0000 4.0000 0.0000 4.0000 3.0000 0.0000 0.0000 0.2500 0.7500 0.0000 0.0000 b 0.1910 1.0000 1.1916 2.1921 0.2500 0.2500 0.2500 0.0000 0.0000 0.0000 0.0000 0.0000 0.0000 
main 2.0000 2.0000 22.0000 4.0000 0.0000 4.0000 3.0000 0.0000 0.0000 0.2500 0.7500 0.0000 0.0000 b 0.1760 1.0000 1.4757 2.4756 0.2500 0.2500 0.2500 0.0000 0.0000 0.0000 0.0000 0.0000 0.0000 
main 2.0000 2.0000 31.0000 7.0000 1.0000 7.0000 6.0000 0.0000 0.0000 0.2500 1.5000 0.0000 0.0000 b 0.1600 1.7500 1.1569 2.9088 0.2500 0.2500 0.2500 0.2500 0.2500 0.2500 0.0000 0.0000 0.0000 
main 2.0000 2.0000 36.0000 8.0000 1.0000 8.0000 7.0000 2.0000 0.0913 0.2499 1.7493 0.0906 0.1145 b 0.1500 1.9993 1.3193 3.3249 0.1948 0.3532 0.3943 0.2583 0.2141 0.1518 0.1828 0.0000 0.0000 
main 2.0000 2.0000 55.0000 8.0000 1.0000 8.0000 7.0000 0.0000 0.0000 0.2500 1.7500 0.0000 0.0000 b 0.1580 2.0000 1.1218 3.1255 0.2500 0.2500 0.2500 0.2500 0.2500 0.2500 0.2500 0.0000 0.0000 
main 2.0000 2.0000 16.0000 9.0000 1.0000 9.0000 8.0000 0.0000 0.0000 0.2500 2.0000 0.0000 0.0000 b 0.1470 2.2500 1.3326 3.5757 0.2500 0.2500 0.2500 0.2500 0.2500 0.2500 0.2500 0.2500 0.0000 
main 2.0000 2.0000 12.0000 7.0000 1.0000 7.0000 6.0000 2.0000 0.1046 0.2503 1.5016 0.0906 0.1145 b 0.1470 1.7516 1.3656 3.1104 0.3634 0.3974 0.1610 0.2258 0.1986 0.1554 0.0000 0.0000 0.0000 
main 2.0000 2.0000 61.0000 10.0000 2.0000 10.0000 9.0000 0.0000 0.0000 0.2500 2.2500 0.0000 0.0000 b 0.1690 2.5000 1.3108 3.8090 0.2500 0.2500 0.2500 0.2500 0.2500 0.2500 0.2500 0.2500 0.2500 
main 2.0000 2.0000 49.0000 6.0000 0.0000 6.0000 5.0000 0.0000 0.0000 0.2500 1.2500 0.0000 0.0000 b 0.1570 1.5000 1.2784 2.7755 0.2500 0.2500 0.2500 0.2500 0.2500 0.0000 0.0000 0.0000 0.0000 
main 2.0000 2.0000 34.0000 8.0000 1.0000 8.0000 7.0000 0.0000 0.0000 0.2500 1.7500 0.0000 0.0000 b 0.1430 2.0000 1.2714 3.2590 0.2500 0.2500 0.2500 0.2500 0.2500 0.2500 0.2500 0.0000 0.0000 
main 2.0000 2.0000 59.0000 9.0000 1.0000 9.0000 8.0000 1.0000 0.0454 0.2496 1.9971 0.0349 0.0588 b 0.1370 2.2471 1.4659 3.7060 0.1923 0.2374 0.2940 0.2536 0.3081 0.2220 0.2939 0.1959 0.0000 
main 2.0000 2.0000 46.0000 5.0000 0.0000 5.0000 4.0000 0.0000 0.0000 0.2500 1.0000 0.0000 0.0000 b 0.1650 1.2500 1.0398 2.2922 0.2500 0.2500 0.2500 0.2500 0.0000 0.0000 0.0000 0.0000 0.0000 
main 2.0000 2.0000 51.0000 6.0000 0.0000 6.0000 5.0000 2.0000 0.1072 0.2504 1.2521 0.0906 0.1145 b 0.1460 1.5021 1.2021 2.7110 0.1891 0.1585 0.3993 0.3286 0.1766 0.0000 0.0000 0.0000 0.0000 
main 2.0000 2.0000 18.0000 9.0000 1.0000 9.0000 8.0000 2.0000 0.0928 0.2496 1.9965 0.0906 0.1145 b 0.1730 2.2465 1.1650 3.4221 0.3323 0.1860 0.1557 0.3834 0.1620 0.1873 0.3544 0.2354 0.0000 
main 2.0000 2.0000 42.0000 10.0000 2.0000 10.0000 9.0000 2.0000 0.0910 0.2495 2.2457 0.0906 0.1145 b 0.1580 2.4957 1.1079 3.6046 0.1578 0.3460 0.1743 0.2260 0.2855 0.1794 0.3349 0.3890 0.1528 
main 2.0000 2.0000 6.0000 5.0000 0.0000 5.0000 4.0000 2.0000 0.0950 0.2493 0.9973 0.0906 0.1145 b 0.2260 1.2473 1.3322 2.5897 0.3406 0.1518 0.1847 0.3202 0.0000 0.0000 0.0000 0.0000 0.0000 
main 2.0000 2.0000 26.0000 5.0000 0.0000 5.0000 4.0000 1.0000 0.0497 0.2498 0.9990 0.0349 0.0588 b 0.1830 1.2490 1.0774 2.3245 0.3184 0.2497 0.2022 0.2288 0.0000 0.0000 0.0000 0.0000 0.0000 
main 2.0000 2.0000 41.0000 10.0000 2.0000 10.0000 9.0000 1.0000 0.0580 0.2502 2.2518 0.0349 0.0588 b 0.1610 2.5018 1.3609 3.8607 0.2655 0.1960 0.2840 0.3498 0.2671 0.2242 0.2962 0.2064 0.1627 
main 2.0000 2.0000 52.0000 7.0000 1.0000 7.0000 6.0000 0.0000 0.0000 0.2500 1.5000 0.0000 0.0000 b 0.1540 1.7500 1.2761 3.0256 0.2500 0.2500 0.2500 0.2500 0.2500 0.2500 0.0000 0.0000 0.0000 
main 2.0000 2.0000 20.0000 10.0000 2.0000 10.0000 9.0000 1.0000 0.0539 0.2504 2.2539 0.0349 0.0588 b 0.1460 2.5039 1.4582 3.9630 0.1645 0.3074 0.2332 0.2053 0.3061 0.2427 0.2686 0.3200 0.2061 
main 2.0000 2.0000 17.0000 9.0000 1.0000 9.0000 8.0000 1.0000 0.0554 0.2502 2.0016 0.0349 0.0588 b 0.1290 2.2516 1.0348 3.2772 0.2755 0.1902 0.2305 0.3398 0.2867 0.2088 0.2869 0.1833 0.0000 
main 2.0000 2.0000 48.0000 5.0000 0.0000 5.0000 4.0000 2.0000 0.1044 0.2494 0.9976 0.0906 0.1145 b 0.2040 1.2476 1.0683 2.3065 0.1826 0.1564 0.3876 0.2710 0.0000 0.0000 0.0000 0.0000 0.0000 
main 2.0000 2.0000 32.0000 7.0000 1.0000 7.0000 6.0000 1.0000 0.0454 0.2503 1.5020 0.0349 0.0588 b 0.1500 1.7520 1.4410 3.1943 0.2671 0.2080 0.2925 0.2526 0.1848 0.2969 0.0000 0.0000 0.0000 
main 2.0000 2.0000 2.0000 4.0000 0.0000 4.0000 3.0000 1.0000 0.0542 0.2484 0.7453 0.0349 0.0588 b 0.2520 0.9953 1.2122 2.2041 0.2428 0.3052 0.1973 0.0000 0.0000 0.0000 0.0000 0.0000 0.0000 
main 2.0000 2.0000 57.0000 8.0000 1.0000 8.0000 7.0000 2.0000 0.1034 0.2494 1.7456 0.0906 0.1145 b 0.1700 1.9956 1.0880 3.0709 0.3943 0.1881 0.1601 0.2077 0.2446 0.3943 0.1566 0.0000 0.0000 
main 2.0000 2.0000 56.0000 8.0000 1.0000 8.0000 7.0000 1.0000 0.0546 0.2493 1.7453 0.0349 0.0588 b 0.1860 1.9953 1.1213 3.1042 0.2843 0.2145 0.1662 0.2532 0.2126 0.2917 0.3227 0.0000 0.0000 
main 2.0000 2.0000 14.0000 8.0000 1.0000 8.0000 7.0000 1.0000 0.0438 0.2503 1.7524 0.0349 0.0588 b 0.1420 2.0024 1.3944 3.3947 0.2631 0.2882 0.3194 0.2230 0.1915 0.2475 0.2197 0.0000 0.0000 
main 2.0000 2.0000 39.0000 9.0000 1.0000 9.0000 8.0000 2.0000 0.0937 0.2498 1.9985 0.0906 0.1145 b 0.1320 2.2485 1.4515 3.7075 0.1501 0.2715 0.2069 0.3829 0.2011 0.3978 0.2170 0.1711 0.0000 
main 2.0000 2.0000 8.0000 6.0000 0.0000 6.0000 5.0000 1.0000 0.0503 0.2494 1.2468 0.0349 0.0588 b 0.1710 1.4968 1.0732 2.5724 0.2706 0.2379 0.3222 0.1877 0.2284 0.0000 0.0000 0.0000 0.0000 
main 2.0000 2.0000 13.0000 8.0000 1.0000 8.0000 7.0000 0.0000 0.0000 0.2500 1.7500 0.0000 0.0000 b 0.1250 2.0000 1.0264 3.0254 0.2500 0.2500 0.2500 0.2500 0.2500 0.2500 0.2500 0.0000 0.0000 
main 2.0000 2.0000 4.0000 5.0000 0.0000 5.0000 4.0000 0.0000 0.0000 0.2500 1.0000 0.0000 0.0000 b 0.1710 1.2500 1.3632 2.6257 0.2500 0.2500 0.2500 0.2500 0.0000 0.0000 0.0000 0.0000 0.0000 
main 2.0000 2.0000 35.0000 8.0000 1.0000 8.0000 7.0000 1.0000 0.0478 0.2494 1.7461 0.0349 0.0588 b 0.1370 1.9961 1.1114 3.1049 0.3200 0.2442 0.2975 0.2015 0.2522 0.1856 0.2450 0.0000 0.0000 
main 2.0000 2.0000 37.0000 9.0000 1.0000 9.0000 8.0000 0.0000 0.0000 0.2500 2.0000 0.0000 0.0000 b 0.1250 2.2500 1.1446 3.3922 0.2500 0.2500 0.2500 0.2500 0.2500 0.2500 0.2500 0.2500 0.0000 
main 2.0000 2.0000 60.0000 9.0000 1.0000 9.0000 8.0000 2.0000 0.0948 0.2505 2.0041 0.0906 0.1145 b 0.1740 2.2541 1.2395 3.4965 0.1535 0.1912 0.1624 0.2910 0.3988 0.1754 0.3626 0.2691 0.0000 
main 2.0000 2.0000 9.0000 6.0000 0.0000 6.0000 5.0000 2.0000 0.0910 0.2496 1.2481 0.0906 0.1145 b 0.1990 1.4981 1.3614 2.8571 0.1744 0.2326 0.3187 0.1560 0.3665 0.0000 0.0000 0.0000 0.0000 
main 2.0000 2.0000 38.0000 9.0000 1.0000 9.0000 8.0000 1.0000 0.0526 0.2501 2.0006 0.0349 0.0588 b 0.1540 2.2506 1.1609 3.4094 0.1983 0.3319 0.2074 0.3093 0.2413 0.1909 0.2814 0.2401 0.0000 
main 2.0000 2.0000 33.0000 7.0000 1.0000 7.0000 6.0000 2.0000 0.1002 0.2503 1.5018 0.0906 0.1145 b 0.1730 1.7518 1.4770 3.2275 0.1890 0.3820 0.1791 0.3711 0.1568 0.2239 0.0000 0.0000 0.0000 
main 2.0000 2.0000 27.0000 5.0000 0.0000 5.0000 4.0000 2.0000 0.0950 0.2494 0.9974 0.0906 0.1145 b 0.1690 1.2474 1.3880 2.6398 0.3097 0.1845 0.3496 0.1536 0.0000 0.0000 0.0000 0.0000 0.0000 
main 2.0000 2.0000 58.0000 9.0000 1.0000 9.0000 8.0000 0.0000 0.0000 0.2500 2.0000 0.0000 0.0000 b 0.1330 2.2500 1.1290 3.3755 0.2500 0.2500 0.2500 0.2500 0.2500 0.2500 0.2500 0.2500 0.0000 
main 2.0000 2.0000 3.0000 4.0000 0.0000 4.0000 3.0000 2.0000 0.1031 0.2485 0.7454 0.0906 0.1145 b 0.3170 0.9954 1.2218 2.2044 0.2270 0.3606 0.1578 0.0000 0.0000 0.0000 0.0000 0.0000 0.0000 
main 2.0000 2.0000 30.0000 6.0000 0.0000 6.0000 5.0000 2.0000 0.0907 0.2492 1.2461 0.0906 0.1145 b 0.1770 1.4961 1.0153 2.5051 0.1588 0.2172 0.3167 0.3706 0.1828 0.0000 0.0000 0.0000 0.0000 
main 2.0000 2.0000 25.0000 5.0000 0.0000 5.0000 4.0000 0.0000 0.0000 0.2500 1.0000 0.0000 0.0000 b 0.1740 1.2500 1.3484 2.5922 0.2500 0.2500 0.2500 0.2500 0.0000 0.0000 0.0000 0.0000 0.0000 
main 2.0000 2.0000 63.0000 10.0000 2.0000 10.0000 9.0000 2.0000 0.0908 0.2504 2.2533 0.0906 0.1145 b 0.1600 2.5033 1.1800 3.6789 0.1522 0.3757 0.1721 0.2787 0.3154 0.3821 0.1690 0.2282 0.1797 
main 2.0000 2.0000 43.0000 4.0000 0.0000 4.0000 3.0000 0.0000 0.0000 0.2500 0.7500 0.0000 0.0000 b 0.2420 1.0000 1.3052 2.3091 0.2500 0.2500 0.2500 0.0000 0.0000 0.0000 0.0000 0.0000 0.0000 
main 2.0000 2.0000 7.0000 6.0000 0.0000 6.0000 5.0000 0.0000 0.0000 0.2500 1.2500 0.0000 0.0000 b 0.1680 1.5000 1.1628 2.6755 0.2500 0.2500 0.2500 0.2500 0.2500 0.0000 0.0000 0.0000 0.0000 
main 2.0000 2.0000 45.0000 4.0000 0.0000 4.0000 3.0000 2.0000 0.1006 0.2510 0.7529 0.0906 0.1145 b 0.2040 1.0029 1.1501 2.1619 0.2060 0.1807 0.3662 0.0000 0.0000 0.0000 0.0000 0.0000 0.0000 
main 2.0000 2.0000 15.0000 8.0000 1.0000 8.0000 7.0000 2.0000 0.0914 0.2505 1.7537 0.0906 0.1145 b 0.1410 2.0037 1.3852 3.3959 0.2268 0.1537 0.3961 0.1860 0.2329 0.3595 0.1987 0.0000 0.0000 
main 2.0000 2.0000 62.0000 10.0000 2.0000 10.0000 9.0000 1.0000 0.0559 0.2495 2.2459 0.0349 0.0588 b 0.1830 2.4959 1.3546 3.8548 0.2683 0.2165 0.3366 0.2570 0.3069 0.1998 0.2256 0.2792 0.1561 
main 2.0000 2.0000 29.0000 6.0000 0.0000 6.0000 5.0000 1.0000 0.0475 0.2502 1.2508 0.0349 0.0588 b 0.2120 1.5008 1.2409 2.7430 0.2448 0.2197 0.3250 0.2014 0.2599 0.0000 0.0000 0.0000 0.0000 
main 2.0000 2.0000 19.0000 10.0000 2.0000 10.0000 9.0000 0.0000 0.0000 0.2500 2.2500 0.0000 0.0000 b 0.1710 2.5000 1.1565 3.6589 0.2500 0.2500 0.2500 0.2500 0.2500 0.2500 0.2500 0.2500 0.2500 
main 2.0000 2.0000 23.0000 4.0000 0.0000 4.0000 3.0000 1.0000 0.0414 0.2496 0.7488 0.0349 0.0588 b 0.2170 0.9988 1.0113 2.0078 0.2455 0.2930 0.2104 0.0000 0.0000 0.0000 0.0000 0.0000 0.0000 
main 2.0000 2.0000 24.0000 4.0000 0.0000 4.0000 3.0000 2.0000 0.1097 0.2507 0.7521 0.0906 0.1145 b 0.1720 1.0021 1.0332 2.0275 0.2282 0.3699 0.1540 0.0000 0.0000 0.0000 0.0000 0.0000 0.0000 
main 2.0000 2.0000 50.0000 6.0000 0.0000 6.0000 5.0000 1.0000 0.0587 0.2496 1.2480 0.0349 0.0588 b 0.1470 1.4980 1.1981 2.6902 0.2647 0.1725 0.3134 0.2067 0.2907 0.0000 0.0000 0.0000 0.0000 
main 2.0000 2.0000 5.0000 5.0000 0.0000 5.0000 4.0000 1.0000 0.0486 0.2509 1.0037 0.0349 0.0588 b 0.1730 1.2537 1.2352 2.4792 0.2766 0.2316 0.3026 0.1928 0.0000 0.0000 0.0000 0.0000 0.0000 
main 2.0000 2.0000 28.0000 6.0000 0.0000 6.0000 5.0000 0.0000 0.0000 0.2500 1.2500 0.0000 0.0000 b 0.1520 1.5000 1.4060 2.9089 0.2500 0.2500 0.2500 0.2500 0.2500 0.0000 0.0000 0.0000 0.0000 
main 2.0000 2.0000 10.0000 7.0000 1.0000 7.0000 6.0000 0.0000 0.0000 0.2500 1.5000 0.0000 0.0000 b 0.1400 1.7500 1.0552 2.8088 0.2500 0.2500 0.2500 0.2500 0.2500 0.2500 0.0000 0.0000 0.0000 
main 2.0000 2.0000 21.0000 10.0000 2.0000 10.0000 9.0000 2.0000 0.0963 0.2505 2.2544 0.0906 0.1145 b 0.2060 2.5044 1.4393 3.9302 0.1547 0.2242 0.3922 0.3490 0.2298 0.1732 0.2025 0.3773 0.1514 
main 2.0000 2.0000 47.0000 5.0000 0.0000 5.0000 4.0000 1.0000 0.0498 0.2497 0.9986 0.0349 0.0588 b 0.2070 1.2486 1.2134 2.4576 0.2542 0.1893 0.3109 0.2443 0.0000 0.0000 0.0000 0.0000 0.0000 
main 2.0000 2.0000 54.0000 7.0000 1.0000 7.0000 6.0000 2.0000 0.1013 0.2508 1.5047 0.0906 0.1145 b 0.1510 1.7547 1.3112 3.0636 0.1707 0.3981 0.1902 0.2438 0.3495 0.1523 0.0000 0.0000 0.0000 
main 2.0000 3.0000 2.0000 4.0000 0.0000 4.0000 3.0000 1.0000 0.0483 0.2505 0.7515 0.0349 0.0588 b 0.2440 1.0015 1.2007 2.2103 0.2353 0.3046 0.2116 0.0000 0.0000 0.0000 0.0000 0.0000 0.0000 
main 2.0000 3.0000 56.0000 8.0000 1.0000 8.0000 7.0000 1.0000 0.0573 0.2502 1.7513 0.0349 0.0588 b 0.1300 2.0013 1.4328 3.4437 0.2415 0.1502 0.2613 0.2945 0.2571 0.3300 0.2167 0.0000 0.0000 
main 2.0000 3.0000 23.0000 4.0000 0.0000 4.0000 3.0000 1.0000 0.0509 0.2497 0.7490 0.0349 0.0588 b 0.2010 0.9990 1.4025 2.4080 0.2018 0.2441 0.3031 0.0000 0.0000 0.0000 0.0000 0.0000 0.0000 
main 2.0000 3.0000 24.0000 4.0000 0.0000 4.0000 3.0000 2.0000 0.0999 0.2509 0.7528 0.0906 0.1145 b 0.1820 1.0028 1.3481 2.3451 0.2160 0.1733 0.3636 0.0000 0.0000 0.0000 0.0000 0.0000 0.0000 
main 2.0000 3.0000 54.0000 7.0000 1.0000 7.0000 6.0000 2.0000 0.0919 0.2505 1.5027 0.0906 0.1145 b 0.1670 1.7527 1.1419 2.8949 0.1564 0.2948 0.3772 0.1995 0.1587 0.3162 0.0000 0.0000 0.0000 
main 2.0000 3.0000 18.0000 9.0000 1.0000 9.0000 8.0000 2.0000 0.0907 0.2498 1.9987 0.0906 0.1145 b 0.1440 2.2487 1.0453 3.2909 0.1626 0.1963 0.3372 0.1566 0.3832 0.1700 0.3302 0.2626 0.0000 
main 2.0000 3.0000 37.0000 9.0000 1.0000 9.0000 8.0000 0.0000 0.0000 0.2500 2.0000 0.0000 0.0000 b 0.1680 2.2500 1.2661 3.5089 0.2500 0.2500 0.2500 0.2500 0.2500 0.2500 0.2500 0.2500 0.0000 
main 2.0000 3.0000 47.0000 5.0000 0.0000 5.0000 4.0000 1.0000 0.0549 0.2504 1.0015 0.0349 0.0588 b 0.1970 1.2515 1.2025 2.4438 0.3035 0.2122 0.2911 0.1948 0.0000 0.0000 0.0000 0.0000 0.0000 
main 2.0000 3.0000 58.0000 9.0000 1.0000 9.0000 8.0000 0.0000 0.0000 0.2500 2.0000 0.0000 0.0000 b 0.1360 2.2500 1.3174 3.5590 0.2500 0.2500 0.2500 0.2500 0.2500 0.2500 0.2500 0.2500 0.0000 
main 2.0000 3.0000 19.0000 10.0000 2.0000 10.0000 9.0000 0.0000 0.0000 0.2500 2.2500 0.0000 0.0000 b 0.1680 2.5000 1.0334 3.5256 0.2500 0.2500 0.2500 0.2500 0.2500 0.2500 0.2500 0.2500 0.2500 
main 2.0000 3.0000 40.0000 10.0000 2.0000 10.0000 9.0000 0.0000 0.0000 0.2500 2.2500 0.0000 0.0000 b 0.2370 2.5000 1.2936 3.7922 0.2500 0.2500 0.2500 0.2500 0.2500 0.2500 0.2500 0.2500 0.2500 
main 2.0000 3.0000 41.0000 10.0000 2.0000 10.0000 9.0000 1.0000 0.0587 0.2504 2.2540 0.0349 0.0588 b 0.1300 2.5040 1.2174 3.7129 0.2039 0.2675 0.2986 0.2114 0.1623 0.3358 0.2003 0.3100 0.2643 
main 2.0000 3.0000 4.0000 5.0000 0.0000 5.0000 4.0000 0.0000 0.0000 0.2500 1.0000 0.0000 0.0000 b 0.1990 1.2500 1.0769 2.3422 0.2500 0.2500 0.2500 0.2500 0.0000 0.0000 0.0000 0.0000 0.0000 
main 2.0000 3.0000 38.0000 9.0000 1.0000 9.0000 8.0000 1.0000 0.0522 0.2494 1.9953 0.0349 0.0588 b 0.1750 2.2453 1.2390 3.4876 0.2968 0.2046 0.2394 0.1517 0.2897 0.2452 0.3080 0.2599 0.0000 
main 2.0000 3.0000 26.0000 5.0000 0.0000 5.0000 4.0000 1.0000 0.0586 0.2491 0.9963 0.0349 0.0588 b 0.1940 1.2463 1.3014 2.5552 0.2378 0.3109 0.1734 0.2743 0.0000 0.0000 0.0000 0.0000 0.0000 
main 2.0000 3.0000 14.0000 8.0000 1.0000 8.0000 7.0000 1.0000 0.0555 0.2504 1.7525 0.0349 0.0588 b 0.1490 2.0025 1.1678 3.1781 0.2232 0.3230 0.2960 0.2533 0.2857 0.1664 0.2050 0.0000 0.0000 
main 2.0000 3.0000 31.0000 7.0000 1.0000 7.0000 6.0000 0.0000 0.0000 0.2500 1.5000 0.0000 0.0000 b 0.1070 1.7500 1.0777 2.8256 0.2500 0.2500 0.2500 0.2500 0.2500 0.2500 0.0000 0.0000 0.0000 
main 2.0000 3.0000 8.0000 6.0000 0.0000 6.0000 5.0000 1.0000 0.0411 0.2493 1.2466 0.0349 0.0588 b 0.1900 1.4966 1.3811 2.8723 0.1942 0.2200 0.2875 0.2596 0.2853 0.0000 0.0000 0.0000 0.0000 
main 2.0000 3.0000 50.0000 6.0000 0.0000 6.0000 5.0000 1.0000 0.0397 0.2494 1.2471 0.0349 0.0588 b 0.1710 1.4971 1.1986 2.6893 0.3064 0.2450 0.2013 0.2286 0.2658 0.0000 0.0000 0.0000 0.0000 
main 2.0000 3.0000 22.0000 4.0000 0.0000 4.0000 3.0000 0.0000 0.0000 0.2500 0.7500 0.0000 0.0000 b 0.2320 1.0000 1.0245 2.0255 0.2500 0.2500 0.2500 0.0000 0.0000 0.0000 0.0000 0.0000 0.0000 
main 2.0000 3.0000 30.0000 6.0000 0.0000 6.0000 5.0000 2.0000 0.0933 0.2503 1.2514 0.0906 0.1145 b 0.2080 1.5014 1.1186 2.6269 0.3988 0.2254 0.1526 0.2712 0.2034 0.0000 0.0000 0.0000 0.0000 
main 2.0000 3.0000 57.0000 8.0000 1.0000 8.0000 7.0000 2.0000 0.0948 0.2496 1.7472 0.0906 0.1145 b 0.1440 1.9972 1.0614 3.0560 0.3555 0.1638 0.3804 0.3041 0.1829 0.1560 0.2044 0.0000 0.0000 
main 2.0000 3.0000 27.0000 5.0000 0.0000 5.0000 4.0000 2.0000 0.0919 0.2512 1.0050 0.0906 0.1145 b 0.1780 1.2550 1.4302 2.6806 0.2300 0.1595 0.2368 0.3787 0.0000 0.0000 0.0000 0.0000 0.0000 
main 2.0000 3.0000 11.0000 7.0000 1.0000 7.0000 6.0000 1.0000 0.0529 0.2506 1.5037 0.0349 0.0588 b 0.1660 1.7537 1.4242 3.1794 0.2545 0.3018 0.2009 0.3182 0.1852 0.2431 0.0000 0.0000 0.0000 
main 2.0000 3.0000 16.0000 9.0000 1.0000 9.0000 8.0000 0.0000 0.0000 0.2500 2.0000 0.0000 0.0000 b 0.1350 2.2500 1.0682 3.3088 0.2500 0.2500 0.2500 0.2500 0.2500 0.2500 0.2500 0.2500 0.0000 
main 2.0000 3.0000 43.0000 4.0000 0.0000 4.0000 3.0000 0.0000 0.0000 0.2500 0.7500 0.0000 0.0000 b 0.1950 1.0000 1.0572 2.0589 0.2500 0.2500 0.2500 0.0000 0.0000 0.0000 0.0000 0.0000 0.0000 
main 2.0000 3.0000 59.0000 9.0000 1.0000 9.0000 8.0000 1.0000 0.0559 0.2500 1.9996 0.0349 0.0588 b 0.1900 2.2496 1.1913 3.4417 0.2353 0.2642 0.3087 0.2814 0.1776 0.3112 0.2603 0.1609 0.0000 
main 2.0000 3.0000 51.0000 6.0000 0.0000 6.0000 5.0000 2.0000 0.0953 0.2494 1.2469 0.0906 0.1145 b 0.1510 1.4969 1.3289 2.8226 0.1525 0.3264 0.2554 0.1540 0.3586 0.0000 0.0000 0.0000 0.0000 
main 2.0000 3.0000 17.0000 9.0000 1.0000 9.0000 8.0000 1.0000 0.0573 0.2498 1.9981 0.0349 0.0588 b 0.1460 2.2481 1.1562 3.4069 0.2644 0.2151 0.2437 0.2109 0.2836 0.1663 0.3586 0.2555 0.0000 
main 2.0000 3.0000 48.0000 5.0000 0.0000 5.0000 4.0000 2.0000 0.0908 0.2498 0.9993 0.0906 0.1145 b 0.1920 1.2493 1.3387 2.5916 0.2083 0.1651 0.2502 0.3756 0.0000 0.0000 0.0000 0.0000 0.0000 
main 2.0000 3.0000 62.0000 10.0000 2.0000 10.0000 9.0000 1.0000 0.0577 0.2505 2.2545 0.0349 0.0588 b 0.1590 2.5045 1.1362 3.6469 0.2536 0.2275 0.3488 0.1583 0.2582 0.3119 0.2701 0.2344 0.1917 
main 2.0000 3.0000 55.0000 8.0000 1.0000 8.0000 7.0000 0.0000 0.0000 0.2500 1.7500 0.0000 0.0000 b 0.1910 2.0000 1.0390 3.0422 0.2500 0.2500 0.2500 0.2500 0.2500 0.2500 0.2500 0.0000 0.0000 
main 2.0000 3.0000 12.0000 7.0000 1.0000 7.0000 6.0000 2.0000 0.0964 0.2501 1.5003 0.0906 0.1145 b 0.1540 1.7503 1.4654 3.2261 0.1781 0.3742 0.1505 0.3631 0.2402 0.1942 0.0000 0.0000 0.0000 
main 2.0000 3.0000 13.0000 8.0000 1.0000 8.0000 7.0000 0.0000 0.0000 0.2500 1.7500 0.0000 0.0000 b 0.1730 2.0000 1.4124 3.4089 0.2500 0.2500 0.2500 0.2500 0.2500 0.2500 0.2500 0.0000 0.0000 
main 2.0000 3.0000 44.0000 4.0000 0.0000 4.0000 3.0000 1.0000 0.0549 0.2486 0.7457 0.0349 0.0588 b 0.1970 0.9957 1.3009 2.3047 0.3014 0.2523 0.1919 0.0000 0.0000 0.0000 0.0000 0.0000 0.0000 
main 2.0000 3.0000 20.0000 10.0000 2.0000 10.0000 9.0000 1.0000 0.0544 0.2499 2.2494 0.0349 0.0588 b 0.1680 2.4994 1.2205 3.7250 0.2916 0.1712 0.3236 0.2625 0.3020 0.2156 0.1755 0.2356 0.2718 
main 2.0000 3.0000 35.0000 8.0000 1.0000 8.0000 7.0000 1.0000 0.0518 0.2502 1.7516 0.0349 0.0588 b 0.1800 2.0016 1.4034 3.4105 0.1767 0.3004 0.2610 0.2988 0.2686 0.1791 0.2670 0.0000 0.0000 
main 2.0000 3.0000 6.0000 5.0000 0.0000 5.0000 4.0000 2.0000 0.1028 0.2501 1.0002 0.0906 0.1145 b 0.1760 1.2502 1.3714 2.6259 0.3993 0.1856 0.2366 0.1787 0.0000 0.0000 0.0000 0.0000 0.0000 
main 2.0000 3.0000 10.0000 7.0000 1.0000 7.0000 6.0000 0.0000 0.0000 0.2500 1.5000 0.0000 0.0000 b 0.1630 1.7500 1.2413 2.9923 0.2500 0.2500 0.2500 0.2500 0.2500 0.2500 0.0000 0.0000 0.0000 
main 2.0000 3.0000 29.0000 6.0000 0.0000 6.0000 5.0000 1.0000 0.0571 0.2491 1.2453 0.0349 0.0588 b 0.1710 1.4953 1.0898 2.5875 0.2942 0.1860 0.3188 0.2031 0.2431 0.0000 0.0000 0.0000 0.0000 
main 2.0000 3.0000 7.0000 6.0000 0.0000 6.0000 5.0000 0.0000 0.0000 0.2500 1.2500 0.0000 0.0000 b 0.1620 1.5000 1.4383 2.9256 0.2500 0.2500 0.2500 0.2500 0.2500 0.0000 0.0000 0.0000 0.0000 
main 2.0000 3.0000 46.0000 5.0000 0.0000 5.0000 4.0000 0.0000 0.0000 0.2500 1.0000 0.0000 0.0000 b 0.1550 1.2500 1.4108 2.6590 0.2500 0.2500 0.2500 0.2500 0.0000 0.0000 0.0000 0.0000 0.0000 
main 2.0000 3.0000 28.0000 6.0000 0.0000 6.0000 5.0000 0.0000 0.0000 0.2500 1.2500 0.0000 0.0000 b 0.1720 1.5000 1.2338 2.7257 0.2500 0.2500 0.2500 0.2500 0.2500 0.0000 0.0000 0.0000 0.0000 
main 2.0000 3.0000 1.0000 4.0000 0.0000 4.0000 3.0000 0.0000 0.0000 0.2500 0.7500 0.0000 0.0000 b 0.1660 1.0000 1.4896 2.4925 0.2500 0.2500 0.2500 0.0000 0.0000 0.0000 0.0000 0.0000 0.0000 
main 2.0000 3.0000 32.0000 7.0000 1.0000 7.0000 6.0000 1.0000 0.0539 0.2508 1.5049 0.0349 0.0588 b 0.1610 1.7549 1.0088 2.7637 0.2707 0.1547 0.2443 0.3123 0.2408 0.2822 0.0000 0.0000 0.0000 
main 2.0000 3.0000 45.0000 4.0000 0.0000 4.0000 3.0000 2.0000 0.0940 0.2503 0.7510 0.0906 0.1145 b 0.2190 1.0010 1.2903 2.2932 0.2082 0.3580 0.1848 0.0000 0.0000 0.0000 0.0000 0.0000 0.0000 
main 2.0000 3.0000 42.0000 10.0000 2.0000 10.0000 9.0000 2.0000 0.0967 0.2505 2.2549 0.0906 0.1145 b 0.1770 2.5049 1.1022 3.6139 0.1696 0.2062 0.3919 0.2872 0.3550 0.1537 0.1808 0.1556 0.3547 
main 2.0000 3.0000 60.0000 9.0000 1.0000 9.0000 8.0000 2.0000 0.0947 0.2501 2.0011 0.0906 0.1145 b 0.1520 2.2511 1.0288 3.2765 0.1708 0.2216 0.3711 0.1998 0.3130 0.1823 0.3918 0.1508 0.0000 
main 2.0000 3.0000 39.0000 9.0000 1.0000 9.0000 8.0000 2.0000 0.1003 0.2502 2.0017 0.0906 0.1145 b 0.1640 2.2517 1.2901 3.5440 0.1710 0.3708 0.1900 0.3382 0.1592 0.1890 0.3985 0.1853 0.0000 
main 2.0000 3.0000 34.0000 8.0000 1.0000 8.0000 7.0000 0.0000 0.0000 0.2500 1.7500 0.0000 0.0000 b 0.1590 2.0000 1.4188 3.4257 0.2500 0.2500 0.2500 0.2500 0.2500 0.2500 0.2500 0.0000 0.0000 
main 2.0000 3.0000 61.0000 10.0000 2.0000 10.0000 9.0000 0.0000 0.0000 0.2500 2.2500 0.0000 0.0000 b 0.1660 2.5000 1.2325 3.7255 0.2500 0.2500 0.2500 0.2500 0.2500 0.2500 0.2500 0.2500 0.2500 
main 2.0000 3.0000 53.0000 7.0000 1.0000 7.0000 6.0000 1.0000 0.0572 0.2499 1.4997 0.0349 0.0588 b 0.1810 1.7497 1.0028 2.7585 0.2588 0.2220 0.3445 0.1755 0.2718 0.2270 0.0000 0.0000 0.0000 
main 2.0000 3.0000 25.0000 5.0000 0.0000 5.0000 4.0000 0.0000 0.0000 0.2500 1.0000 0.0000 0.0000 b 0.1840 1.2500 1.1726 2.4257 0.2500 0.2500 0.2500 0.2500 0.0000 0.0000 0.0000 0.0000 0.0000 
main 2.0000 3.0000 21.0000 10.0000 2.0000 10.0000 9.0000 2.0000 0.0910 0.2499 2.2491 0.0906 0.1145 b 0.1780 2.4991 1.2446 3.7414 0.1995 0.1610 0.2906 0.3655 0.1908 0.3984 0.1732 0.3018 0.1683 
main 2.0000 3.0000 33.0000 7.0000 1.0000 7.0000 6.0000 2.0000 0.0995 0.2507 1.5044 0.0906 0.1145 b 0.3890 1.7544 1.2664 3.0133 0.1620 0.2194 0.3922 0.3527 0.2257 0.1525 0.0000 0.0000 0.0000 
main 2.0000 3.0000 63.0000 10.0000 2.0000 10.0000 9.0000 2.0000 0.0912 0.2503 2.2527 0.0906 0.1145 b 0.1820 2.5027 1.2897 3.7949 0.3606 0.1732 0.2026 0.2383 0.1617 0.3693 0.2302 0.1502 0.3667 
main 2.0000 3.0000 36.0000 8.0000 1.0000 8.0000 7.0000 2.0000 0.1056 0.2504 1.7531 0.0906 0.1145 b 0.1830 2.0031 1.0829 3.0787 0.1509 0.3865 0.1629 0.3428 0.1907 0.3558 0.1634 0.0000 0.0000 
main 2.0000 3.0000 15.0000 8.0000 1.0000 8.0000 7.0000 2.0000 0.0999 0.2494 1.7457 0.0906 0.1145 b 0.1600 1.9957 1.1386 3.1212 0.2224 0.1854 0.1538 0.3796 0.1641 0.3968 0.2435 0.0000 0.0000 
main 2.0000 3.0000 3.0000 4.0000 0.0000 4.0000 3.0000 2.0000 0.1025 0.2506 0.7518 0.0906 0.1145 b 0.2450 1.0018 1.1585 2.1605 0.3663 0.2147 0.1709 0.0000 0.0000 0.0000 0.0000 0.0000 0.0000 
main 2.0000 3.0000 9.0000 6.0000 0.0000 6.0000 5.0000 2.0000 0.0938 0.2498 1.2492 0.0906 0.1145 b 0.1850 1.4992 1.3817 2.8915 0.2866 0.1665 0.2633 0.1519 0.3809 0.0000 0.0000 0.0000 0.0000 
main 2.0000 3.0000 5.0000 5.0000 0.0000 5.0000 4.0000 1.0000 0.0452 0.2504 1.0015 0.0349 0.0588 b 0.1510 1.2515 1.4443 2.7105 0.2328 0.2633 0.1997 0.3058 0.0000 0.0000 0.0000 0.0000 0.0000 
main 2.0000 3.0000 49.0000 6.0000 0.0000 6.0000 5.0000 0.0000 0.0000 0.2500 1.2500 0.0000 0.0000 b 0.1890 1.5000 1.2409 2.7422 0.2500 0.2500 0.2500 0.2500 0.2500 0.0000 0.0000 0.0000 0.0000 
main 2.0000 3.0000 52.0000 7.0000 1.0000 7.0000 6.0000 0.0000 0.0000 0.2500 1.5000 0.0000 0.0000 b 0.1260 1.7500 1.3189 3.0755 0.2500 0.2500 0.2500 0.2500 0.2500 0.2500 0.0000 0.0000 0.0000 
main 2.0000 4.0000 3.0000 4.0000 0.0000 4.0000 3.0000 2.0000 0.1106 0.2516 0.7547 0.0906 0.1145 b 0.2370 1.0047 1.3870 2.3970 0.2034 0.1733 0.3781 0.0000 0.0000 0.0000 0.0000 0.0000 0.0000 
main 2.0000 4.0000 49.0000 6.0000 0.0000 6.0000 5.0000 0.0000 0.0000 0.2500 1.2500 0.0000 0.0000 b 0.1510 1.5000 1.2815 2.7757 0.2500 0.2500 0.2500 0.2500 0.2500 0.0000 0.0000 0.0000 0.0000 
main 2.0000 4.0000 52.0000 7.0000 1.0000 7.0000 6.0000 0.0000 0.0000 0.2500 1.5000 0.0000 0.0000 b 0.1470 1.7500 1.3411 3.0923 0.2500 0.2500 0.2500 0.2500 0.2500 0.2500 0.0000 0.0000 0.0000 
main 2.0000 4.0000 37.0000 9.0000 1.0000 9.0000 8.0000 0.0000 0.0000 0.2500 2.0000 0.0000 0.0000 b 0.2520 2.2500 1.4206 3.6589 0.2500 0.2500 0.2500 0.2500 0.2500 0.2500 0.2500 0.2500 0.0000 
main 2.0000 4.0000 55.0000 8.0000 1.0000 8.0000 7.0000 0.0000 0.0000 0.2500 1.7500 0.0000 0.0000 b 0.1400 2.0000 1.4182 3.4089 0.2500 0.2500 0.2500 0.2500 0.2500 0.2500 0.2500 0.0000 0.0000 
main 2.0000 4.0000 7.0000 6.0000 0.0000 6.0000 5.0000 0.0000 0.0000 0.2500 1.2500 0.0000 0.0000 b 0.1640 1.5000 1.2994 2.7924 0.2500 0.2500 0.2500 0.2500 0.2500 0.0000 0.0000 0.0000 0.0000 
main 2.0000 4.0000 17.0000 9.0000 1.0000 9.0000 8.0000 1.0000 0.0566 0.2501 2.0009 0.0349 0.0588 b 0.1400 2.2509 1.2119 3.4599 0.2547 0.1626 0.2236 0.2559 0.2047 0.3374 0.2464 0.3156 0.0000 
main 2.0000 4.0000 2.0000 4.0000 0.0000 4.0000 3.0000 1.0000 0.0489 0.2495 0.7485 0.0349 0.0588 b 0.2330 0.9985 1.4281 2.4409 0.2850 0.1937 0.2697 0.0000 0.0000 0.0000 0.0000 0.0000 0.0000 
main 2.0000 4.0000 6.0000 5.0000 0.0000 5.0000 4.0000 2.0000 0.1019 0.2488 0.9951 0.0906 0.1145 b 0.1770 1.2451 1.3527 2.6041 0.3944 0.2384 0.1622 0.2001 0.0000 0.0000 0.0000 0.0000 0.0000 
main 2.0000 4.0000 35.0000 8.0000 1.0000 8.0000 7.0000 1.0000 0.0582 0.2505 1.7534 0.0349 0.0588 b 0.1340 2.0034 1.4960 3.5124 0.2543 0.2187 0.3341 0.1574 0.2239 0.2613 0.3035 0.0000 0.0000 
main 2.0000 4.0000 24.0000 4.0000 0.0000 4.0000 3.0000 2.0000 0.1019 0.2493 0.7480 0.0906 0.1145 b 0.1870 0.9980 1.4296 2.4404 0.1731 0.3650 0.2098 0.0000 0.0000 0.0000 0.0000 0.0000 0.0000 
main 2.0000 4.0000 32.0000 7.0000 1.0000 7.0000 6.0000 1.0000 0.0414 0.2500 1.5002 0.0349 0.0588 b 0.1430 1.7502 1.3772 3.1257 0.2812 0.2360 0.2030 0.2371 0.3167 0.2261 0.0000 0.0000 0.0000 
main 2.0000 4.0000 22.0000 4.0000 0.0000 4.0000 3.0000 0.0000 0.0000 0.2500 0.7500 0.0000 0.0000 b 0.1720 1.0000 1.2384 2.2421 0.2500 0.2500 0.2500 0.0000 0.0000 0.0000 0.0000 0.0000 0.0000 
main 2.0000 4.0000 36.0000 8.0000 1.0000 8.0000 7.0000 2.0000 0.0935 0.2497 1.7481 0.0906 0.1145 b 0.1550 1.9981 1.1031 3.1069 0.1785 0.2163 0.1624 0.3290 0.1565 0.3879 0.3175 0.0000 0.0000 
main 2.0000 4.0000 46.0000 5.0000 0.0000 5.0000 4.0000 0.0000 0.0000 0.2500 1.0000 0.0000 0.0000 b 0.1830 1.2500 1.3609 2.6090 0.2500 0.2500 0.2500 0.2500 0.0000 0.0000 0.0000 0.0000 0.0000 
main 2.0000 4.0000 21.0000 10.0000 2.0000 10.0000 9.0000 2.0000 0.0913 0.2498 2.2484 0.0906 0.1145 b 0.1510 2.4984 1.1003 3.5905 0.2181 0.1649 0.2788 0.2188 0.3883 0.1562 0.3956 0.2634 0.1644 
main 2.0000 4.0000 39.0000 9.0000 1.0000 9.0000 8.0000 2.0000 0.0911 0.2494 1.9952 0.0906 0.1145 b 0.1710 2.2452 1.1754 3.4207 0.1773 0.2322 0.1865 0.3080 0.1724 0.3881 0.1664 0.3643 0.0000 
main 2.0000 4.0000 15.0000 8.0000 1.0000 8.0000 7.0000 2.0000 0.0982 0.2494 1.7457 0.0906 0.1145 b 0.1660 1.9957 1.2186 3.2048 0.2320 0.3709 0.2384 0.3979 0.1524 0.1958 0.1584 0.0000 0.0000 
main 2.0000 4.0000 56.0000 8.0000 1.0000 8.0000 7.0000 1.0000 0.0457 0.2499 1.7495 0.0349 0.0588 b 0.1430 1.9995 1.0972 3.0916 0.2780 0.2350 0.3379 0.2094 0.2357 0.2062 0.2473 0.0000 0.0000 
main 2.0000 4.0000 34.0000 8.0000 1.0000 8.0000 7.0000 0.0000 0.0000 0.2500 1.7500 0.0000 0.0000 b 0.1470 2.0000 1.2072 3.2089 0.2500 0.2500 0.2500 0.2500 0.2500 0.2500 0.2500 0.0000 0.0000 
main 2.0000 4.0000 29.0000 6.0000 0.0000 6.0000 5.0000 1.0000 0.0560 0.2504 1.2522 0.0349 0.0588 b 0.2320 1.5022 1.3561 2.8445 0.3128 0.2004 0.2385 0.3051 0.1954 0.0000 0.0000 0.0000 0.0000 
main 2.0000 4.0000 45.0000 4.0000 0.0000 4.0000 3.0000 2.0000 0.1113 0.2514 0.7543 0.0906 0.1145 b 0.2020 1.0043 1.0085 2.0131 0.1538 0.2278 0.3727 0.0000 0.0000 0.0000 0.0000 0.0000 0.0000 
main 2.0000 4.0000 11.0000 7.0000 1.0000 7.0000 6.0000 1.0000 0.0496 0.2498 1.4987 0.0349 0.0588 b 0.1210 1.7487 1.3350 3.0742 0.2491 0.2101 0.3428 0.2103 0.2579 0.2284 0.0000 0.0000 0.0000 
main 2.0000 4.0000 44.0000 4.0000 0.0000 4.0000 3.0000 1.0000 0.0451 0.2488 0.7464 0.0349 0.0588 b 0.1990 0.9964 1.3964 2.4053 0.2705 0.1970 0.2789 0.0000 0.0000 0.0000 0.0000 0.0000 0.0000 
main 2.0000 4.0000 57.0000 8.0000 1.0000 8.0000 7.0000 2.0000 0.0915 0.2497 1.7480 0.0906 0.1145 b 0.1520 1.9980 1.4008 3.4071 0.2435 0.1606 0.3308 0.2801 0.1617 0.3962 0.1752 0.0000 0.0000 
main 2.0000 4.0000 18.0000 9.0000 1.0000 9.0000 8.0000 2.0000 0.0977 0.2504 2.0030 0.0906 0.1145 b 0.1590 2.2530 1.1725 3.4286 0.2079 0.1804 0.3649 0.1678 0.1979 0.3958 0.1542 0.3340 0.0000 
main 2.0000 4.0000 13.0000 8.0000 1.0000 8.0000 7.0000 0.0000 0.0000 0.2500 1.7500 0.0000 0.0000 b 0.1930 2.0000 1.2684 3.2756 0.2500 0.2500 0.2500 0.2500 0.2500 0.2500 0.2500 0.0000 0.0000 
main 2.0000 4.0000 51.0000 6.0000 0.0000 6.0000 5.0000 2.0000 0.0915 0.2503 1.2515 0.0906 0.1145 b 0.2830 1.5015 1.1023 2.6105 0.1907 0.2728 0.1507 0.3899 0.2474 0.0000 0.0000 0.0000 0.0000 
main 2.0000 4.0000 25.0000 5.0000 0.0000 5.0000 4.0000 0.0000 0.0000 0.2500 1.0000 0.0000 0.0000 b 0.2030 1.2500 1.3754 2.6257 0.2500 0.2500 0.2500 0.2500 0.0000 0.0000 0.0000 0.0000 0.0000 
main 2.0000 4.0000 38.0000 9.0000 1.0000 9.0000 8.0000 1.0000 0.0511 0.2502 2.0012 0.0349 0.0588 b 0.1630 2.2512 1.2070 3.4602 0.1804 0.2993 0.2591 0.1902 0.3141 0.2889 0.2599 0.2092 0.0000 
main 2.0000 4.0000 31.0000 7.0000 1.0000 7.0000 6.0000 0.0000 0.0000 0.2500 1.5000 0.0000 0.0000 b 0.1530 1.7500 1.3777 3.1257 0.2500 0.2500 0.2500 0.2500 0.2500 0.2500 0.0000 0.0000 0.0000 
main 2.0000 4.0000 14.0000 8.0000 1.0000 8.0000 7.0000 1.0000 0.0398 0.2502 1.7517 0.0349 0.0588 b 0.1560 2.0017 1.4450 3.4439 0.2159 0.2855 0.2547 0.2049 0.2732 0.3051 0.2123 0.0000 0.0000 
main 2.0000 4.0000 60.0000 9.0000 1.0000 9.0000 8.0000 2.0000 0.0911 0.2504 2.0035 0.0906 0.1145 b 0.1750 2.2535 1.1699 3.4292 0.1792 0.3692 0.1555 0.2838 0.2176 0.1699 0.3953 0.2330 0.0000 
main 2.0000 4.0000 23.0000 4.0000 0.0000 4.0000 3.0000 1.0000 0.0465 0.2509 0.7527 0.0349 0.0588 b 0.3050 1.0027 1.4853 2.4785 0.2094 0.3011 0.2421 0.0000 0.0000 0.0000 0.0000 0.0000 0.0000 
main 2.0000 4.0000 63.0000 10.0000 2.0000 10.0000 9.0000 2.0000 0.0957 0.2501 2.2509 0.0906 0.1145 b 0.1590 2.5009 1.1290 3.6265 0.1566 0.3223 0.3679 0.2997 0.1793 0.1512 0.3935 0.1753 0.2052 
main 2.0000 4.0000 50.0000 6.0000 0.0000 6.0000 5.0000 1.0000 0.0510 0.2493 1.2467 0.0349 0.0588 b 0.1730 1.4967 1.3017 2.7891 0.2712 0.3118 0.2684 0.2102 0.1850 0.0000 0.0000 0.0000 0.0000 
main 2.0000 4.0000 12.0000 7.0000 1.0000 7.0000 6.0000 2.0000 0.0962 0.2503 1.5016 0.0906 0.1145 b 0.1880 1.7516 1.3819 3.1272 0.2441 0.1616 0.2095 0.1562 0.3378 0.3924 0.0000 0.0000 0.0000 
main 2.0000 4.0000 5.0000 5.0000 0.0000 5.0000 4.0000 1.0000 0.0539 0.2493 0.9971 0.0349 0.0588 b 0.1970 1.2471 1.2806 2.5226 0.1923 0.2862 0.2151 0.3036 0.0000 0.0000 0.0000 0.0000 0.0000 
main 2.0000 4.0000 61.0000 10.0000 2.0000 10.0000 9.0000 0.0000 0.0000 0.2500 2.2500 0.0000 0.0000 b 0.2000 2.5000 1.4427 3.9591 0.2500 0.2500 0.2500 0.2500 0.2500 0.2500 0.2500 0.2500 0.2500 
main 2.0000 4.0000 1.0000 4.0000 0.0000 4.0000 3.0000 0.0000 0.0000 0.2500 0.7500 0.0000 0.0000 b 0.2620 1.0000 1.3093 2.3091 0.2500 0.2500 0.2500 0.0000 0.0000 0.0000 0.0000 0.0000 0.0000 
main 2.0000 4.0000 48.0000 5.0000 0.0000 5.0000 4.0000 2.0000 0.1039 0.2509 1.0037 0.0906 0.1145 b 0.1670 1.2537 1.1250 2.3793 0.1768 0.2938 0.3774 0.1557 0.0000 0.0000 0.0000 0.0000 0.0000 
main 2.0000 4.0000 9.0000 6.0000 0.0000 6.0000 5.0000 2.0000 0.1043 0.2508 1.2542 0.0906 0.1145 b 0.1480 1.5042 1.0766 2.5797 0.1947 0.3596 0.1785 0.3681 0.1533 0.0000 0.0000 0.0000 0.0000 
main 2.0000 4.0000 53.0000 7.0000 1.0000 7.0000 6.0000 1.0000 0.0569 0.2493 1.4961 0.0349 0.0588 b 0.1700 1.7461 1.3909 3.1383 0.2852 0.2267 0.3134 0.1758 0.2967 0.1983 0.0000 0.0000 0.0000 
main 2.0000 4.0000 42.0000 10.0000 2.0000 10.0000 9.0000 2.0000 0.0910 0.2499 2.2487 0.0906 0.1145 b 0.1720 2.4987 1.4159 3.9243 0.1745 0.3108 0.1569 0.2100 0.3769 0.1881 0.3571 0.3234 0.1510 
main 2.0000 4.0000 33.0000 7.0000 1.0000 7.0000 6.0000 2.0000 0.1098 0.2495 1.4971 0.0906 0.1145 b 0.2170 1.7471 1.0531 2.8059 0.1589 0.1956 0.3828 0.1561 0.3946 0.2091 0.0000 0.0000 0.0000 
main 2.0000 4.0000 40.0000 10.0000 2.0000 10.0000 9.0000 0.0000 0.0000 0.2500 2.2500 0.0000 0.0000 b 0.1720 2.5000 1.4176 3.9258 0.2500 0.2500 0.2500 0.2500 0.2500 0.2500 0.2500 0.2500 0.2500 
main 2.0000 4.0000 4.0000 5.0000 0.0000 5.0000 4.0000 0.0000 0.0000 0.2500 1.0000 0.0000 0.0000 b 0.2320 1.2500 1.2032 2.4590 0.2500 0.2500 0.2500 0.2500 0.0000 0.0000 0.0000 0.0000 0.0000 
main 2.0000 4.0000 26.0000 5.0000 0.0000 5.0000 4.0000 1.0000 0.0522 0.2495 0.9980 0.0349 0.0588 b 0.1820 1.2480 1.2285 2.4735 0.2069 0.2512 0.2174 0.3225 0.0000 0.0000 0.0000 0.0000 0.0000 
main 2.0000 4.0000 54.0000 7.0000 1.0000 7.0000 6.0000 2.0000 0.0931 0.2498 1.4991 0.0906 0.1145 b 0.1670 1.7491 1.1237 2.8746 0.3786 0.2783 0.1953 0.1510 0.3291 0.1668 0.0000 0.0000 0.0000 
main 2.0000 4.0000 27.0000 5.0000 0.0000 5.0000 4.0000 2.0000 0.0977 0.2509 1.0037 0.0906 0.1145 b 0.1760 1.2537 1.0218 2.2792 0.1680 0.3155 0.3535 0.1667 0.0000 0.0000 0.0000 0.0000 0.0000 
main 2.0000 4.0000 10.0000 7.0000 1.0000 7.0000 6.0000 0.0000 0.0000 0.2500 1.5000 0.0000 0.0000 b 0.1830 1.7500 1.4377 3.1757 0.2500 0.2500 0.2500 0.2500 0.2500 0.2500 0.0000 0.0000 0.0000 
main 2.0000 4.0000 43.0000 4.0000 0.0000 4.0000 3.0000 0.0000 0.0000 0.2500 0.7500 0.0000 0.0000 b 0.2110 1.0000 1.3843 2.3755 0.2500 0.2500 0.2500 0.0000 0.0000 0.0000 0.0000 0.0000 0.0000 
main 2.0000 4.0000 47.0000 5.0000 0.0000 5.0000 4.0000 1.0000 0.0484 0.2506 1.0024 0.0349 0.0588 b 0.1640 1.2524 1.2577 2.5113 0.1897 0.2370 0.3012 0.2745 0.0000 0.0000 0.0000 0.0000 0.0000 
main 2.0000 4.0000 59.0000 9.0000 1.0000 9.0000 8.0000 1.0000 0.0498 0.2498 1.9984 0.0349 0.0588 b 0.1880 2.2484 1.3992 3.6407 0.2013 0.2418 0.1879 0.3030 0.2629 0.2069 0.3272 0.2674 0.0000 
main 2.0000 4.0000 20.0000 10.0000 2.0000 10.0000 9.0000 1.0000 0.0566 0.2504 2.2532 0.0349 0.0588 b 0.1940 2.5032 1.1632 3.6788 0.1993 0.2251 0.3606 0.2219 0.2510 0.2185 0.3184 0.2670 0.1914 
main 2.0000 4.0000 28.0000 6.0000 0.0000 6.0000 5.0000 0.0000 0.0000 0.2500 1.2500 0.0000 0.0000 b 0.1660 1.5000 1.4500 2.9589 0.2500 0.2500 0.2500 0.2500 0.2500 0.0000 0.0000 0.0000 0.0000 
main 2.0000 4.0000 41.0000 10.0000 2.0000 10.0000 9.0000 1.0000 0.0526 0.2503 2.2530 0.0349 0.0588 b 0.1640 2.5030 1.0064 3.5118 0.2721 0.1918 0.3003 0.2654 0.3329 0.2501 0.2008 0.1730 0.2665 
main 2.0000 4.0000 30.0000 6.0000 0.0000 6.0000 5.0000 2.0000 0.0930 0.2493 1.2466 0.0906 0.1145 b 0.2090 1.4966 1.0801 2.5888 0.2366 0.3020 0.1697 0.3798 0.1585 0.0000 0.0000 0.0000 0.0000 
main 2.0000 4.0000 19.0000 10.0000 2.0000 10.0000 9.0000 0.0000 0.0000 0.2500 2.2500 0.0000 0.0000 b 0.1920 2.5000 1.1871 3.6921 0.2500 0.2500 0.2500 0.2500 0.2500 0.2500 0.2500 0.2500 0.2500 
main 2.0000 4.0000 62.0000 10.0000 2.0000 10.0000 9.0000 1.0000 0.0449 0.2501 2.2510 0.0349 0.0588 b 0.1930 2.5010 1.3059 3.8099 0.2890 0.1849 0.2548 0.1880 0.2510 0.2849 0.2163 0.3107 0.2714 
main 2.0000 4.0000 58.0000 9.0000 1.0000 9.0000 8.0000 0.0000 0.0000 0.2500 2.0000 0.0000 0.0000 b 0.1560 2.2500 1.3084 3.5589 0.2500 0.2500 0.2500 0.2500 0.2500 0.2500 0.2500 0.2500 0.0000 
main 2.0000 4.0000 8.0000 6.0000 0.0000 6.0000 5.0000 1.0000 0.0565 0.2494 1.2472 0.0349 0.0588 b 0.2020 1.4972 1.3272 2.8228 0.2767 0.2184 0.3293 0.1816 0.2411 0.0000 0.0000 0.0000 0.0000 
main 2.0000 4.0000 16.0000 9.0000 1.0000 9.0000 8.0000 0.0000 0.0000 0.2500 2.0000 0.0000 0.0000 b 0.1500 2.2500 1.2550 3.5090 0.2500 0.2500 0.2500 0.2500 0.2500 0.2500 0.2500 0.2500 0.0000 
main 2.0000 5.0000 34.0000 8.0000 1.0000 8.0000 7.0000 0.0000 0.0000 0.2500 1.7500 0.0000 0.0000 b 0.1400 2.0000 1.0829 3.0921 0.2500 0.2500 0.2500 0.2500 0.2500 0.2500 0.2500 0.0000 0.0000 
main 2.0000 5.0000 45.0000 4.0000 0.0000 4.0000 3.0000 2.0000 0.1021 0.2500 0.7500 0.0906 0.1145 b 0.2000 1.0000 1.0576 2.0587 0.1546 0.3577 0.2377 0.0000 0.0000 0.0000 0.0000 0.0000 0.0000 
main 2.0000 5.0000 5.0000 5.0000 0.0000 5.0000 4.0000 1.0000 0.0527 0.2503 1.0012 0.0349 0.0588 b 0.1630 1.2512 1.1250 2.3767 0.3066 0.2709 0.2418 0.1820 0.0000 0.0000 0.0000 0.0000 0.0000 
main 2.0000 5.0000 18.0000 9.0000 1.0000 9.0000 8.0000 2.0000 0.0911 0.2500 1.9999 0.0906 0.1145 b 0.1380 2.2499 1.0844 3.3423 0.1961 0.1505 0.1759 0.3191 0.1716 0.3303 0.3998 0.2566 0.0000 
main 2.0000 5.0000 56.0000 8.0000 1.0000 8.0000 7.0000 1.0000 0.0534 0.2498 1.7486 0.0349 0.0588 b 0.1640 1.9986 1.2188 3.2243 0.3069 0.1953 0.2780 0.2074 0.3246 0.1995 0.2368 0.0000 0.0000 
main 2.0000 5.0000 37.0000 9.0000 1.0000 9.0000 8.0000 0.0000 0.0000 0.2500 2.0000 0.0000 0.0000 b 0.1440 2.2500 1.1585 3.4088 0.2500 0.2500 0.2500 0.2500 0.2500 0.2500 0.2500 0.2500 0.0000 
main 2.0000 5.0000 7.0000 6.0000 0.0000 6.0000 5.0000 0.0000 0.0000 0.2500 1.2500 0.0000 0.0000 b 0.1570 1.5000 1.4997 2.9924 0.2500 0.2500 0.2500 0.2500 0.2500 0.0000 0.0000 0.0000 0.0000 
main 2.0000 5.0000 12.0000 7.0000 1.0000 7.0000 6.0000 2.0000 0.1006 0.2505 1.5030 0.0906 0.1145 b 0.1940 1.7530 1.2741 3.0285 0.1776 0.3505 0.1646 0.2758 0.1519 0.3827 0.0000 0.0000 0.0000 
main 2.0000 5.0000 36.0000 8.0000 1.0000 8.0000 7.0000 2.0000 0.1011 0.2501 1.7510 0.0906 0.1145 b 0.1600 2.0010 1.2990 3.2933 0.3850 0.1945 0.1559 0.3967 0.2523 0.2035 0.1632 0.0000 0.0000 
main 2.0000 5.0000 28.0000 6.0000 0.0000 6.0000 5.0000 0.0000 0.0000 0.2500 1.2500 0.0000 0.0000 b 0.1870 1.5000 1.1119 2.6088 0.2500 0.2500 0.2500 0.2500 0.2500 0.0000 0.0000 0.0000 0.0000 
main 2.0000 5.0000 30.0000 6.0000 0.0000 6.0000 5.0000 2.0000 0.0986 0.2494 1.2470 0.0906 0.1145 b 0.1630 1.4970 1.3885 2.8894 0.3023 0.3939 0.1660 0.2217 0.1631 0.0000 0.0000 0.0000 0.0000 
main 2.0000 5.0000 15.0000 8.0000 1.0000 8.0000 7.0000 2.0000 0.1001 0.2499 1.7490 0.0906 0.1145 b 0.1400 1.9990 1.4773 3.4748 0.1509 0.2159 0.1539 0.3960 0.3601 0.2915 0.1807 0.0000 0.0000 
main 2.0000 5.0000 19.0000 10.0000 2.0000 10.0000 9.0000 0.0000 0.0000 0.2500 2.2500 0.0000 0.0000 b 0.1550 2.5000 1.0466 3.5421 0.2500 0.2500 0.2500 0.2500 0.2500 0.2500 0.2500 0.2500 0.2500 
main 2.0000 5.0000 47.0000 5.0000 0.0000 5.0000 4.0000 1.0000 0.0577 0.2496 0.9984 0.0349 0.0588 b 0.2000 1.2484 1.1979 2.4406 0.2157 0.3021 0.1858 0.2947 0.0000 0.0000 0.0000 0.0000 0.0000 
main 2.0000 5.0000 14.0000 8.0000 1.0000 8.0000 7.0000 1.0000 0.0485 0.2501 1.7505 0.0349 0.0588 b 0.1410 2.0005 1.2657 3.2761 0.2684 0.3144 0.2126 0.2684 0.2058 0.2941 0.1868 0.0000 0.0000 
main 2.0000 5.0000 39.0000 9.0000 1.0000 9.0000 8.0000 2.0000 0.0926 0.2496 1.9966 0.0906 0.1145 b 0.1540 2.2466 1.0296 3.2886 0.2037 0.1659 0.2462 0.1840 0.3925 0.1618 0.2570 0.3855 0.0000 
main 2.0000 5.0000 58.0000 9.0000 1.0000 9.0000 8.0000 0.0000 0.0000 0.2500 2.0000 0.0000 0.0000 b 0.1450 2.2500 1.4756 3.7258 0.2500 0.2500 0.2500 0.2500 0.2500 0.2500 0.2500 0.2500 0.0000 
main 2.0000 5.0000 61.0000 10.0000 2.0000 10.0000 9.0000 0.0000 0.0000 0.2500 2.2500 0.0000 0.0000 b 0.1400 2.5000 1.4803 3.9922 0.2500 0.2500 0.2500 0.2500 0.2500 0.2500 0.2500 0.2500 0.2500 
main 2.0000 5.0000 44.0000 4.0000 0.0000 4.0000 3.0000 1.0000 0.0431 0.2514 0.7543 0.0349 0.0588 b 0.2420 1.0043 1.4064 2.4134 0.2061 0.2564 0.2918 0.0000 0.0000 0.0000 0.0000 0.0000 0.0000 
main 2.0000 5.0000 33.0000 7.0000 1.0000 7.0000 6.0000 2.0000 0.0938 0.2498 1.4991 0.0906 0.1145 b 0.1780 1.7491 1.2080 2.9580 0.1946 0.2667 0.1547 0.3110 0.1736 0.3984 0.0000 0.0000 0.0000 
main 2.0000 5.0000 4.0000 5.0000 0.0000 5.0000 4.0000 0.0000 0.0000 0.2500 1.0000 0.0000 0.0000 b 0.1740 1.2500 1.1495 2.4089 0.2500 0.2500 0.2500 0.2500 0.0000 0.0000 0.0000 0.0000 0.0000 
main 2.0000 5.0000 21.0000 10.0000 2.0000 10.0000 9.0000 2.0000 0.0935 0.2505 2.2549 0.0906 0.1145 b 0.1650 2.5049 1.1835 3.6970 0.1513 0.3781 0.1627 0.1937 0.2239 0.3706 0.1724 0.3581 0.2442 
main 2.0000 5.0000 11.0000 7.0000 1.0000 7.0000 6.0000 1.0000 0.0455 0.2499 1.4996 0.0349 0.0588 b 0.1660 1.7496 1.1609 2.9086 0.2513 0.2128 0.2537 0.2221 0.3364 0.2233 0.0000 0.0000 0.0000 
main 2.0000 5.0000 57.0000 8.0000 1.0000 8.0000 7.0000 2.0000 0.0932 0.2497 1.7476 0.0906 0.1145 b 0.1250 1.9976 1.4769 3.4732 0.2113 0.1831 0.2564 0.1818 0.3894 0.1588 0.3668 0.0000 0.0000 
main 2.0000 5.0000 41.0000 10.0000 2.0000 10.0000 9.0000 1.0000 0.0569 0.2505 2.2549 0.0349 0.0588 b 0.1570 2.5049 1.4420 3.9473 0.2755 0.3009 0.1552 0.2625 0.3103 0.2123 0.2999 0.2640 0.1742 
main 2.0000 5.0000 52.0000 7.0000 1.0000 7.0000 6.0000 0.0000 0.0000 0.2500 1.5000 0.0000 0.0000 b 0.1870 1.7500 1.2375 2.9755 0.2500 0.2500 0.2500 0.2500 0.2500 0.2500 0.0000 0.0000 0.0000 
main 2.0000 5.0000 53.0000 7.0000 1.0000 7.0000 6.0000 1.0000 0.0586 0.2507 1.5044 0.0349 0.0588 b 0.1750 1.7544 1.0936 2.8466 0.2308 0.2889 0.2228 0.3497 0.2258 0.1864 0.0000 0.0000 0.0000 
main 2.0000 5.0000 38.0000 9.0000 1.0000 9.0000 8.0000 1.0000 0.0448 0.2496 1.9972 0.0349 0.0588 b 0.1410 2.2472 1.0600 3.3061 0.2170 0.2757 0.2122 0.3128 0.2127 0.2552 0.2034 0.3081 0.0000 
main 2.0000 5.0000 1.0000 4.0000 0.0000 4.0000 3.0000 0.0000 0.0000 0.2500 0.7500 0.0000 0.0000 b 0.3320 1.0000 1.2713 2.2589 0.2500 0.2500 0.2500 0.0000 0.0000 0.0000 0.0000 0.0000 0.0000 
main 2.0000 5.0000 24.0000 4.0000 0.0000 4.0000 3.0000 2.0000 0.0921 0.2500 0.7500 0.0906 0.1145 b 0.1800 1.0000 1.2708 2.2756 0.2672 0.1505 0.3324 0.0000 0.0000 0.0000 0.0000 0.0000 0.0000 
main 2.0000 5.0000 2.0000 4.0000 0.0000 4.0000 3.0000 1.0000 0.0436 0.2490 0.7469 0.0349 0.0588 b 0.1820 0.9969 1.0338 2.0390 0.2599 0.2009 0.2860 0.0000 0.0000 0.0000 0.0000 0.0000 0.0000 
main 2.0000 5.0000 32.0000 7.0000 1.0000 7.0000 6.0000 1.0000 0.0540 0.2497 1.4983 0.0349 0.0588 b 0.1370 1.7483 1.2586 3.0071 0.2231 0.3511 0.2352 0.2632 0.1974 0.2282 0.0000 0.0000 0.0000 
main 2.0000 5.0000 50.0000 6.0000 0.0000 6.0000 5.0000 1.0000 0.0477 0.2494 1.2470 0.0349 0.0588 b 0.1570 1.4970 1.2618 2.7560 0.1832 0.3029 0.2530 0.2841 0.2239 0.0000 0.0000 0.0000 0.0000 
main 2.0000 5.0000 17.0000 9.0000 1.0000 9.0000 8.0000 1.0000 0.0581 0.2505 2.0042 0.0349 0.0588 b 0.0930 2.2542 1.4076 3.6632 0.3013 0.3576 0.2609 0.1980 0.2499 0.2187 0.1756 0.2422 0.0000 
main 2.0000 5.0000 62.0000 10.0000 2.0000 10.0000 9.0000 1.0000 0.0585 0.2495 2.2458 0.0349 0.0588 b 0.1520 2.4958 1.4111 3.9047 0.2994 0.2536 0.2237 0.3233 0.1843 0.2971 0.1514 0.2207 0.2923 
main 2.0000 5.0000 9.0000 6.0000 0.0000 6.0000 5.0000 2.0000 0.0942 0.2498 1.2491 0.0906 0.1145 b 0.1740 1.4991 1.2369 2.7414 0.3801 0.1977 0.1565 0.1981 0.3167 0.0000 0.0000 0.0000 0.0000 
main 2.0000 5.0000 22.0000 4.0000 0.0000 4.0000 3.0000 0.0000 0.0000 0.2500 0.7500 0.0000 0.0000 b 0.2170 1.0000 1.2552 2.2588 0.2500 0.2500 0.2500 0.0000 0.0000 0.0000 0.0000 0.0000 0.0000 
main 2.0000 5.0000 60.0000 9.0000 1.0000 9.0000 8.0000 2.0000 0.0954 0.2499 1.9992 0.0906 0.1145 b 0.1470 2.2492 1.4868 3.7415 0.1514 0.2075 0.3516 0.1643 0.3450 0.2313 0.1647 0.3834 0.0000 
main 2.0000 5.0000 40.0000 10.0000 2.0000 10.0000 9.0000 0.0000 0.0000 0.2500 2.2500 0.0000 0.0000 b 0.1400 2.5000 1.1824 3.6755 0.2500 0.2500 0.2500 0.2500 0.2500 0.2500 0.2500 0.2500 0.2500 
main 2.0000 5.0000 8.0000 6.0000 0.0000 6.0000 5.0000 1.0000 0.0509 0.2496 1.2479 0.0349 0.0588 b 0.1790 1.4979 1.1216 2.6235 0.2066 0.2687 0.2379 0.3280 0.2067 0.0000 0.0000 0.0000 0.0000 
main 2.0000 5.0000 54.0000 7.0000 1.0000 7.0000 6.0000 2.0000 0.0912 0.2500 1.5003 0.0906 0.1145 b 0.1600 1.7503 1.3772 3.1260 0.3548 0.1880 0.1506 0.3097 0.1670 0.3302 0.0000 0.0000 0.0000 
main 2.0000 5.0000 46.0000 5.0000 0.0000 5.0000 4.0000 0.0000 0.0000 0.2500 1.0000 0.0000 0.0000 b 0.1520 1.2500 1.1379 2.3756 0.2500 0.2500 0.2500 0.2500 0.0000 0.0000 0.0000 0.0000 0.0000 
main 2.0000 5.0000 16.0000 9.0000 1.0000 9.0000 8.0000 0.0000 0.0000 0.2500 2.0000 0.0000 0.0000 b 0.1560 2.2500 1.3395 3.5924 0.2500 0.2500 0.2500 0.2500 0.2500 0.2500 0.2500 0.2500 0.0000 
main 2.0000 5.0000 35.0000 8.0000 1.0000 8.0000 7.0000 1.0000 0.0433 0.2507 1.7547 0.0349 0.0588 b 0.1670 2.0047 1.2382 3.2301 0.2287 0.2764 0.2177 0.2660 0.3280 0.2388 0.1990 0.0000 0.0000 
main 2.0000 5.0000 23.0000 4.0000 0.0000 4.0000 3.0000 1.0000 0.0449 0.2497 0.7492 0.0349 0.0588 b 0.1820 0.9992 1.0181 2.0080 0.2995 0.2121 0.2377 0.0000 0.0000 0.0000 0.0000 0.0000 0.0000 
main 2.0000 5.0000 51.0000 6.0000 0.0000 6.0000 5.0000 2.0000 0.0934 0.2493 1.2464 0.0906 0.1145 b 0.1680 1.4964 1.0906 2.5884 0.1972 0.2921 0.1667 0.3934 0.1969 0.0000 0.0000 0.0000 0.0000 
main 2.0000 5.0000 63.0000 10.0000 2.0000 10.0000 9.0000 2.0000 0.0989 0.2504 2.2539 0.0906 0.1145 b 0.1540 2.5039 1.0888 3.5960 0.1625 0.3434 0.1725 0.3820 0.2563 0.1506 0.2268 0.1654 0.3945 
main 2.0000 5.0000 25.0000 5.0000 0.0000 5.0000 4.0000 0.0000 0.0000 0.2500 1.0000 0.0000 0.0000 b 0.1630 1.2500 1.2028 2.4588 0.2500 0.2500 0.2500 0.2500 0.0000 0.0000 0.0000 0.0000 0.0000 
main 2.0000 5.0000 6.0000 5.0000 0.0000 5.0000 4.0000 2.0000 0.1018 0.2510 1.0041 0.0906 0.1145 b 0.1640 1.2541 1.4313 2.6965 0.3067 0.1636 0.3665 0.1674 0.0000 0.0000 0.0000 0.0000 0.0000 
main 2.0000 5.0000 42.0000 10.0000 2.0000 10.0000 9.0000 2.0000 0.0993 0.2503 2.2527 0.0906 0.1145 b 0.1510 2.5027 1.1978 3.7117 0.1777 0.3502 0.1518 0.3948 0.1560 0.2175 0.1817 0.3852 0.2379 
main 2.0000 5.0000 55.0000 8.0000 1.0000 8.0000 7.0000 0.0000 0.0000 0.2500 1.7500 0.0000 0.0000 b 0.1640 2.0000 1.1905 3.1924 0.2500 0.2500 0.2500 0.2500 0.2500 0.2500 0.2500 0.0000 0.0000 
main 2.0000 5.0000 26.0000 5.0000 0.0000 5.0000 4.0000 1.0000 0.0440 0.2496 0.9983 0.0349 0.0588 b 0.1990 1.2483 1.0183 2.2737 0.2930 0.2381 0.2741 0.1931 0.0000 0.0000 0.0000 0.0000 0.0000 
main 2.0000 5.0000 48.0000 5.0000 0.0000 5.0000 4.0000 2.0000 0.1002 0.2495 0.9979 0.0906 0.1145 b 0.1710 1.2479 1.1134 2.3568 0.3799 0.1903 0.2735 0.1543 0.0000 0.0000 0.0000 0.0000 0.0000 
main 2.0000 5.0000 13.0000 8.0000 1.0000 8.0000 7.0000 0.0000 0.0000 0.2500 1.7500 0.0000 0.0000 b 0.1530 2.0000 1.3475 3.3423 0.2500 0.2500 0.2500 0.2500 0.2500 0.2500 0.2500 0.0000 0.0000 
main 2.0000 5.0000 27.0000 5.0000 0.0000 5.0000 4.0000 2.0000 0.1014 0.2507 1.0027 0.0906 0.1145 b 0.2120 1.2527 1.2639 2.5117 0.2073 0.3969 0.2331 0.1654 0.0000 0.0000 0.0000 0.0000 0.0000 
main 2.0000 5.0000 3.0000 4.0000 0.0000 4.0000 3.0000 2.0000 0.1080 0.2485 0.7454 0.0906 0.1145 b 0.1560 0.9954 1.0357 2.0208 0.2095 0.1653 0.3706 0.0000 0.0000 0.0000 0.0000 0.0000 0.0000 
main 2.0000 5.0000 43.0000 4.0000 0.0000 4.0000 3.0000 0.0000 0.0000 0.2500 0.7500 0.0000 0.0000 b 0.1520 1.0000 1.0569 2.0588 0.2500 0.2500 0.2500 0.0000 0.0000 0.0000 0.0000 0.0000 0.0000 
main 2.0000 5.0000 29.0000 6.0000 0.0000 6.0000 5.0000 1.0000 0.0574 0.2499 1.2493 0.0349 0.0588 b 0.1330 1.4993 1.3147 2.8082 0.3334 0.2572 0.1909 0.2668 0.2010 0.0000 0.0000 0.0000 0.0000 
main 2.0000 5.0000 31.0000 7.0000 1.0000 7.0000 6.0000 0.0000 0.0000 0.2500 1.5000 0.0000 0.0000 b 0.1480 1.7500 1.2002 2.9424 0.2500 0.2500 0.2500 0.2500 0.2500 0.2500 0.0000 0.0000 0.0000 
main 2.0000 5.0000 59.0000 9.0000 1.0000 9.0000 8.0000 1.0000 0.0512 0.2497 1.9978 0.0349 0.0588 b 0.1590 2.2478 1.2437 3.4901 0.2250 0.1991 0.2855 0.3264 0.2763 0.2503 0.1663 0.2690 0.0000 
main 2.0000 5.0000 10.0000 7.0000 1.0000 7.0000 6.0000 0.0000 0.0000 0.2500 1.5000 0.0000 0.0000 b 0.1620 1.7500 1.4864 3.2258 0.2500 0.2500 0.2500 0.2500 0.2500 0.2500 0.0000 0.0000 0.0000 
main 2.0000 5.0000 49.0000 6.0000 0.0000 6.0000 5.0000 0.0000 0.0000 0.2500 1.2500 0.0000 0.0000 b 0.1540 1.5000 1.0151 2.5254 0.2500 0.2500 0.2500 0.2500 0.2500 0.0000 0.0000 0.0000 0.0000 
main 2.0000 5.0000 20.0000 10.0000 2.0000 10.0000 9.0000 1.0000 0.0512 0.2500 2.2500 0.0349 0.0588 b 0.1660 2.5000 1.2629 3.7756 0.3123 0.1942 0.2198 0.2903 0.2489 0.2151 0.3067 0.1753 0.2875 
main 2.0000 6.0000 51.0000 6.0000 0.0000 6.0000 5.0000 2.0000 0.0909 0.2490 1.2452 0.0906 0.1145 b 0.1720 1.4952 1.4883 2.9877 0.3570 0.2303 0.1556 0.3296 0.1727 0.0000 0.0000 0.0000 0.0000 
main 2.0000 6.0000 9.0000 6.0000 0.0000 6.0000 5.0000 2.0000 0.0913 0.2505 1.2525 0.0906 0.1145 b 0.1700 1.5025 1.0837 2.5946 0.2941 0.1593 0.3848 0.1813 0.2330 0.0000 0.0000 0.0000 0.0000 
main 2.0000 6.0000 44.0000 4.0000 0.0000 4.0000 3.0000 1.0000 0.0490 0.2489 0.7466 0.0349 0.0588 b 0.1900 0.9966 1.1681 2.1721 0.2915 0.1953 0.2598 0.0000 0.0000 0.0000 0.0000 0.0000 0.0000 
main 2.0000 6.0000 48.0000 5.0000 0.0000 5.0000 4.0000 2.0000 0.0910 0.2498 0.9991 0.0906 0.1145 b 0.1760 1.2491 1.3897 2.6415 0.2332 0.3779 0.1629 0.2251 0.0000 0.0000 0.0000 0.0000 0.0000 
main 2.0000 6.0000 58.0000 9.0000 1.0000 9.0000 8.0000 0.0000 0.0000 0.2500 2.0000 0.0000 0.0000 b 0.1210 2.2500 1.4337 3.6757 0.2500 0.2500 0.2500 0.2500 0.2500 0.2500 0.2500 0.2500 0.0000 
main 2.0000 6.0000 49.0000 6.0000 0.0000 6.0000 5.0000 0.0000 0.0000 0.2500 1.2500 0.0000 0.0000 b 0.1610 1.5000 1.0508 2.5421 0.2500 0.2500 0.2500 0.2500 0.2500 0.0000 0.0000 0.0000 0.0000 
main 2.0000 6.0000 4.0000 5.0000 0.0000 5.0000 4.0000 0.0000 0.0000 0.2500 1.0000 0.0000 0.0000 b 0.1500 1.2500 1.3637 2.6090 0.2500 0.2500 0.2500 0.2500 0.0000 0.0000 0.0000 0.0000 0.0000 
main 2.0000 6.0000 34.0000 8.0000 1.0000 8.0000 7.0000 0.0000 0.0000 0.2500 1.7500 0.0000 0.0000 b 0.1390 2.0000 1.0178 3.0088 0.2500 0.2500 0.2500 0.2500 0.2500 0.2500 0.2500 0.0000 0.0000 
main 2.0000 6.0000 39.0000 9.0000 1.0000 9.0000 8.0000 2.0000 0.0938 0.2504 2.0030 0.0906 0.1145 b 0.1680 2.2530 1.3556 3.5953 0.3231 0.1644 0.2087 0.1502 0.2181 0.3960 0.1876 0.3550 0.0000 
main 2.0000 6.0000 36.0000 8.0000 1.0000 8.0000 7.0000 2.0000 0.0908 0.2506 1.7540 0.0906 0.1145 b 0.1560 2.0040 1.4118 3.4129 0.3543 0.1559 0.3672 0.1644 0.3068 0.2246 0.1808 0.0000 0.0000 
main 2.0000 6.0000 18.0000 9.0000 1.0000 9.0000 8.0000 2.0000 0.0919 0.2499 1.9991 0.0906 0.1145 b 0.1560 2.2491 1.2453 3.4912 0.2137 0.1768 0.3567 0.1633 0.2298 0.3951 0.3073 0.1563 0.0000 
main 2.0000 6.0000 21.0000 10.0000 2.0000 10.0000 9.0000 2.0000 0.0974 0.2500 2.2498 0.0906 0.1145 b 0.1600 2.4998 1.4343 3.9422 0.1565 0.3512 0.1561 0.2185 0.3980 0.1763 0.3754 0.1906 0.2271 
main 2.0000 6.0000 5.0000 5.0000 0.0000 5.0000 4.0000 1.0000 0.0572 0.2490 0.9961 0.0349 0.0588 b 0.1790 1.2461 1.2203 2.4719 0.2298 0.3086 0.1784 0.2793 0.0000 0.0000 0.0000 0.0000 0.0000 
main 2.0000 6.0000 45.0000 4.0000 0.0000 4.0000 3.0000 2.0000 0.0924 0.2516 0.7547 0.0906 0.1145 b 0.1470 1.0047 1.2429 2.2469 0.2599 0.3395 0.1552 0.0000 0.0000 0.0000 0.0000 0.0000 0.0000 
main 2.0000 6.0000 38.0000 9.0000 1.0000 9.0000 8.0000 1.0000 0.0585 0.2498 1.9987 0.0349 0.0588 b 0.1710 2.2487 1.0593 3.3075 0.2497 0.2948 0.1737 0.2620 0.3362 0.2195 0.2904 0.1724 0.0000 
main 2.0000 6.0000 16.0000 9.0000 1.0000 9.0000 8.0000 0.0000 0.0000 0.2500 2.0000 0.0000 0.0000 b 0.1620 2.2500 1.2476 3.5089 0.2500 0.2500 0.2500 0.2500 0.2500 0.2500 0.2500 0.2500 0.0000 
main 2.0000 6.0000 23.0000 4.0000 0.0000 4.0000 3.0000 1.0000 0.0554 0.2483 0.7450 0.0349 0.0588 b 0.1700 0.9950 1.3107 2.3039 0.2956 0.1873 0.2621 0.0000 0.0000 0.0000 0.0000 0.0000 0.0000 
main 2.0000 6.0000 53.0000 7.0000 1.0000 7.0000 6.0000 1.0000 0.0502 0.2501 1.5008 0.0349 0.0588 b 0.1770 1.7508 1.2161 2.9764 0.3184 0.2204 0.2831 0.1753 0.2652 0.2384 0.0000 0.0000 0.0000 
main 2.0000 6.0000 33.0000 7.0000 1.0000 7.0000 6.0000 2.0000 0.0934 0.2502 1.5010 0.0906 0.1145 b 0.1850 1.7510 1.0835 2.8265 0.3037 0.2025 0.3907 0.1623 0.2893 0.1526 0.0000 0.0000 0.0000 
main 2.0000 6.0000 8.0000 6.0000 0.0000 6.0000 5.0000 1.0000 0.0424 0.2502 1.2509 0.0349 0.0588 b 0.1680 1.5009 1.4654 2.9600 0.2910 0.2581 0.2836 0.1869 0.2314 0.0000 0.0000 0.0000 0.0000 
main 2.0000 6.0000 56.0000 8.0000 1.0000 8.0000 7.0000 1.0000 0.0576 0.2495 1.7462 0.0349 0.0588 b 0.1540 1.9962 1.4280 3.4221 0.2373 0.1589 0.2804 0.3222 0.2488 0.1979 0.3008 0.0000 0.0000 
main 2.0000 6.0000 31.0000 7.0000 1.0000 7.0000 6.0000 0.0000 0.0000 0.2500 1.5000 0.0000 0.0000 b 0.1620 1.7500 1.4147 3.1589 0.2500 0.2500 0.2500 0.2500 0.2500 0.2500 0.0000 0.0000 0.0000 
main 2.0000 6.0000 41.0000 10.0000 2.0000 10.0000 9.0000 1.0000 0.0566 0.2498 2.2481 0.0349 0.0588 b 0.1440 2.4981 1.3824 3.8737 0.3359 0.2255 0.1653 0.3242 0.2377 0.2074 0.2565 0.2093 0.2862 
main 2.0000 6.0000 13.0000 8.0000 1.0000 8.0000 7.0000 0.0000 0.0000 0.2500 1.7500 0.0000 0.0000 b 0.1870 2.0000 1.1162 3.1090 0.2500 0.2500 0.2500 0.2500 0.2500 0.2500 0.2500 0.0000 0.0000 
main 2.0000 6.0000 2.0000 4.0000 0.0000 4.0000 3.0000 1.0000 0.0571 0.2497 0.7492 0.0349 0.0588 b 0.2900 0.9992 1.3148 2.3081 0.2438 0.1958 0.3096 0.0000 0.0000 0.0000 0.0000 0.0000 0.0000 
main 2.0000 6.0000 3.0000 4.0000 0.0000 4.0000 3.0000 2.0000 0.0966 0.2515 0.7545 0.0906 0.1145 b 0.2160 1.0045 1.2580 2.2633 0.3565 0.1664 0.2316 0.0000 0.0000 0.0000 0.0000 0.0000 0.0000 
main 2.0000 6.0000 17.0000 9.0000 1.0000 9.0000 8.0000 1.0000 0.0504 0.2500 2.0003 0.0349 0.0588 b 0.2090 2.2503 1.3973 3.6593 0.1670 0.3069 0.2812 0.2390 0.3122 0.2148 0.2646 0.2146 0.0000 
main 2.0000 6.0000 26.0000 5.0000 0.0000 5.0000 4.0000 1.0000 0.0401 0.2494 0.9977 0.0349 0.0588 b 0.1630 1.2477 1.1745 2.4234 0.1949 0.2502 0.2905 0.2622 0.0000 0.0000 0.0000 0.0000 0.0000 
main 2.0000 6.0000 14.0000 8.0000 1.0000 8.0000 7.0000 1.0000 0.0573 0.2498 1.7487 0.0349 0.0588 b 0.1780 1.9987 1.2980 3.3075 0.2990 0.3469 0.2474 0.1920 0.2530 0.2212 0.1894 0.0000 0.0000 
main 2.0000 6.0000 11.0000 7.0000 1.0000 7.0000 6.0000 1.0000 0.0576 0.2497 1.4979 0.0349 0.0588 b 0.1690 1.7479 1.0964 2.8568 0.2911 0.2207 0.2568 0.1550 0.3204 0.2540 0.0000 0.0000 0.0000 
main 2.0000 6.0000 43.0000 4.0000 0.0000 4.0000 3.0000 0.0000 0.0000 0.2500 0.7500 0.0000 0.0000 b 0.1820 1.0000 1.1919 2.1923 0.2500 0.2500 0.2500 0.0000 0.0000 0.0000 0.0000 0.0000 0.0000 
main 2.0000 6.0000 27.0000 5.0000 0.0000 5.0000 4.0000 2.0000 0.0964 0.2489 0.9954 0.0906 0.1145 b 0.1580 1.2454 1.4205 2.6712 0.1750 0.3505 0.1584 0.3116 0.0000 0.0000 0.0000 0.0000 0.0000 
main 2.0000 6.0000 57.0000 8.0000 1.0000 8.0000 7.0000 2.0000 0.0955 0.2501 1.7504 0.0906 0.1145 b 0.1910 2.0004 1.3155 3.3259 0.1643 0.3176 0.2417 0.3535 0.1556 0.3660 0.1516 0.0000 0.0000 
main 2.0000 6.0000 12.0000 7.0000 1.0000 7.0000 6.0000 2.0000 0.0926 0.2506 1.5037 0.0906 0.1145 b 0.1610 1.7537 1.4654 3.2127 0.3324 0.3772 0.1568 0.1859 0.2803 0.1712 0.0000 0.0000 0.0000 
main 2.0000 6.0000 35.0000 8.0000 1.0000 8.0000 7.0000 1.0000 0.0583 0.2505 1.7537 0.0349 0.0588 b 0.1710 2.0037 1.4385 3.4460 0.2994 0.1779 0.2610 0.3132 0.1990 0.3064 0.1968 0.0000 0.0000 
main 2.0000 6.0000 15.0000 8.0000 1.0000 8.0000 7.0000 2.0000 0.0930 0.2506 1.7539 0.0906 0.1145 b 0.1850 2.0039 1.1333 3.1293 0.1674 0.3128 0.1534 0.2258 0.3827 0.3381 0.1737 0.0000 0.0000 
main 2.0000 6.0000 46.0000 5.0000 0.0000 5.0000 4.0000 0.0000 0.0000 0.2500 1.0000 0.0000 0.0000 b 0.2340 1.2500 1.0683 2.3088 0.2500 0.2500 0.2500 0.2500 0.0000 0.0000 0.0000 0.0000 0.0000 
main 2.0000 6.0000 6.0000 5.0000 0.0000 5.0000 4.0000 2.0000 0.1006 0.2496 0.9984 0.0906 0.1145 b 0.1700 1.2484 1.1688 2.4072 0.1661 0.3303 0.1592 0.3428 0.0000 0.0000 0.0000 0.0000 0.0000 
main 2.0000 6.0000 63.0000 10.0000 2.0000 10.0000 9.0000 2.0000 0.0993 0.2503 2.2530 0.0906 0.1145 b 0.1750 2.5030 1.4408 3.9454 0.1522 0.1866 0.3860 0.3507 0.3758 0.1521 0.2224 0.1509 0.2763 
main 2.0000 6.0000 54.0000 7.0000 1.0000 7.0000 6.0000 2.0000 0.0928 0.2506 1.5038 0.0906 0.1145 b 0.2070 1.7538 1.1850 2.9293 0.1591 0.2637 0.1981 0.3828 0.1655 0.3346 0.0000 0.0000 0.0000 
main 2.0000 6.0000 50.0000 6.0000 0.0000 6.0000 5.0000 1.0000 0.0479 0.2494 1.2470 0.0349 0.0588 b 0.1950 1.4970 1.0594 2.5558 0.3110 0.2232 0.2840 0.2372 0.1916 0.0000 0.0000 0.0000 0.0000 
main 2.0000 6.0000 25.0000 5.0000 0.0000 5.0000 4.0000 0.0000 0.0000 0.2500 1.0000 0.0000 0.0000 b 0.1720 1.2500 1.2321 2.4757 0.2500 0.2500 0.2500 0.2500 0.0000 0.0000 0.0000 0.0000 0.0000 
main 2.0000 6.0000 10.0000 7.0000 1.0000 7.0000 6.0000 0.0000 0.0000 0.2500 1.5000 0.0000 0.0000 b 0.1210 1.7500 1.4222 3.1757 0.2500 0.2500 0.2500 0.2500 0.2500 0.2500 0.0000 0.0000 0.0000 
main 2.0000 6.0000 42.0000 10.0000 2.0000 10.0000 9.0000 2.0000 0.0912 0.2497 2.2470 0.0906 0.1145 b 0.1640 2.4970 1.3051 3.8060 0.3685 0.2131 0.3935 0.1510 0.2278 0.1592 0.2322 0.3272 0.1745 
main 2.0000 6.0000 29.0000 6.0000 0.0000 6.0000 5.0000 1.0000 0.0560 0.2492 1.2458 0.0349 0.0588 b 0.1910 1.4958 1.1684 2.6715 0.2650 0.2341 0.3371 0.1904 0.2192 0.0000 0.0000 0.0000 0.0000 
main 2.0000 6.0000 62.0000 10.0000 2.0000 10.0000 9.0000 1.0000 0.0543 0.2497 2.2471 0.0349 0.0588 b 0.1400 2.4971 1.1791 3.6892 0.3190 0.2171 0.3158 0.2250 0.3025 0.1806 0.2414 0.1801 0.2655 
main 2.0000 6.0000 55.0000 8.0000 1.0000 8.0000 7.0000 0.0000 0.0000 0.2500 1.7500 0.0000 0.0000 b 0.1370 2.0000 1.3911 3.3923 0.2500 0.2500 0.2500 0.2500 0.2500 0.2500 0.2500 0.0000 0.0000 
main 2.0000 6.0000 40.0000 10.0000 2.0000 10.0000 9.0000 0.0000 0.0000 0.2500 2.2500 0.0000 0.0000 b 0.2030 2.5000 1.1745 3.6757 0.2500 0.2500 0.2500 0.2500 0.2500 0.2500 0.2500 0.2500 0.2500 
main 2.0000 6.0000 61.0000 10.0000 2.0000 10.0000 9.0000 0.0000 0.0000 0.2500 2.2500 0.0000 0.0000 b 0.1990 2.5000 1.2282 3.7257 0.2500 0.2500 0.2500 0.2500 0.2500 0.2500 0.2500 0.2500 0.2500 
main 2.0000 6.0000 37.0000 9.0000 1.0000 9.0000 8.0000 0.0000 0.0000 0.2500 2.0000 0.0000 0.0000 b 0.2090 2.2500 1.3769 3.6256 0.2500 0.2500 0.2500 0.2500 0.2500 0.2500 0.2500 0.2500 0.0000 
main 2.0000 6.0000 1.0000 4.0000 0.0000 4.0000 3.0000 0.0000 0.0000 0.2500 0.7500 0.0000 0.0000 b 0.2740 1.0000 1.2368 2.2422 0.2500 0.2500 0.2500 0.0000 0.0000 0.0000 0.0000 0.0000 0.0000 
main 2.0000 6.0000 52.0000 7.0000 1.0000 7.0000 6.0000 0.0000 0.0000 0.2500 1.5000 0.0000 0.0000 b 0.1560 1.7500 1.1716 2.9255 0.2500 0.2500 0.2500 0.2500 0.2500 0.2500 0.0000 0.0000 0.0000 
main 2.0000 6.0000 24.0000 4.0000 0.0000 4.0000 3.0000 2.0000 0.1108 0.2491 0.7473 0.0906 0.1145 b 0.2090 0.9973 1.2652 2.2563 0.1551 0.2210 0.3712 0.0000 0.0000 0.0000 0.0000 0.0000 0.0000 
main 2.0000 6.0000 28.0000 6.0000 0.0000 6.0000 5.0000 0.0000 0.0000 0.2500 1.2500 0.0000 0.0000 b 0.1300 1.5000 1.3275 2.8255 0.2500 0.2500 0.2500 0.2500 0.2500 0.0000 0.0000 0.0000 0.0000 
main 2.0000 6.0000 22.0000 4.0000 0.0000 4.0000 3.0000 0.0000 0.0000 0.2500 0.7500 0.0000 0.0000 b 0.1780 1.0000 1.1579 2.1588 0.2500 0.2500 0.2500 0.0000 0.0000 0.0000 0.0000 0.0000 0.0000 
main 2.0000 6.0000 60.0000 9.0000 1.0000 9.0000 8.0000 2.0000 0.0913 0.2503 2.0025 0.0906 0.1145 b 0.1990 2.2525 1.4567 3.7114 0.3897 0.1638 0.3357 0.1546 0.2217 0.3414 0.2122 0.1834 0.0000 
main 2.0000 6.0000 20.0000 10.0000 2.0000 10.0000 9.0000 1.0000 0.0536 0.2502 2.2519 0.0349 0.0588 b 0.1820 2.5019 1.4145 3.9110 0.2061 0.2881 0.1628 0.2307 0.3063 0.2697 0.1994 0.2662 0.3227 
main 2.0000 6.0000 30.0000 6.0000 0.0000 6.0000 5.0000 2.0000 0.0978 0.2502 1.2511 0.0906 0.1145 b 0.1870 1.5011 1.2040 2.7102 0.3014 0.1625 0.2103 0.3968 0.1803 0.0000 0.0000 0.0000 0.0000 
main 2.0000 6.0000 7.0000 6.0000 0.0000 6.0000 5.0000 0.0000 0.0000 0.2500 1.2500 0.0000 0.0000 b 0.1470 1.5000 1.1667 2.6754 0.2500 0.2500 0.2500 0.2500 0.2500 0.0000 0.0000 0.0000 0.0000 
main 2.0000 6.0000 19.0000 10.0000 2.0000 10.0000 9.0000 0.0000 0.0000 0.2500 2.2500 0.0000 0.0000 b 0.1420 2.5000 1.1162 3.6254 0.2500 0.2500 0.2500 0.2500 0.2500 0.2500 0.2500 0.2500 0.2500 
main 2.0000 6.0000 59.0000 9.0000 1.0000 9.0000 8.0000 1.0000 0.0450 0.2503 2.0020 0.0349 0.0588 b 0.1720 2.2520 1.3142 3.5776 0.2485 0.2811 0.3216 0.2714 0.1942 0.2614 0.1849 0.2388 0.0000 
main 2.0000 6.0000 47.0000 5.0000 0.0000 5.0000 4.0000 1.0000 0.0505 0.2502 1.0008 0.0349 0.0588 b 0.2430 1.2508 1.2661 2.5264 0.3160 0.2604 0.1991 0.2252 0.0000 0.0000 0.0000 0.0000 0.0000 
main 2.0000 6.0000 32.0000 7.0000 1.0000 7.0000 6.0000 1.0000 0.0442 0.2503 1.5016 0.0349 0.0588 b 0.1610 1.7516 1.3239 3.0772 0.2830 0.2486 0.3099 0.2252 0.2517 0.1832 0.0000 0.0000 0.0000 
main 2.0000 7.0000 60.0000 9.0000 1.0000 9.0000 8.0000 2.0000 0.0999 0.2500 1.9997 0.0906 0.1145 b 0.1650 2.2497 1.0207 3.2752 0.1636 0.3350 0.1637 0.2037 0.3942 0.2056 0.1616 0.3722 0.0000 
main 2.0000 7.0000 22.0000 4.0000 0.0000 4.0000 3.0000 0.0000 0.0000 0.2500 0.7500 0.0000 0.0000 b 0.1770 1.0000 1.0454 2.0422 0.2500 0.2500 0.2500 0.0000 0.0000 0.0000 0.0000 0.0000 0.0000 
main 2.0000 7.0000 35.0000 8.0000 1.0000 8.0000 7.0000 1.0000 0.0434 0.2500 1.7503 0.0349 0.0588 b 0.1490 2.0003 1.0373 3.0258 0.2107 0.2547 0.3088 0.2258 0.2663 0.1904 0.2935 0.0000 0.0000 
main 2.0000 7.0000 50.0000 6.0000 0.0000 6.0000 5.0000 1.0000 0.0526 0.2492 1.2462 0.0349 0.0588 b 0.1840 1.4962 1.1403 2.6383 0.2284 0.2571 0.3160 0.1740 0.2708 0.0000 0.0000 0.0000 0.0000 
main 2.0000 7.0000 17.0000 9.0000 1.0000 9.0000 8.0000 1.0000 0.0569 0.2504 2.0031 0.0349 0.0588 b 0.1600 2.2531 1.2419 3.4954 0.2223 0.2988 0.1666 0.2742 0.3316 0.1952 0.2240 0.2904 0.0000 
main 2.0000 7.0000 58.0000 9.0000 1.0000 9.0000 8.0000 0.0000 0.0000 0.2500 2.0000 0.0000 0.0000 b 0.1430 2.2500 1.4100 3.6757 0.2500 0.2500 0.2500 0.2500 0.2500 0.2500 0.2500 0.2500 0.0000 
main 2.0000 7.0000 48.0000 5.0000 0.0000 5.0000 4.0000 2.0000 0.1006 0.2507 1.0030 0.0906 0.1145 b 0.1780 1.2530 1.1854 2.4452 0.2881 0.1837 0.1560 0.3752 0.0000 0.0000 0.0000 0.0000 0.0000 
main 2.0000 7.0000 41.0000 10.0000 2.0000 10.0000 9.0000 1.0000 0.0490 0.2498 2.2480 0.0349 0.0588 b 0.1340 2.4980 1.4668 3.9737 0.1870 0.2478 0.2114 0.2843 0.2460 0.3163 0.2017 0.2300 0.3234 
main 2.0000 7.0000 59.0000 9.0000 1.0000 9.0000 8.0000 1.0000 0.0426 0.2497 1.9979 0.0349 0.0588 b 0.1410 2.2479 1.2834 3.5402 0.2788 0.2491 0.2009 0.3076 0.2198 0.1945 0.2507 0.2965 0.0000 
main 2.0000 7.0000 18.0000 9.0000 1.0000 9.0000 8.0000 2.0000 0.0941 0.2501 2.0007 0.0906 0.1145 b 0.1820 2.2507 1.4157 3.6764 0.2677 0.1970 0.3845 0.1880 0.1526 0.3846 0.2704 0.1558 0.0000 
main 2.0000 7.0000 26.0000 5.0000 0.0000 5.0000 4.0000 1.0000 0.0422 0.2505 1.0020 0.0349 0.0588 b 0.2270 1.2520 1.0667 2.3275 0.2796 0.2250 0.2924 0.2049 0.0000 0.0000 0.0000 0.0000 0.0000 
main 2.0000 7.0000 45.0000 4.0000 0.0000 4.0000 3.0000 2.0000 0.1117 0.2508 0.7525 0.0906 0.1145 b 0.2430 1.0025 1.2947 2.2948 0.1599 0.2172 0.3755 0.0000 0.0000 0.0000 0.0000 0.0000 0.0000 
main 2.0000 7.0000 49.0000 6.0000 0.0000 6.0000 5.0000 0.0000 0.0000 0.2500 1.2500 0.0000 0.0000 b 0.1850 1.5000 1.0155 2.5088 0.2500 0.2500 0.2500 0.2500 0.2500 0.0000 0.0000 0.0000 0.0000 
main 2.0000 7.0000 42.0000 10.0000 2.0000 10.0000 9.0000 2.0000 0.0928 0.2505 2.2544 0.0906 0.1145 b 0.1570 2.5044 1.4401 3.9469 0.1877 0.1595 0.2875 0.1697 0.3114 0.2252 0.3879 0.1504 0.3752 
main 2.0000 7.0000 52.0000 7.0000 1.0000 7.0000 6.0000 0.0000 0.0000 0.2500 1.5000 0.0000 0.0000 b 0.1770 1.7500 1.4741 3.2256 0.2500 0.2500 0.2500 0.2500 0.2500 0.2500 0.0000 0.0000 0.0000 
main 2.0000 7.0000 20.0000 10.0000 2.0000 10.0000 9.0000 1.0000 0.0537 0.2505 2.2543 0.0349 0.0588 b 0.1760 2.5043 1.3969 3.8966 0.2340 0.2687 0.3016 0.2213 0.3053 0.1691 0.3155 0.1796 0.2592 
main 2.0000 7.0000 6.0000 5.0000 0.0000 5.0000 4.0000 2.0000 0.1122 0.2494 0.9975 0.0906 0.1145 b 0.2450 1.2475 1.3268 2.5732 0.3228 0.1503 0.3677 0.1568 0.0000 0.0000 0.0000 0.0000 0.0000 
main 2.0000 7.0000 24.0000 4.0000 0.0000 4.0000 3.0000 2.0000 0.1126 0.2489 0.7468 0.0906 0.1145 b 0.1900 0.9968 1.0602 2.0556 0.1711 0.3781 0.1975 0.0000 0.0000 0.0000 0.0000 0.0000 0.0000 
main 2.0000 7.0000 12.0000 7.0000 1.0000 7.0000 6.0000 2.0000 0.0959 0.2506 1.5037 0.0906 0.1145 b 0.1580 1.7537 1.3512 3.0961 0.1742 0.3837 0.2458 0.1542 0.3509 0.1949 0.0000 0.0000 0.0000 
main 2.0000 7.0000 63.0000 10.0000 2.0000 10.0000 9.0000 2.0000 0.0926 0.2500 2.2503 0.0906 0.1145 b 0.1540 2.5003 1.4187 3.9093 0.3212 0.1544 0.1995 0.2573 0.3587 0.1504 0.3908 0.1501 0.2679 
main 2.0000 7.0000 1.0000 4.0000 0.0000 4.0000 3.0000 0.0000 0.0000 0.2500 0.7500 0.0000 0.0000 b 0.3010 1.0000 1.0221 2.0256 0.2500 0.2500 0.2500 0.0000 0.0000 0.0000 0.0000 0.0000 0.0000 
main 2.0000 7.0000 51.0000 6.0000 0.0000 6.0000 5.0000 2.0000 0.0946 0.2506 1.2528 0.0906 0.1145 b 0.1790 1.5028 1.2522 2.7618 0.1542 0.2380 0.3994 0.1894 0.2718 0.0000 0.0000 0.0000 0.0000 
main 2.0000 7.0000 28.0000 6.0000 0.0000 6.0000 5.0000 0.0000 0.0000 0.2500 1.2500 0.0000 0.0000 b 0.1850 1.5000 1.0299 2.5423 0.2500 0.2500 0.2500 0.2500 0.2500 0.0000 0.0000 0.0000 0.0000 
main 2.0000 7.0000 8.0000 6.0000 0.0000 6.0000 5.0000 1.0000 0.0485 0.2501 1.2503 0.0349 0.0588 b 0.1610 1.5003 1.3937 2.8925 0.1893 0.2563 0.3196 0.2234 0.2618 0.0000 0.0000 0.0000 0.0000 
main 2.0000 7.0000 57.0000 8.0000 1.0000 8.0000 7.0000 2.0000 0.0932 0.2493 1.7450 0.0906 0.1145 b 0.1460 1.9950 1.2278 3.2208 0.3991 0.1513 0.1951 0.2451 0.3342 0.2686 0.1516 0.0000 0.0000 
main 2.0000 7.0000 14.0000 8.0000 1.0000 8.0000 7.0000 1.0000 0.0500 0.2506 1.7545 0.0349 0.0588 b 0.1430 2.0045 1.3918 3.3969 0.3002 0.2437 0.3139 0.2044 0.2873 0.2166 0.1885 0.0000 0.0000 
main 2.0000 7.0000 11.0000 7.0000 1.0000 7.0000 6.0000 1.0000 0.0569 0.2507 1.5041 0.0349 0.0588 b 0.1860 1.7541 1.2787 3.0296 0.2297 0.2965 0.2018 0.3381 0.1906 0.2473 0.0000 0.0000 0.0000 
main 2.0000 7.0000 55.0000 8.0000 1.0000 8.0000 7.0000 0.0000 0.0000 0.2500 1.7500 0.0000 0.0000 b 0.1650 2.0000 1.1548 3.1589 0.2500 0.2500 0.2500 0.2500 0.2500 0.2500 0.2500 0.0000 0.0000 
main 2.0000 7.0000 39.0000 9.0000 1.0000 9.0000 8.0000 2.0000 0.0965 0.2498 1.9984 0.0906 0.1145 b 0.1780 2.2484 1.1481 3.3906 0.1540 0.3740 0.1672 0.2185 0.3734 0.2141 0.3388 0.1583 0.0000 
main 2.0000 7.0000 37.0000 9.0000 1.0000 9.0000 8.0000 0.0000 0.0000 0.2500 2.0000 0.0000 0.0000 b 0.1790 2.2500 1.3700 3.6256 0.2500 0.2500 0.2500 0.2500 0.2500 0.2500 0.2500 0.2500 0.0000 
main 2.0000 7.0000 56.0000 8.0000 1.0000 8.0000 7.0000 1.0000 0.0471 0.2507 1.7546 0.0349 0.0588 b 0.1930 2.0046 1.3317 3.3303 0.2365 0.3146 0.2282 0.2661 0.1667 0.2849 0.2576 0.0000 0.0000 
main 2.0000 7.0000 23.0000 4.0000 0.0000 4.0000 3.0000 1.0000 0.0385 0.2497 0.7492 0.0349 0.0588 b 0.2680 0.9992 1.4330 2.4247 0.2622 0.2065 0.2805 0.0000 0.0000 0.0000 0.0000 0.0000 0.0000 
main 2.0000 7.0000 19.0000 10.0000 2.0000 10.0000 9.0000 0.0000 0.0000 0.2500 2.2500 0.0000 0.0000 b 0.1660 2.5000 1.4305 3.9256 0.2500 0.2500 0.2500 0.2500 0.2500 0.2500 0.2500 0.2500 0.2500 
main 2.0000 7.0000 62.0000 10.0000 2.0000 10.0000 9.0000 1.0000 0.0562 0.2500 2.2504 0.0349 0.0588 b 0.1800 2.5004 1.0829 3.5759 0.2322 0.1903 0.2679 0.2299 0.2836 0.1809 0.3678 0.2281 0.2698 
main 2.0000 7.0000 25.0000 5.0000 0.0000 5.0000 4.0000 0.0000 0.0000 0.2500 1.0000 0.0000 0.0000 b 0.2110 1.2500 1.0568 2.2921 0.2500 0.2500 0.2500 0.2500 0.0000 0.0000 0.0000 0.0000 0.0000 
main 2.0000 7.0000 13.0000 8.0000 1.0000 8.0000 7.0000 0.0000 0.0000 0.2500 1.7500 0.0000 0.0000 b 0.1550 2.0000 1.4948 3.5091 0.2500 0.2500 0.2500 0.2500 0.2500 0.2500 0.2500 0.0000 0.0000 
main 2.0000 7.0000 33.0000 7.0000 1.0000 7.0000 6.0000 2.0000 0.0970 0.2501 1.5008 0.0906 0.1145 b 0.1570 1.7508 1.0832 2.8431 0.1684 0.3920 0.1769 0.2109 0.3535 0.1991 0.0000 0.0000 0.0000 
main 2.0000 7.0000 40.0000 10.0000 2.0000 10.0000 9.0000 0.0000 0.0000 0.2500 2.2500 0.0000 0.0000 b 0.1470 2.5000 1.0163 3.5255 0.2500 0.2500 0.2500 0.2500 0.2500 0.2500 0.2500 0.2500 0.2500 
main 2.0000 7.0000 53.0000 7.0000 1.0000 7.0000 6.0000 1.0000 0.0548 0.2505 1.5027 0.0349 0.0588 b 0.1650 1.7527 1.4616 3.2118 0.1617 0.2502 0.3034 0.2651 0.3052 0.2171 0.0000 0.0000 0.0000 
main 2.0000 7.0000 54.0000 7.0000 1.0000 7.0000 6.0000 2.0000 0.0995 0.2503 1.5021 0.0906 0.1145 b 0.1590 1.7521 1.4909 3.2444 0.1680 0.3124 0.1524 0.3462 0.1620 0.3611 0.0000 0.0000 0.0000 
main 2.0000 7.0000 15.0000 8.0000 1.0000 8.0000 7.0000 2.0000 0.1072 0.2499 1.7491 0.0906 0.1145 b 0.1670 1.9991 1.2774 3.2747 0.1510 0.3005 0.1852 0.3828 0.1857 0.3938 0.1502 0.0000 0.0000 
main 2.0000 7.0000 61.0000 10.0000 2.0000 10.0000 9.0000 0.0000 0.0000 0.2500 2.2500 0.0000 0.0000 b 0.1280 2.5000 1.2310 3.7255 0.2500 0.2500 0.2500 0.2500 0.2500 0.2500 0.2500 0.2500 0.2500 
main 2.0000 7.0000 10.0000 7.0000 1.0000 7.0000 6.0000 0.0000 0.0000 0.2500 1.5000 0.0000 0.0000 b 0.1650 1.7500 1.4666 3.2089 0.2500 0.2500 0.2500 0.2500 0.2500 0.2500 0.0000 0.0000 0.0000 
main 2.0000 7.0000 38.0000 9.0000 1.0000 9.0000 8.0000 1.0000 0.0508 0.2494 1.9956 0.0349 0.0588 b 0.1680 2.2456 1.1652 3.4043 0.2669 0.2033 0.1702 0.2638 0.3311 0.2866 0.2176 0.2562 0.0000 
main 2.0000 7.0000 2.0000 4.0000 0.0000 4.0000 3.0000 1.0000 0.0560 0.2504 0.7512 0.0349 0.0588 b 0.2030 1.0012 1.4532 2.4603 0.2325 0.3132 0.2055 0.0000 0.0000 0.0000 0.0000 0.0000 0.0000 
main 2.0000 7.0000 21.0000 10.0000 2.0000 10.0000 9.0000 2.0000 0.0911 0.2504 2.2536 0.0906 0.1145 b 0.1410 2.5036 1.3090 3.8126 0.1543 0.3128 0.1686 0.2944 0.2508 0.1610 0.3656 0.1674 0.3789 
main 2.0000 7.0000 31.0000 7.0000 1.0000 7.0000 6.0000 0.0000 0.0000 0.2500 1.5000 0.0000 0.0000 b 0.2920 1.7500 1.4331 3.1755 0.2500 0.2500 0.2500 0.2500 0.2500 0.2500 0.0000 0.0000 0.0000 
main 2.0000 7.0000 34.0000 8.0000 1.0000 8.0000 7.0000 0.0000 0.0000 0.2500 1.7500 0.0000 0.0000 b 0.1590 2.0000 1.0803 3.0755 0.2500 0.2500 0.2500 0.2500 0.2500 0.2500 0.2500 0.0000 0.0000 
main 2.0000 7.0000 29.0000 6.0000 0.0000 6.0000 5.0000 1.0000 0.0552 0.2508 1.2538 0.0349 0.0588 b 0.1590 1.5038 1.2455 2.7462 0.2385 0.2122 0.2905 0.1895 0.3231 0.0000 0.0000 0.0000 0.0000 
main 2.0000 7.0000 4.0000 5.0000 0.0000 5.0000 4.0000 0.0000 0.0000 0.2500 1.0000 0.0000 0.0000 b 0.1340 1.2500 1.1248 2.3755 0.2500 0.2500 0.2500 0.2500 0.0000 0.0000 0.0000 0.0000 0.0000 
main 2.0000 7.0000 36.0000 8.0000 1.0000 8.0000 7.0000 2.0000 0.0945 0.2504 1.7528 0.0906 0.1145 b 0.1380 2.0028 1.2568 3.2617 0.1507 0.3463 0.1513 0.3558 0.3024 0.1547 0.2915 0.0000 0.0000 
main 2.0000 7.0000 44.0000 4.0000 0.0000 4.0000 3.0000 1.0000 0.0507 0.2516 0.7547 0.0349 0.0588 b 0.3780 1.0047 1.4854 2.4970 0.2111 0.3084 0.2352 0.0000 0.0000 0.0000 0.0000 0.0000 0.0000 
main 2.0000 7.0000 9.0000 6.0000 0.0000 6.0000 5.0000 2.0000 0.1030 0.2502 1.2508 0.0906 0.1145 b 0.1530 1.5008 1.4106 2.9098 0.1702 0.3332 0.3868 0.1607 0.1999 0.0000 0.0000 0.0000 0.0000 
main 2.0000 7.0000 27.0000 5.0000 0.0000 5.0000 4.0000 2.0000 0.1026 0.2489 0.9956 0.0906 0.1145 b 0.1830 1.2456 1.0704 2.3212 0.2257 0.1886 0.4000 0.1813 0.0000 0.0000 0.0000 0.0000 0.0000 
main 2.0000 7.0000 30.0000 6.0000 0.0000 6.0000 5.0000 2.0000 0.0941 0.2498 1.2491 0.0906 0.1145 b 0.1520 1.4991 1.1625 2.6579 0.2245 0.1544 0.3329 0.1736 0.3637 0.0000 0.0000 0.0000 0.0000 
main 2.0000 7.0000 16.0000 9.0000 1.0000 9.0000 8.0000 0.0000 0.0000 0.2500 2.0000 0.0000 0.0000 b 0.1520 2.2500 1.2241 3.4755 0.2500 0.2500 0.2500 0.2500 0.2500 0.2500 0.2500 0.2500 0.0000 
main 2.0000 7.0000 3.0000 4.0000 0.0000 4.0000 3.0000 2.0000 0.1140 0.2507 0.7522 0.0906 0.1145 b 0.2380 1.0022 1.0021 2.0110 0.1532 0.3761 0.2229 0.0000 0.0000 0.0000 0.0000 0.0000 0.0000 
main 2.0000 7.0000 46.0000 5.0000 0.0000 5.0000 4.0000 0.0000 0.0000 0.2500 1.0000 0.0000 0.0000 b 0.1560 1.2500 1.0806 2.3255 0.2500 0.2500 0.2500 0.2500 0.0000 0.0000 0.0000 0.0000 0.0000 
main 2.0000 7.0000 47.0000 5.0000 0.0000 5.0000 4.0000 1.0000 0.0484 0.2505 1.0019 0.0349 0.0588 b 0.1540 1.2519 1.4881 2.7444 0.2953 0.1952 0.2866 0.2248 0.0000 0.0000 0.0000 0.0000 0.0000 
main 2.0000 7.0000 43.0000 4.0000 0.0000 4.0000 3.0000 0.0000 0.0000 0.2500 0.7500 0.0000 0.0000 b 0.1580 1.0000 1.0497 2.0422 0.2500 0.2500 0.2500 0.0000 0.0000 0.0000 0.0000 0.0000 0.0000 
main 2.0000 7.0000 5.0000 5.0000 0.0000 5.0000 4.0000 1.0000 0.0525 0.2493 0.9971 0.0349 0.0588 b 0.1450 1.2471 1.0064 2.2557 0.2557 0.3070 0.2550 0.1794 0.0000 0.0000 0.0000 0.0000 0.0000 
main 2.0000 7.0000 7.0000 6.0000 0.0000 6.0000 5.0000 0.0000 0.0000 0.2500 1.2500 0.0000 0.0000 b 0.1480 1.5000 1.3666 2.8588 0.2500 0.2500 0.2500 0.2500 0.2500 0.0000 0.0000 0.0000 0.0000 
main 2.0000 7.0000 32.0000 7.0000 1.0000 7.0000 6.0000 1.0000 0.0569 0.2500 1.4998 0.0349 0.0588 b 0.1470 1.7498 1.2011 2.9419 0.1936 0.3318 0.2631 0.2201 0.2968 0.1944 0.0000 0.0000 0.0000 
main 2.0000 8.0000 26.0000 5.0000 0.0000 5.0000 4.0000 1.0000 0.0508 0.2499 0.9994 0.0349 0.0588 b 0.1830 1.2494 1.2753 2.5250 0.2671 0.2334 0.1896 0.3093 0.0000 0.0000 0.0000 0.0000 0.0000 
main 2.0000 8.0000 48.0000 5.0000 0.0000 5.0000 4.0000 2.0000 0.0950 0.2511 1.0044 0.0906 0.1145 b 0.1710 1.2544 1.3388 2.5966 0.1862 0.3624 0.1594 0.2964 0.0000 0.0000 0.0000 0.0000 0.0000 
main 2.0000 8.0000 47.0000 5.0000 0.0000 5.0000 4.0000 1.0000 0.0397 0.2493 0.9970 0.0349 0.0588 b 0.1410 1.2470 1.1765 2.4227 0.2876 0.2513 0.1942 0.2640 0.0000 0.0000 0.0000 0.0000 0.0000 
main 2.0000 8.0000 41.0000 10.0000 2.0000 10.0000 9.0000 1.0000 0.0509 0.2497 2.2473 0.0349 0.0588 b 0.1460 2.4973 1.0699 3.5729 0.2448 0.1906 0.2998 0.3381 0.2673 0.2255 0.1871 0.2795 0.2146 
main 2.0000 8.0000 16.0000 9.0000 1.0000 9.0000 8.0000 0.0000 0.0000 0.2500 2.0000 0.0000 0.0000 b 0.1450 2.2500 1.0616 3.3088 0.2500 0.2500 0.2500 0.2500 0.2500 0.2500 0.2500 0.2500 0.0000 
main 2.0000 8.0000 56.0000 8.0000 1.0000 8.0000 7.0000 1.0000 0.0577 0.2504 1.7528 0.0349 0.0588 b 0.1550 2.0028 1.0870 3.0949 0.2064 0.3108 0.2332 0.3353 0.2209 0.2706 0.1756 0.0000 0.0000 
main 2.0000 8.0000 8.0000 6.0000 0.0000 6.0000 5.0000 1.0000 0.0552 0.2494 1.2469 0.0349 0.0588 b 0.1760 1.4969 1.0676 2.5724 0.3164 0.2848 0.2306 0.1717 0.2433 0.0000 0.0000 0.0000 0.0000 
main 2.0000 8.0000 34.0000 8.0000 1.0000 8.0000 7.0000 0.0000 0.0000 0.2500 1.7500 0.0000 0.0000 b 0.1530 2.0000 1.0589 3.0588 0.2500 0.2500 0.2500 0.2500 0.2500 0.2500 0.2500 0.0000 0.0000 
main 2.0000 8.0000 6.0000 5.0000 0.0000 5.0000 4.0000 2.0000 0.1132 0.2489 0.9955 0.0906 0.1145 b 0.1740 1.2455 1.3965 2.6377 0.3526 0.1515 0.3411 0.1503 0.0000 0.0000 0.0000 0.0000 0.0000 
main 2.0000 8.0000 20.0000 10.0000 2.0000 10.0000 9.0000 1.0000 0.0572 0.2497 2.2476 0.0349 0.0588 b 0.0010 2.4976 1.0912 3.5899 0.3021 0.2136 0.2566 0.2213 0.1952 0.2959 0.2371 0.3515 0.1744 
main 2.0000 8.0000 60.0000 9.0000 1.0000 9.0000 8.0000 2.0000 0.0928 0.2502 2.0015 0.0906 0.1145 b 0.1640 2.2515 1.3424 3.5939 0.2501 0.3992 0.1686 0.3758 0.2653 0.2015 0.1580 0.1831 0.0000 
main 2.0000 8.0000 1.0000 4.0000 0.0000 4.0000 3.0000 0.0000 0.0000 0.2500 0.7500 0.0000 0.0000 b 0.2340 1.0000 1.3761 2.3756 0.2500 0.2500 0.2500 0.0000 0.0000 0.0000 0.0000 0.0000 0.0000 
main 2.0000 8.0000 37.0000 9.0000 1.0000 9.0000 8.0000 0.0000 0.0000 0.2500 2.0000 0.0000 0.0000 b 0.1500 2.2500 1.2643 3.5090 0.2500 0.2500 0.2500 0.2500 0.2500 0.2500 0.2500 0.2500 0.0000 
main 2.0000 8.0000 53.0000 7.0000 1.0000 7.0000 6.0000 1.0000 0.0537 0.2496 1.4975 0.0349 0.0588 b 0.1780 1.7475 1.1147 2.8564 0.2961 0.1757 0.2174 0.2795 0.3115 0.2173 0.0000 0.0000 0.0000 
main 2.0000 8.0000 25.0000 5.0000 0.0000 5.0000 4.0000 0.0000 0.0000 0.2500 1.0000 0.0000 0.0000 b 0.1670 1.2500 1.1414 2.3924 0.2500 0.2500 0.2500 0.2500 0.0000 0.0000 0.0000 0.0000 0.0000 
main 2.0000 8.0000 52.0000 7.0000 1.0000 7.0000 6.0000 0.0000 0.0000 0.2500 1.5000 0.0000 0.0000 b 0.1130 1.7500 1.4481 3.2091 0.2500 0.2500 0.2500 0.2500 0.2500 0.2500 0.0000 0.0000 0.0000 
main 2.0000 8.0000 19.0000 10.0000 2.0000 10.0000 9.0000 0.0000 0.0000 0.2500 2.2500 0.0000 0.0000 b 0.1390 2.5000 1.3996 3.9089 0.2500 0.2500 0.2500 0.2500 0.2500 0.2500 0.2500 0.2500 0.2500 
main 2.0000 8.0000 43.0000 4.0000 0.0000 4.0000 3.0000 0.0000 0.0000 0.2500 0.7500 0.0000 0.0000 b 0.2630 1.0000 1.4285 2.4424 0.2500 0.2500 0.2500 0.0000 0.0000 0.0000 0.0000 0.0000 0.0000 
main 2.0000 8.0000 45.0000 4.0000 0.0000 4.0000 3.0000 2.0000 0.0952 0.2505 0.7515 0.0906 0.1145 b 0.2440 1.0015 1.2583 2.2605 0.3538 0.1665 0.2312 0.0000 0.0000 0.0000 0.0000 0.0000 0.0000 
main 2.0000 8.0000 9.0000 6.0000 0.0000 6.0000 5.0000 2.0000 0.1000 0.2507 1.2535 0.0906 0.1145 b 0.1680 1.5035 1.4037 2.9085 0.1624 0.3868 0.1578 0.3181 0.2284 0.0000 0.0000 0.0000 0.0000 
main 2.0000 8.0000 33.0000 7.0000 1.0000 7.0000 6.0000 2.0000 0.1037 0.2508 1.5048 0.0906 0.1145 b 0.1780 1.7548 1.4655 3.2304 0.1769 0.2166 0.3869 0.1971 0.1510 0.3762 0.0000 0.0000 0.0000 
main 2.0000 8.0000 49.0000 6.0000 0.0000 6.0000 5.0000 0.0000 0.0000 0.2500 1.2500 0.0000 0.0000 b 0.1760 1.5000 1.4682 2.9758 0.2500 0.2500 0.2500 0.2500 0.2500 0.0000 0.0000 0.0000 0.0000 
main 2.0000 8.0000 11.0000 7.0000 1.0000 7.0000 6.0000 1.0000 0.0586 0.2499 1.4996 0.0349 0.0588 b 0.1670 1.7496 1.3321 3.0753 0.2890 0.1565 0.2648 0.3134 0.2725 0.2034 0.0000 0.0000 0.0000 
main 2.0000 8.0000 14.0000 8.0000 1.0000 8.0000 7.0000 1.0000 0.0582 0.2493 1.7454 0.0349 0.0588 b 0.1420 1.9954 1.3140 3.3044 0.2906 0.2508 0.1556 0.2411 0.3397 0.2573 0.2102 0.0000 0.0000 
main 2.0000 8.0000 3.0000 4.0000 0.0000 4.0000 3.0000 2.0000 0.1058 0.2512 0.7535 0.0906 0.1145 b 0.2070 1.0035 1.3038 2.3124 0.1608 0.3675 0.2253 0.0000 0.0000 0.0000 0.0000 0.0000 0.0000 
main 2.0000 8.0000 38.0000 9.0000 1.0000 9.0000 8.0000 1.0000 0.0550 0.2496 1.9969 0.0349 0.0588 b 0.2140 2.2469 1.0414 3.2890 0.1898 0.2623 0.3407 0.1732 0.2338 0.2630 0.3008 0.2332 0.0000 
main 2.0000 8.0000 18.0000 9.0000 1.0000 9.0000 8.0000 2.0000 0.0962 0.2504 2.0032 0.0906 0.1145 b 0.1690 2.2532 1.1343 3.3787 0.3695 0.1520 0.1858 0.3944 0.2645 0.1558 0.1827 0.2984 0.0000 
main 2.0000 8.0000 21.0000 10.0000 2.0000 10.0000 9.0000 2.0000 0.0934 0.2497 2.2474 0.0906 0.1145 b 0.1940 2.4974 1.3130 3.8063 0.1510 0.3961 0.1772 0.2415 0.3017 0.2554 0.1737 0.3836 0.1671 
main 2.0000 8.0000 30.0000 6.0000 0.0000 6.0000 5.0000 2.0000 0.1017 0.2503 1.2513 0.0906 0.1145 b 0.1610 1.5013 1.2575 2.7603 0.1621 0.2002 0.3452 0.1690 0.3748 0.0000 0.0000 0.0000 0.0000 
main 2.0000 8.0000 2.0000 4.0000 0.0000 4.0000 3.0000 1.0000 0.0543 0.2515 0.7545 0.0349 0.0588 b 0.1740 1.0045 1.4421 2.4468 0.3082 0.2001 0.2461 0.0000 0.0000 0.0000 0.0000 0.0000 0.0000 
main 2.0000 8.0000 17.0000 9.0000 1.0000 9.0000 8.0000 1.0000 0.0542 0.2495 1.9957 0.0349 0.0588 b 0.1500 2.2457 1.4095 3.6546 0.1666 0.2634 0.3219 0.2409 0.2091 0.2805 0.3088 0.2044 0.0000 
main 2.0000 8.0000 31.0000 7.0000 1.0000 7.0000 6.0000 0.0000 0.0000 0.2500 1.5000 0.0000 0.0000 b 0.1280 1.7500 1.4549 3.2091 0.2500 0.2500 0.2500 0.2500 0.2500 0.2500 0.0000 0.0000 0.0000 
main 2.0000 8.0000 5.0000 5.0000 0.0000 5.0000 4.0000 1.0000 0.0544 0.2501 1.0004 0.0349 0.0588 b 0.2080 1.2504 1.4817 2.7427 0.2145 0.3294 0.2148 0.2417 0.0000 0.0000 0.0000 0.0000 0.0000 
main 2.0000 8.0000 63.0000 10.0000 2.0000 10.0000 9.0000 2.0000 0.0967 0.2498 2.2478 0.0906 0.1145 b 0.1710 2.4978 1.2176 3.7233 0.1554 0.3640 0.1574 0.2510 0.3551 0.3803 0.1516 0.2631 0.1699 
main 2.0000 8.0000 50.0000 6.0000 0.0000 6.0000 5.0000 1.0000 0.0563 0.2507 1.2537 0.0349 0.0588 b 0.1830 1.5037 1.2050 2.7126 0.3201 0.2604 0.1803 0.2839 0.2091 0.0000 0.0000 0.0000 0.0000 
main 2.0000 8.0000 51.0000 6.0000 0.0000 6.0000 5.0000 2.0000 0.0968 0.2506 1.2528 0.0906 0.1145 b 0.1940 1.5028 1.1267 2.6284 0.1632 0.2155 0.3724 0.3339 0.1678 0.0000 0.0000 0.0000 0.0000 
main 2.0000 8.0000 44.0000 4.0000 0.0000 4.0000 3.0000 1.0000 0.0515 0.2501 0.7502 0.0349 0.0588 b 0.2210 1.0002 1.0576 2.0591 0.2447 0.3041 0.2015 0.0000 0.0000 0.0000 0.0000 0.0000 0.0000 
main 2.0000 8.0000 22.0000 4.0000 0.0000 4.0000 3.0000 0.0000 0.0000 0.2500 0.7500 0.0000 0.0000 b 0.1210 1.0000 1.1759 2.1756 0.2500 0.2500 0.2500 0.0000 0.0000 0.0000 0.0000 0.0000 0.0000 
main 2.0000 8.0000 4.0000 5.0000 0.0000 5.0000 4.0000 0.0000 0.0000 0.2500 1.0000 0.0000 0.0000 b 0.1590 1.2500 1.1521 2.4090 0.2500 0.2500 0.2500 0.2500 0.0000 0.0000 0.0000 0.0000 0.0000 
main 2.0000 8.0000 46.0000 5.0000 0.0000 5.0000 4.0000 0.0000 0.0000 0.2500 1.0000 0.0000 0.0000 b 0.1490 1.2500 1.2833 2.5256 0.2500 0.2500 0.2500 0.2500 0.0000 0.0000 0.0000 0.0000 0.0000 
main 2.0000 8.0000 54.0000 7.0000 1.0000 7.0000 6.0000 2.0000 0.1112 0.2497 1.4983 0.0906 0.1145 b 0.1640 1.7483 1.0138 2.7571 0.1506 0.3743 0.1564 0.3962 0.1703 0.2506 0.0000 0.0000 0.0000 
main 2.0000 8.0000 55.0000 8.0000 1.0000 8.0000 7.0000 0.0000 0.0000 0.2500 1.7500 0.0000 0.0000 b 0.1640 2.0000 1.1242 3.1256 0.2500 0.2500 0.2500 0.2500 0.2500 0.2500 0.2500 0.0000 0.0000 
main 2.0000 8.0000 24.0000 4.0000 0.0000 4.0000 3.0000 2.0000 0.0962 0.2495 0.7486 0.0906 0.1145 b 0.2210 0.9986 1.4873 2.4910 0.1784 0.3590 0.2112 0.0000 0.0000 0.0000 0.0000 0.0000 0.0000 
main 2.0000 8.0000 39.0000 9.0000 1.0000 9.0000 8.0000 2.0000 0.0948 0.2506 2.0045 0.0906 0.1145 b 0.1520 2.2545 1.1419 3.3965 0.3620 0.2862 0.1619 0.3944 0.1554 0.2132 0.2783 0.1532 0.0000 
main 2.0000 8.0000 29.0000 6.0000 0.0000 6.0000 5.0000 1.0000 0.0446 0.2491 1.2454 0.0349 0.0588 b 0.2130 1.4954 1.1290 2.6211 0.1838 0.2997 0.2692 0.2275 0.2651 0.0000 0.0000 0.0000 0.0000 
main 2.0000 8.0000 13.0000 8.0000 1.0000 8.0000 7.0000 0.0000 0.0000 0.2500 1.7500 0.0000 0.0000 b 0.1840 2.0000 1.1636 3.1588 0.2500 0.2500 0.2500 0.2500 0.2500 0.2500 0.2500 0.0000 0.0000 
main 2.0000 8.0000 27.0000 5.0000 0.0000 5.0000 4.0000 2.0000 0.0962 0.2491 0.9964 0.0906 0.1145 b 0.2600 1.2464 1.0103 2.2552 0.3776 0.1990 0.2632 0.1566 0.0000 0.0000 0.0000 0.0000 0.0000 
main 2.0000 8.0000 7.0000 6.0000 0.0000 6.0000 5.0000 0.0000 0.0000 0.2500 1.2500 0.0000 0.0000 b 0.1610 1.5000 1.3664 2.8590 0.2500 0.2500 0.2500 0.2500 0.2500 0.0000 0.0000 0.0000 0.0000 
main 2.0000 8.0000 61.0000 10.0000 2.0000 10.0000 9.0000 0.0000 0.0000 0.2500 2.2500 0.0000 0.0000 b 0.1350 2.5000 1.2056 3.7089 0.2500 0.2500 0.2500 0.2500 0.2500 0.2500 0.2500 0.2500 0.2500 
main 2.0000 8.0000 40.0000 10.0000 2.0000 10.0000 9.0000 0.0000 0.0000 0.2500 2.2500 0.0000 0.0000 b 0.1470 2.5000 1.3426 3.8422 0.2500 0.2500 0.2500 0.2500 0.2500 0.2500 0.2500 0.2500 0.2500 
main 2.0000 8.0000 35.0000 8.0000 1.0000 8.0000 7.0000 1.0000 0.0533 0.2503 1.7520 0.0349 0.0588 b 0.2160 2.0020 1.1678 3.1775 0.2538 0.2806 0.1762 0.2349 0.2053 0.2599 0.3413 0.0000 0.0000 
main 2.0000 8.0000 36.0000 8.0000 1.0000 8.0000 7.0000 2.0000 0.0964 0.2499 1.7493 0.0906 0.1145 b 0.1750 1.9993 1.4633 3.4584 0.2342 0.1847 0.1570 0.3990 0.1501 0.3486 0.2758 0.0000 0.0000 
main 2.0000 8.0000 23.0000 4.0000 0.0000 4.0000 3.0000 1.0000 0.0570 0.2491 0.7473 0.0349 0.0588 b 0.2580 0.9973 1.3894 2.3896 0.1853 0.2668 0.2951 0.0000 0.0000 0.0000 0.0000 0.0000 0.0000 
main 2.0000 8.0000 15.0000 8.0000 1.0000 8.0000 7.0000 2.0000 0.0973 0.2503 1.7520 0.0906 0.1145 b 0.1070 2.0020 1.4051 3.4111 0.2257 0.1774 0.3874 0.1887 0.3911 0.1649 0.2168 0.0000 0.0000 
main 2.0000 8.0000 57.0000 8.0000 1.0000 8.0000 7.0000 2.0000 0.0906 0.2507 1.7547 0.0906 0.1145 b 0.1590 2.0047 1.2273 3.2303 0.2087 0.1664 0.3408 0.3930 0.2852 0.1586 0.2019 0.0000 0.0000 
main 2.0000 8.0000 32.0000 7.0000 1.0000 7.0000 6.0000 1.0000 0.0552 0.2495 1.4969 0.0349 0.0588 b 0.1450 1.7469 1.3108 3.0559 0.1777 0.2208 0.3286 0.2853 0.2137 0.2709 0.0000 0.0000 0.0000 
main 2.0000 8.0000 59.0000 9.0000 1.0000 9.0000 8.0000 1.0000 0.0574 0.2503 2.0020 0.0349 0.0588 b 0.2000 2.2520 1.4531 3.7109 0.2383 0.3133 0.2357 0.1874 0.3087 0.1619 0.2472 0.3096 0.0000 
main 2.0000 8.0000 62.0000 10.0000 2.0000 10.0000 9.0000 1.0000 0.0428 0.2504 2.2537 0.0349 0.0588 b 0.1610 2.5037 1.3623 3.8627 0.2268 0.2935 0.2247 0.1737 0.2289 0.2558 0.3118 0.2499 0.2886 
main 2.0000 8.0000 10.0000 7.0000 1.0000 7.0000 6.0000 0.0000 0.0000 0.2500 1.5000 0.0000 0.0000 b 0.2490 1.7500 1.3487 3.0924 0.2500 0.2500 0.2500 0.2500 0.2500 0.2500 0.0000 0.0000 0.0000 
main 2.0000 8.0000 58.0000 9.0000 1.0000 9.0000 8.0000 0.0000 0.0000 0.2500 2.0000 0.0000 0.0000 b 0.1590 2.2500 1.0864 3.3255 0.2500 0.2500 0.2500 0.2500 0.2500 0.2500 0.2500 0.2500 0.0000 
main 2.0000 8.0000 28.0000 6.0000 0.0000 6.0000 5.0000 0.0000 0.0000 0.2500 1.2500 0.0000 0.0000 b 0.2260 1.5000 1.1501 2.6421 0.2500 0.2500 0.2500 0.2500 0.2500 0.0000 0.0000 0.0000 0.0000 
main 2.0000 8.0000 12.0000 7.0000 1.0000 7.0000 6.0000 2.0000 0.0959 0.2502 1.5012 0.0906 0.1145 b 0.1710 1.7512 1.2582 3.0103 0.3826 0.1603 0.2253 0.3563 0.2090 0.1678 0.0000 0.0000 0.0000 
main 2.0000 8.0000 42.0000 10.0000 2.0000 10.0000 9.0000 2.0000 0.0973 0.2505 2.2545 0.0906 0.1145 b 0.1630 2.5045 1.4737 3.9803 0.3660 0.2132 0.1553 0.3965 0.2215 0.1535 0.3642 0.2092 0.1750 
