group subNo block index seqDur shortLong nTargets nIOI rhythmicVarTAG seqSTD seqMeanIOI seqSumIOI Lowbound Upbound pressedKey rt seqDuration startInterval trialDuration IOI1 IOI2 IOI3 IOI4 IOI5 IOI6 IOI7 IOI8 IOI9 
main 1.0000 1.0000 32.0000 7.0000 1.0000 7.0000 6.0000 1.0000 0.0498 0.2499 1.4994 0.0349 0.0588 b 0.1950 1.7494 1.1506 2.9081 0.3051 0.2232 0.2751 0.1708 0.2895 0.2356 0.0000 0.0000 0.0000 
main 1.0000 1.0000 26.0000 5.0000 0.0000 5.0000 4.0000 1.0000 0.0432 0.2508 1.0031 0.0349 0.0588 b 0.2070 1.2531 1.3243 2.5787 0.2374 0.2955 0.1968 0.2735 0.0000 0.0000 0.0000 0.0000 0.0000 
main 1.0000 1.0000 61.0000 10.0000 2.0000 10.0000 9.0000 0.0000 0.0000 0.2500 2.2500 0.0000 0.0000 b 0.1550 2.5000 1.4002 3.9091 0.2500 0.2500 0.2500 0.2500 0.2500 0.2500 0.2500 0.2500 0.2500 
main 1.0000 1.0000 21.0000 10.0000 2.0000 10.0000 9.0000 2.0000 0.0929 0.2503 2.2523 0.0906 0.1145 b 0.1610 2.5023 1.4245 3.9279 0.1616 0.3876 0.2048 0.2487 0.1809 0.3371 0.3789 0.1626 0.1900 
main 1.0000 1.0000 20.0000 10.0000 2.0000 10.0000 9.0000 1.0000 0.0532 0.2497 2.2470 0.0349 0.0588 b 1.0230 2.4970 1.0451 3.5392 0.2314 0.2583 0.1942 0.2602 0.3158 0.1881 0.2630 0.1974 0.3387 
main 1.0000 1.0000 15.0000 8.0000 1.0000 8.0000 7.0000 2.0000 0.0976 0.2505 1.7537 0.0906 0.1145 b 0.1630 2.0037 1.1640 3.1626 0.2298 0.3841 0.1574 0.1842 0.1569 0.2606 0.3807 0.0000 0.0000 
main 1.0000 1.0000 41.0000 10.0000 2.0000 10.0000 9.0000 1.0000 0.0583 0.2505 2.2548 0.0349 0.0588 b 0.1790 2.5048 1.1658 3.6638 0.2070 0.3506 0.1671 0.2626 0.1973 0.2944 0.2232 0.3025 0.2501 
main 1.0000 1.0000 44.0000 4.0000 0.0000 4.0000 3.0000 1.0000 0.0359 0.2499 0.7498 0.0349 0.0588 b 0.2520 0.9998 1.4687 2.4756 0.2113 0.2565 0.2821 0.0000 0.0000 0.0000 0.0000 0.0000 0.0000 
main 1.0000 1.0000 40.0000 10.0000 2.0000 10.0000 9.0000 0.0000 0.0000 0.2500 2.2500 0.0000 0.0000 b 0.0960 2.5000 1.4274 3.9257 0.2500 0.2500 0.2500 0.2500 0.2500 0.2500 0.2500 0.2500 0.2500 
main 1.0000 1.0000 37.0000 9.0000 1.0000 9.0000 8.0000 0.0000 0.0000 0.2500 2.0000 0.0000 0.0000 b 0.1500 2.2500 1.1839 3.4257 0.2500 0.2500 0.2500 0.2500 0.2500 0.2500 0.2500 0.2500 0.0000 
main 1.0000 1.0000 63.0000 10.0000 2.0000 10.0000 9.0000 2.0000 0.0949 0.2504 2.2539 0.0906 0.1145 b 0.1810 2.5039 1.1191 3.6129 0.3912 0.3368 0.1626 0.2103 0.1532 0.3040 0.1817 0.3527 0.1614 
main 1.0000 1.0000 36.0000 8.0000 1.0000 8.0000 7.0000 2.0000 0.0910 0.2504 1.7527 0.0906 0.1145 b 0.2200 2.0027 1.3853 3.3784 0.2133 0.2562 0.3975 0.2107 0.1643 0.3493 0.1614 0.0000 0.0000 
main 1.0000 1.0000 6.0000 5.0000 0.0000 5.0000 4.0000 2.0000 0.1063 0.2505 1.0020 0.0906 0.1145 b 0.1780 1.2520 1.2552 2.4943 0.1921 0.1503 0.2671 0.3925 0.0000 0.0000 0.0000 0.0000 0.0000 
main 1.0000 1.0000 51.0000 6.0000 0.0000 6.0000 5.0000 2.0000 0.1026 0.2503 1.2514 0.0906 0.1145 b 0.1890 1.5014 1.1330 2.6269 0.1576 0.2247 0.3442 0.3715 0.1534 0.0000 0.0000 0.0000 0.0000 
main 1.0000 1.0000 62.0000 10.0000 2.0000 10.0000 9.0000 1.0000 0.0505 0.2495 2.2452 0.0349 0.0588 b 0.1700 2.4952 1.2118 3.7207 0.2413 0.1559 0.3359 0.2955 0.2180 0.2666 0.2366 0.2646 0.2307 
main 1.0000 1.0000 59.0000 9.0000 1.0000 9.0000 8.0000 1.0000 0.0501 0.2503 2.0026 0.0349 0.0588 b 0.1640 2.2526 1.3763 3.6283 0.2000 0.3134 0.2127 0.2618 0.3291 0.2319 0.2572 0.1964 0.0000 
main 1.0000 1.0000 1.0000 4.0000 0.0000 4.0000 3.0000 0.0000 0.0000 0.2500 0.7500 0.0000 0.0000 b 0.1940 1.0000 1.1436 2.1422 0.2500 0.2500 0.2500 0.0000 0.0000 0.0000 0.0000 0.0000 0.0000 
main 1.0000 1.0000 11.0000 7.0000 1.0000 7.0000 6.0000 1.0000 0.0531 0.2492 1.4950 0.0349 0.0588 b 0.1730 1.7450 1.2709 3.0206 0.2407 0.1940 0.2817 0.3173 0.1827 0.2786 0.0000 0.0000 0.0000 
main 1.0000 1.0000 23.0000 4.0000 0.0000 4.0000 3.0000 1.0000 0.0397 0.2515 0.7545 0.0349 0.0588 b 0.1830 1.0045 1.2000 2.2133 0.2321 0.2972 0.2253 0.0000 0.0000 0.0000 0.0000 0.0000 0.0000 
main 1.0000 1.0000 55.0000 8.0000 1.0000 8.0000 7.0000 0.0000 0.0000 0.2500 1.7500 0.0000 0.0000 b 0.1600 2.0000 1.4464 3.4423 0.2500 0.2500 0.2500 0.2500 0.2500 0.2500 0.2500 0.0000 0.0000 
main 1.0000 1.0000 58.0000 9.0000 1.0000 9.0000 8.0000 0.0000 0.0000 0.2500 2.0000 0.0000 0.0000 b 0.1720 2.2500 1.3878 3.6424 0.2500 0.2500 0.2500 0.2500 0.2500 0.2500 0.2500 0.2500 0.0000 
main 1.0000 1.0000 54.0000 7.0000 1.0000 7.0000 6.0000 2.0000 0.0945 0.2505 1.5030 0.0906 0.1145 b 0.1790 1.7530 1.1213 2.8786 0.2640 0.1747 0.3162 0.1882 0.3999 0.1599 0.0000 0.0000 0.0000 
main 1.0000 1.0000 19.0000 10.0000 2.0000 10.0000 9.0000 0.0000 0.0000 0.2500 2.2500 0.0000 0.0000 b 0.1700 2.5000 1.0394 3.5423 0.2500 0.2500 0.2500 0.2500 0.2500 0.2500 0.2500 0.2500 0.2500 
main 1.0000 1.0000 49.0000 6.0000 0.0000 6.0000 5.0000 0.0000 0.0000 0.2500 1.2500 0.0000 0.0000 b 0.1750 1.5000 1.4565 2.9590 0.2500 0.2500 0.2500 0.2500 0.2500 0.0000 0.0000 0.0000 0.0000 
main 1.0000 1.0000 50.0000 6.0000 0.0000 6.0000 5.0000 1.0000 0.0492 0.2504 1.2521 0.0349 0.0588 b 0.2310 1.5021 1.4148 2.9111 0.1899 0.2153 0.2941 0.2488 0.3039 0.0000 0.0000 0.0000 0.0000 
main 1.0000 1.0000 25.0000 5.0000 0.0000 5.0000 4.0000 0.0000 0.0000 0.2500 1.0000 0.0000 0.0000 b 0.1490 1.2500 1.0248 2.2755 0.2500 0.2500 0.2500 0.2500 0.0000 0.0000 0.0000 0.0000 0.0000 
main 1.0000 1.0000 5.0000 5.0000 0.0000 5.0000 4.0000 1.0000 0.0350 0.2500 1.0001 0.0349 0.0588 b 0.1940 1.2501 1.3726 2.6257 0.2165 0.2925 0.2645 0.2268 0.0000 0.0000 0.0000 0.0000 0.0000 
main 1.0000 1.0000 16.0000 9.0000 1.0000 9.0000 8.0000 0.0000 0.0000 0.2500 2.0000 0.0000 0.0000 b 0.1620 2.2500 1.0727 3.3254 0.2500 0.2500 0.2500 0.2500 0.2500 0.2500 0.2500 0.2500 0.0000 
main 1.0000 1.0000 28.0000 6.0000 0.0000 6.0000 5.0000 0.0000 0.0000 0.2500 1.2500 0.0000 0.0000 b 0.1780 1.5000 1.4551 2.9424 0.2500 0.2500 0.2500 0.2500 0.2500 0.0000 0.0000 0.0000 0.0000 
main 1.0000 1.0000 4.0000 5.0000 0.0000 5.0000 4.0000 0.0000 0.0000 0.2500 1.0000 0.0000 0.0000 b 0.1590 1.2500 1.0621 2.3090 0.2500 0.2500 0.2500 0.2500 0.0000 0.0000 0.0000 0.0000 0.0000 
main 1.0000 1.0000 12.0000 7.0000 1.0000 7.0000 6.0000 2.0000 0.0945 0.2502 1.5011 0.0906 0.1145 b 0.1790 1.7511 1.4406 3.1935 0.3925 0.1613 0.2004 0.2517 0.1638 0.3314 0.0000 0.0000 0.0000 
main 1.0000 1.0000 31.0000 7.0000 1.0000 7.0000 6.0000 0.0000 0.0000 0.2500 1.5000 0.0000 0.0000 b 0.1790 1.7500 1.3055 3.0589 0.2500 0.2500 0.2500 0.2500 0.2500 0.2500 0.0000 0.0000 0.0000 
main 1.0000 1.0000 56.0000 8.0000 1.0000 8.0000 7.0000 1.0000 0.0506 0.2496 1.7472 0.0349 0.0588 b 0.1570 1.9972 1.2367 3.2395 0.2803 0.2403 0.2915 0.2639 0.1549 0.2983 0.2179 0.0000 0.0000 
main 1.0000 1.0000 42.0000 10.0000 2.0000 10.0000 9.0000 2.0000 0.0976 0.2496 2.2461 0.0906 0.1145 b 0.1910 2.4961 1.2830 3.7885 0.1848 0.3762 0.1708 0.2085 0.3613 0.2149 0.1859 0.1507 0.3929 
main 1.0000 1.0000 22.0000 4.0000 0.0000 4.0000 3.0000 0.0000 0.0000 0.2500 0.7500 0.0000 0.0000 b 0.2310 1.0000 1.3103 2.3090 0.2500 0.2500 0.2500 0.0000 0.0000 0.0000 0.0000 0.0000 0.0000 
main 1.0000 1.0000 45.0000 4.0000 0.0000 4.0000 3.0000 2.0000 0.1120 0.2486 0.7459 0.0906 0.1145 b 0.1820 0.9959 1.4812 2.4715 0.2220 0.3715 0.1524 0.0000 0.0000 0.0000 0.0000 0.0000 0.0000 
main 1.0000 1.0000 35.0000 8.0000 1.0000 8.0000 7.0000 1.0000 0.0526 0.2503 1.7524 0.0349 0.0588 b 0.1800 2.0024 1.1454 3.1447 0.2981 0.1764 0.2470 0.1820 0.2945 0.2578 0.2966 0.0000 0.0000 
main 1.0000 1.0000 10.0000 7.0000 1.0000 7.0000 6.0000 0.0000 0.0000 0.2500 1.5000 0.0000 0.0000 b 0.1760 1.7500 1.0549 2.8088 0.2500 0.2500 0.2500 0.2500 0.2500 0.2500 0.0000 0.0000 0.0000 
main 1.0000 1.0000 47.0000 5.0000 0.0000 5.0000 4.0000 1.0000 0.0477 0.2509 1.0035 0.0349 0.0588 b 0.1780 1.2535 1.3767 2.6292 0.3022 0.1916 0.2729 0.2368 0.0000 0.0000 0.0000 0.0000 0.0000 
main 1.0000 1.0000 57.0000 8.0000 1.0000 8.0000 7.0000 2.0000 0.0925 0.2499 1.7494 0.0906 0.1145 b 0.2300 1.9994 1.1361 3.1416 0.1831 0.2619 0.1653 0.3792 0.2421 0.3652 0.1526 0.0000 0.0000 
main 1.0000 1.0000 60.0000 9.0000 1.0000 9.0000 8.0000 2.0000 0.0958 0.2501 2.0007 0.0906 0.1145 b 0.1940 2.2507 1.0638 3.3097 0.3740 0.1954 0.1529 0.3832 0.2077 0.3274 0.2040 0.1562 0.0000 
main 1.0000 1.0000 34.0000 8.0000 1.0000 8.0000 7.0000 0.0000 0.0000 0.2500 1.7500 0.0000 0.0000 b 0.1970 2.0000 1.2669 3.2589 0.2500 0.2500 0.2500 0.2500 0.2500 0.2500 0.2500 0.0000 0.0000 
main 1.0000 1.0000 52.0000 7.0000 1.0000 7.0000 6.0000 0.0000 0.0000 0.2500 1.5000 0.0000 0.0000 b 0.2030 1.7500 1.3646 3.1091 0.2500 0.2500 0.2500 0.2500 0.2500 0.2500 0.0000 0.0000 0.0000 
main 1.0000 1.0000 18.0000 9.0000 1.0000 9.0000 8.0000 2.0000 0.0919 0.2498 1.9986 0.0906 0.1145 b 0.1550 2.2486 1.0303 3.2743 0.1540 0.1885 0.2239 0.3941 0.3008 0.3645 0.1654 0.2076 0.0000 
main 1.0000 1.0000 27.0000 5.0000 0.0000 5.0000 4.0000 2.0000 0.1022 0.2499 0.9996 0.0906 0.1145 b 0.1950 1.2496 1.2784 2.5251 0.1644 0.1958 0.2443 0.3951 0.0000 0.0000 0.0000 0.0000 0.0000 
main 1.0000 1.0000 33.0000 7.0000 1.0000 7.0000 6.0000 2.0000 0.0923 0.2500 1.5003 0.0906 0.1145 b 0.1540 1.7503 1.3878 3.1258 0.1694 0.3952 0.2105 0.1588 0.3217 0.2447 0.0000 0.0000 0.0000 
main 1.0000 1.0000 38.0000 9.0000 1.0000 9.0000 8.0000 1.0000 0.0564 0.2503 2.0024 0.0349 0.0588 b 0.1520 2.2524 1.0182 3.2779 0.2252 0.2590 0.3239 0.2286 0.1521 0.2721 0.3193 0.2223 0.0000 
main 1.0000 1.0000 30.0000 6.0000 0.0000 6.0000 5.0000 2.0000 0.0996 0.2506 1.2532 0.0906 0.1145 b 0.1400 1.5032 1.4953 3.0122 0.1516 0.2811 0.3858 0.1522 0.2824 0.0000 0.0000 0.0000 0.0000 
main 1.0000 1.0000 2.0000 4.0000 0.0000 4.0000 3.0000 1.0000 0.0567 0.2513 0.7539 0.0349 0.0588 b 0.2410 1.0039 1.3783 2.3795 0.3106 0.2455 0.1978 0.0000 0.0000 0.0000 0.0000 0.0000 0.0000 
main 1.0000 1.0000 24.0000 4.0000 0.0000 4.0000 3.0000 2.0000 0.1014 0.2513 0.7539 0.0906 0.1145 b 0.1590 1.0039 1.0911 2.0959 0.3667 0.2105 0.1766 0.0000 0.0000 0.0000 0.0000 0.0000 0.0000 
main 1.0000 1.0000 14.0000 8.0000 1.0000 8.0000 7.0000 1.0000 0.0521 0.2503 1.7519 0.0349 0.0588 b 0.2250 2.0019 1.0620 3.0606 0.2875 0.1898 0.2194 0.1855 0.3016 0.2598 0.3082 0.0000 0.0000 
main 1.0000 1.0000 48.0000 5.0000 0.0000 5.0000 4.0000 2.0000 0.0959 0.2506 1.0024 0.0906 0.1145 b 0.2390 1.2524 1.0595 2.3111 0.2258 0.1772 0.2081 0.3913 0.0000 0.0000 0.0000 0.0000 0.0000 
main 1.0000 1.0000 39.0000 9.0000 1.0000 9.0000 8.0000 2.0000 0.0983 0.2505 2.0043 0.0906 0.1145 b 0.1880 2.2543 1.0094 3.2632 0.1535 0.3346 0.3865 0.2169 0.1699 0.3748 0.2037 0.1644 0.0000 
main 1.0000 1.0000 13.0000 8.0000 1.0000 8.0000 7.0000 0.0000 0.0000 0.2500 1.7500 0.0000 0.0000 b 0.1810 2.0000 1.0921 3.0922 0.2500 0.2500 0.2500 0.2500 0.2500 0.2500 0.2500 0.0000 0.0000 
main 1.0000 1.0000 29.0000 6.0000 0.0000 6.0000 5.0000 1.0000 0.0520 0.2494 1.2468 0.0349 0.0588 b 0.1860 1.4968 1.2189 2.7224 0.2665 0.3093 0.2442 0.1671 0.2597 0.0000 0.0000 0.0000 0.0000 
main 1.0000 1.0000 9.0000 6.0000 0.0000 6.0000 5.0000 2.0000 0.0983 0.2496 1.2480 0.0906 0.1145 b 0.1740 1.4980 1.1499 2.6403 0.2042 0.3843 0.1881 0.1513 0.3202 0.0000 0.0000 0.0000 0.0000 
main 1.0000 1.0000 8.0000 6.0000 0.0000 6.0000 5.0000 1.0000 0.0588 0.2509 1.2543 0.0349 0.0588 b 0.2250 1.5043 1.3224 2.8300 0.2617 0.2127 0.2635 0.1809 0.3356 0.0000 0.0000 0.0000 0.0000 
main 1.0000 1.0000 3.0000 4.0000 0.0000 4.0000 3.0000 2.0000 0.1130 0.2495 0.7485 0.0906 0.1145 b 0.2190 0.9985 1.0449 2.0407 0.1891 0.3799 0.1795 0.0000 0.0000 0.0000 0.0000 0.0000 0.0000 
main 1.0000 1.0000 17.0000 9.0000 1.0000 9.0000 8.0000 1.0000 0.0580 0.2502 2.0017 0.0349 0.0588 b 0.1680 2.2517 1.0531 3.2939 0.1821 0.2097 0.2904 0.1772 0.3122 0.2333 0.3262 0.2706 0.0000 
main 1.0000 1.0000 43.0000 4.0000 0.0000 4.0000 3.0000 0.0000 0.0000 0.2500 0.7500 0.0000 0.0000 b 0.2160 1.0000 1.3529 2.3422 0.2500 0.2500 0.2500 0.0000 0.0000 0.0000 0.0000 0.0000 0.0000 
main 1.0000 1.0000 53.0000 7.0000 1.0000 7.0000 6.0000 1.0000 0.0429 0.2503 1.5016 0.0349 0.0588 b 0.1870 1.7516 1.0537 2.7938 0.2979 0.2508 0.2189 0.1931 0.3008 0.2401 0.0000 0.0000 0.0000 
main 1.0000 1.0000 7.0000 6.0000 0.0000 6.0000 5.0000 0.0000 0.0000 0.2500 1.2500 0.0000 0.0000 b 0.1620 1.5000 1.0083 2.5087 0.2500 0.2500 0.2500 0.2500 0.2500 0.0000 0.0000 0.0000 0.0000 
main 1.0000 1.0000 46.0000 5.0000 0.0000 5.0000 4.0000 0.0000 0.0000 0.2500 1.0000 0.0000 0.0000 b 0.1830 1.2500 1.1227 2.3757 0.2500 0.2500 0.2500 0.2500 0.0000 0.0000 0.0000 0.0000 0.0000 
main 1.0000 2.0000 17.0000 9.0000 1.0000 9.0000 8.0000 1.0000 0.0583 0.2496 1.9965 0.0349 0.0588 b 0.7290 2.2465 1.3666 3.6221 0.3198 0.2264 0.2618 0.1780 0.2748 0.1598 0.2610 0.3148 0.0000 
main 1.0000 2.0000 45.0000 4.0000 0.0000 4.0000 3.0000 2.0000 0.1048 0.2493 0.7478 0.0906 0.1145 b 0.2610 0.9978 1.2354 2.2401 0.2089 0.1707 0.3682 0.0000 0.0000 0.0000 0.0000 0.0000 0.0000 
main 1.0000 2.0000 60.0000 9.0000 1.0000 9.0000 8.0000 2.0000 0.0929 0.2506 2.0050 0.0906 0.1145 b 0.1810 2.2550 1.1285 3.3805 0.1644 0.1938 0.2633 0.2914 0.1817 0.3634 0.3948 0.1523 0.0000 
main 1.0000 2.0000 39.0000 9.0000 1.0000 9.0000 8.0000 2.0000 0.0920 0.2506 2.0050 0.0906 0.1145 b 0.2010 2.2550 1.2790 3.5305 0.2922 0.3933 0.3624 0.2602 0.1889 0.1599 0.1939 0.1542 0.0000 
main 1.0000 2.0000 61.0000 10.0000 2.0000 10.0000 9.0000 0.0000 0.0000 0.2500 2.2500 0.0000 0.0000 b 0.2060 2.5000 1.0367 3.5420 0.2500 0.2500 0.2500 0.2500 0.2500 0.2500 0.2500 0.2500 0.2500 
main 1.0000 2.0000 33.0000 7.0000 1.0000 7.0000 6.0000 2.0000 0.0974 0.2508 1.5046 0.0906 0.1145 b 0.1890 1.7546 1.2780 3.0303 0.1546 0.2807 0.3867 0.3315 0.1978 0.1533 0.0000 0.0000 0.0000 
main 1.0000 2.0000 46.0000 5.0000 0.0000 5.0000 4.0000 0.0000 0.0000 0.2500 1.0000 0.0000 0.0000 b 0.1840 1.2500 1.3873 2.6423 0.2500 0.2500 0.2500 0.2500 0.0000 0.0000 0.0000 0.0000 0.0000 
main 1.0000 2.0000 57.0000 8.0000 1.0000 8.0000 7.0000 2.0000 0.0935 0.2497 1.7479 0.0906 0.1145 b 0.2180 1.9979 1.0627 3.0568 0.1972 0.3984 0.1749 0.2003 0.2655 0.3538 0.1580 0.0000 0.0000 
main 1.0000 2.0000 10.0000 7.0000 1.0000 7.0000 6.0000 0.0000 0.0000 0.2500 1.5000 0.0000 0.0000 b 0.2070 1.7500 1.1873 2.9424 0.2500 0.2500 0.2500 0.2500 0.2500 0.2500 0.0000 0.0000 0.0000 
main 1.0000 2.0000 21.0000 10.0000 2.0000 10.0000 9.0000 2.0000 0.0922 0.2503 2.2524 0.0906 0.1145 b 0.2000 2.5024 1.4420 3.9448 0.3969 0.1846 0.2871 0.1648 0.1929 0.3262 0.1650 0.3586 0.1764 
main 1.0000 2.0000 20.0000 10.0000 2.0000 10.0000 9.0000 1.0000 0.0462 0.2505 2.2542 0.0349 0.0588 b 0.1980 2.5042 1.1955 3.6964 0.2197 0.2645 0.1585 0.2602 0.2865 0.2410 0.2780 0.2267 0.3190 
main 1.0000 2.0000 27.0000 5.0000 0.0000 5.0000 4.0000 2.0000 0.1054 0.2512 1.0048 0.0906 0.1145 b 0.2330 1.2548 1.1445 2.3970 0.3994 0.2409 0.2119 0.1526 0.0000 0.0000 0.0000 0.0000 0.0000 
main 1.0000 2.0000 30.0000 6.0000 0.0000 6.0000 5.0000 2.0000 0.1028 0.2502 1.2511 0.0906 0.1145 b 0.1660 1.5011 1.4130 2.9100 0.3229 0.1668 0.3910 0.1555 0.2150 0.0000 0.0000 0.0000 0.0000 
main 1.0000 2.0000 18.0000 9.0000 1.0000 9.0000 8.0000 2.0000 0.0915 0.2497 1.9975 0.0906 0.1145 b 0.1840 2.2475 1.3570 3.6066 0.1725 0.2651 0.3830 0.2175 0.3660 0.1548 0.2874 0.1512 0.0000 
main 1.0000 2.0000 4.0000 5.0000 0.0000 5.0000 4.0000 0.0000 0.0000 0.2500 1.0000 0.0000 0.0000 b 0.2130 1.2500 1.3032 2.5588 0.2500 0.2500 0.2500 0.2500 0.0000 0.0000 0.0000 0.0000 0.0000 
main 1.0000 2.0000 7.0000 6.0000 0.0000 6.0000 5.0000 0.0000 0.0000 0.2500 1.2500 0.0000 0.0000 b 0.1560 1.5000 1.1720 2.6757 0.2500 0.2500 0.2500 0.2500 0.2500 0.0000 0.0000 0.0000 0.0000 
main 1.0000 2.0000 13.0000 8.0000 1.0000 8.0000 7.0000 0.0000 0.0000 0.2500 1.7500 0.0000 0.0000 b 0.2190 2.0000 1.3469 3.3591 0.2500 0.2500 0.2500 0.2500 0.2500 0.2500 0.2500 0.0000 0.0000 
main 1.0000 2.0000 5.0000 5.0000 0.0000 5.0000 4.0000 1.0000 0.0557 0.2491 0.9965 0.0349 0.0588 b 0.1960 1.2465 1.1792 2.4221 0.2250 0.3128 0.2734 0.1853 0.0000 0.0000 0.0000 0.0000 0.0000 
main 1.0000 2.0000 32.0000 7.0000 1.0000 7.0000 6.0000 1.0000 0.0464 0.2499 1.4992 0.0349 0.0588 b 0.1700 1.7492 1.3159 3.0747 0.2104 0.2544 0.2917 0.2010 0.3163 0.2253 0.0000 0.0000 0.0000 
main 1.0000 2.0000 8.0000 6.0000 0.0000 6.0000 5.0000 1.0000 0.0527 0.2508 1.2541 0.0349 0.0588 b 0.1740 1.5041 1.3157 2.8299 0.3005 0.2121 0.3050 0.2506 0.1859 0.0000 0.0000 0.0000 0.0000 
main 1.0000 2.0000 26.0000 5.0000 0.0000 5.0000 4.0000 1.0000 0.0452 0.2505 1.0021 0.0349 0.0588 b 0.1670 1.2521 1.4106 2.6612 0.2156 0.2798 0.2085 0.2982 0.0000 0.0000 0.0000 0.0000 0.0000 
main 1.0000 2.0000 2.0000 4.0000 0.0000 4.0000 3.0000 1.0000 0.0553 0.2510 0.7530 0.0349 0.0588 b 0.2000 1.0030 1.0978 2.0953 0.1933 0.3036 0.2560 0.0000 0.0000 0.0000 0.0000 0.0000 0.0000 
main 1.0000 2.0000 28.0000 6.0000 0.0000 6.0000 5.0000 0.0000 0.0000 0.2500 1.2500 0.0000 0.0000 b 0.1810 1.5000 1.3235 2.8256 0.2500 0.2500 0.2500 0.2500 0.2500 0.0000 0.0000 0.0000 0.0000 
main 1.0000 2.0000 56.0000 8.0000 1.0000 8.0000 7.0000 1.0000 0.0561 0.2507 1.7548 0.0349 0.0588 b 0.1870 2.0048 1.0981 3.0969 0.3322 0.2025 0.2343 0.3288 0.2254 0.2002 0.2314 0.0000 0.0000 
main 1.0000 2.0000 1.0000 4.0000 0.0000 4.0000 3.0000 0.0000 0.0000 0.2500 0.7500 0.0000 0.0000 b 0.1920 1.0000 1.1757 2.1756 0.2500 0.2500 0.2500 0.0000 0.0000 0.0000 0.0000 0.0000 0.0000 
main 1.0000 2.0000 52.0000 7.0000 1.0000 7.0000 6.0000 0.0000 0.0000 0.2500 1.5000 0.0000 0.0000 b 0.1990 1.7500 1.4066 3.1590 0.2500 0.2500 0.2500 0.2500 0.2500 0.2500 0.0000 0.0000 0.0000 
main 1.0000 2.0000 40.0000 10.0000 2.0000 10.0000 9.0000 0.0000 0.0000 0.2500 2.2500 0.0000 0.0000 b 0.1960 2.5000 1.2074 3.7088 0.2500 0.2500 0.2500 0.2500 0.2500 0.2500 0.2500 0.2500 0.2500 
main 1.0000 2.0000 43.0000 4.0000 0.0000 4.0000 3.0000 0.0000 0.0000 0.2500 0.7500 0.0000 0.0000 b 0.2520 1.0000 1.3513 2.3424 0.2500 0.2500 0.2500 0.0000 0.0000 0.0000 0.0000 0.0000 0.0000 
main 1.0000 2.0000 49.0000 6.0000 0.0000 6.0000 5.0000 0.0000 0.0000 0.2500 1.2500 0.0000 0.0000 b 0.2040 1.5000 1.3107 2.8089 0.2500 0.2500 0.2500 0.2500 0.2500 0.0000 0.0000 0.0000 0.0000 
main 1.0000 2.0000 6.0000 5.0000 0.0000 5.0000 4.0000 2.0000 0.0981 0.2489 0.9955 0.0906 0.1145 b 0.2650 1.2455 1.0689 2.3210 0.3522 0.1805 0.1510 0.3119 0.0000 0.0000 0.0000 0.0000 0.0000 
main 1.0000 2.0000 34.0000 8.0000 1.0000 8.0000 7.0000 0.0000 0.0000 0.2500 1.7500 0.0000 0.0000 b 0.1890 2.0000 1.2937 3.3090 0.2500 0.2500 0.2500 0.2500 0.2500 0.2500 0.2500 0.0000 0.0000 
main 1.0000 2.0000 24.0000 4.0000 0.0000 4.0000 3.0000 2.0000 0.0983 0.2485 0.7454 0.0906 0.1145 b 0.2740 0.9954 1.3232 2.3209 0.1666 0.2212 0.3576 0.0000 0.0000 0.0000 0.0000 0.0000 0.0000 
main 1.0000 2.0000 29.0000 6.0000 0.0000 6.0000 5.0000 1.0000 0.0516 0.2501 1.2504 0.0349 0.0588 b 0.2020 1.5004 1.4994 3.0094 0.1751 0.2790 0.2325 0.3122 0.2516 0.0000 0.0000 0.0000 0.0000 
main 1.0000 2.0000 23.0000 4.0000 0.0000 4.0000 3.0000 1.0000 0.0572 0.2506 0.7517 0.0349 0.0588 b 0.1990 1.0017 1.1298 2.1439 0.2577 0.3039 0.1902 0.0000 0.0000 0.0000 0.0000 0.0000 0.0000 
main 1.0000 2.0000 15.0000 8.0000 1.0000 8.0000 7.0000 2.0000 0.0960 0.2507 1.7547 0.0906 0.1145 b 0.1770 2.0047 1.3587 3.3637 0.3978 0.1531 0.3475 0.1615 0.2915 0.2148 0.1885 0.0000 0.0000 
main 1.0000 2.0000 37.0000 9.0000 1.0000 9.0000 8.0000 0.0000 0.0000 0.2500 2.0000 0.0000 0.0000 b 0.1870 2.2500 1.3893 3.6422 0.2500 0.2500 0.2500 0.2500 0.2500 0.2500 0.2500 0.2500 0.0000 
main 1.0000 2.0000 19.0000 10.0000 2.0000 10.0000 9.0000 0.0000 0.0000 0.2500 2.2500 0.0000 0.0000 b 0.1900 2.5000 1.4348 3.9424 0.2500 0.2500 0.2500 0.2500 0.2500 0.2500 0.2500 0.2500 0.2500 
main 1.0000 2.0000 54.0000 7.0000 1.0000 7.0000 6.0000 2.0000 0.0981 0.2505 1.5031 0.0906 0.1145 b 0.2010 1.7531 1.0769 2.8286 0.1671 0.3831 0.2248 0.1871 0.3656 0.1754 0.0000 0.0000 0.0000 
main 1.0000 2.0000 9.0000 6.0000 0.0000 6.0000 5.0000 2.0000 0.1053 0.2495 1.2476 0.0906 0.1145 b 0.1940 1.4976 1.3822 2.8732 0.1946 0.1535 0.3434 0.1739 0.3821 0.0000 0.0000 0.0000 0.0000 
main 1.0000 2.0000 59.0000 9.0000 1.0000 9.0000 8.0000 1.0000 0.0532 0.2496 1.9970 0.0349 0.0588 b 0.1920 2.2470 1.2329 3.4727 0.3151 0.2272 0.2623 0.2353 0.2972 0.2110 0.1552 0.2937 0.0000 
main 1.0000 2.0000 35.0000 8.0000 1.0000 8.0000 7.0000 1.0000 0.0517 0.2499 1.7495 0.0349 0.0588 b 0.2050 1.9995 1.3866 3.3751 0.2203 0.2676 0.2144 0.2952 0.1794 0.3308 0.2418 0.0000 0.0000 
main 1.0000 2.0000 55.0000 8.0000 1.0000 8.0000 7.0000 0.0000 0.0000 0.2500 1.7500 0.0000 0.0000 b 0.1800 2.0000 1.0978 3.0923 0.2500 0.2500 0.2500 0.2500 0.2500 0.2500 0.2500 0.0000 0.0000 
main 1.0000 2.0000 62.0000 10.0000 2.0000 10.0000 9.0000 1.0000 0.0529 0.2497 2.2474 0.0349 0.0588 b 0.1930 2.4974 1.2483 3.7396 0.2787 0.2233 0.2709 0.2076 0.3406 0.1797 0.3024 0.1978 0.2463 
main 1.0000 2.0000 25.0000 5.0000 0.0000 5.0000 4.0000 0.0000 0.0000 0.2500 1.0000 0.0000 0.0000 b 0.2160 1.2500 1.2734 2.5088 0.2500 0.2500 0.2500 0.2500 0.0000 0.0000 0.0000 0.0000 0.0000 
main 1.0000 2.0000 48.0000 5.0000 0.0000 5.0000 4.0000 2.0000 0.0987 0.2498 0.9993 0.0906 0.1145 b 0.1970 1.2493 1.2920 2.5583 0.1695 0.2950 0.3676 0.1671 0.0000 0.0000 0.0000 0.0000 0.0000 
main 1.0000 2.0000 31.0000 7.0000 1.0000 7.0000 6.0000 0.0000 0.0000 0.2500 1.5000 0.0000 0.0000 b 0.1750 1.7500 1.2086 2.9587 0.2500 0.2500 0.2500 0.2500 0.2500 0.2500 0.0000 0.0000 0.0000 
main 1.0000 2.0000 63.0000 10.0000 2.0000 10.0000 9.0000 2.0000 0.1011 0.2502 2.2516 0.0906 0.1145 b 0.2120 2.5016 1.0300 3.5438 0.1509 0.3857 0.1501 0.2034 0.3219 0.1750 0.3718 0.3352 0.1575 
main 1.0000 2.0000 44.0000 4.0000 0.0000 4.0000 3.0000 1.0000 0.0535 0.2513 0.7538 0.0349 0.0588 b 0.2320 1.0038 1.3838 2.3962 0.2466 0.3069 0.2003 0.0000 0.0000 0.0000 0.0000 0.0000 0.0000 
main 1.0000 2.0000 47.0000 5.0000 0.0000 5.0000 4.0000 1.0000 0.0566 0.2493 0.9970 0.0349 0.0588 b 0.3790 1.2470 1.3407 2.5893 0.1973 0.2741 0.2084 0.3172 0.0000 0.0000 0.0000 0.0000 0.0000 
main 1.0000 2.0000 16.0000 9.0000 1.0000 9.0000 8.0000 0.0000 0.0000 0.2500 2.0000 0.0000 0.0000 b 0.1830 2.2500 1.4859 3.7424 0.2500 0.2500 0.2500 0.2500 0.2500 0.2500 0.2500 0.2500 0.0000 
main 1.0000 2.0000 53.0000 7.0000 1.0000 7.0000 6.0000 1.0000 0.0563 0.2507 1.5042 0.0349 0.0588 b 0.1860 1.7542 1.2720 3.0298 0.2225 0.3077 0.2503 0.3015 0.1558 0.2663 0.0000 0.0000 0.0000 
main 1.0000 2.0000 14.0000 8.0000 1.0000 8.0000 7.0000 1.0000 0.0531 0.2498 1.7486 0.0349 0.0588 b 0.1430 1.9986 1.3136 3.3076 0.1756 0.2873 0.3332 0.2583 0.2225 0.2664 0.2053 0.0000 0.0000 
main 1.0000 2.0000 3.0000 4.0000 0.0000 4.0000 3.0000 2.0000 0.1055 0.2498 0.7494 0.0906 0.1145 b 0.2090 0.9994 1.1073 2.1082 0.3647 0.2273 0.1574 0.0000 0.0000 0.0000 0.0000 0.0000 0.0000 
main 1.0000 2.0000 58.0000 9.0000 1.0000 9.0000 8.0000 0.0000 0.0000 0.2500 2.0000 0.0000 0.0000 b 0.1640 2.2500 1.4912 3.7424 0.2500 0.2500 0.2500 0.2500 0.2500 0.2500 0.2500 0.2500 0.0000 
main 1.0000 2.0000 50.0000 6.0000 0.0000 6.0000 5.0000 1.0000 0.0563 0.2503 1.2517 0.0349 0.0588 b 0.2040 1.5017 1.0417 2.5437 0.2340 0.1914 0.3235 0.2939 0.2089 0.0000 0.0000 0.0000 0.0000 
main 1.0000 2.0000 12.0000 7.0000 1.0000 7.0000 6.0000 2.0000 0.0929 0.2505 1.5028 0.0906 0.1145 b 0.1990 1.7528 1.4188 3.1618 0.1663 0.2642 0.1550 0.3863 0.2028 0.3283 0.0000 0.0000 0.0000 
main 1.0000 2.0000 36.0000 8.0000 1.0000 8.0000 7.0000 2.0000 0.0945 0.2501 1.7506 0.0906 0.1145 b 0.2080 2.0006 1.0470 3.0428 0.1659 0.3426 0.2043 0.1612 0.3704 0.3350 0.1713 0.0000 0.0000 
main 1.0000 2.0000 42.0000 10.0000 2.0000 10.0000 9.0000 2.0000 0.0922 0.2498 2.2482 0.0906 0.1145 b 0.2040 2.4982 1.0841 3.5737 0.2127 0.2555 0.3753 0.1680 0.3225 0.1871 0.3934 0.1513 0.1823 
main 1.0000 2.0000 51.0000 6.0000 0.0000 6.0000 5.0000 2.0000 0.0926 0.2490 1.2452 0.0906 0.1145 b 0.2290 1.4952 1.3774 2.8710 0.1900 0.3970 0.1801 0.2838 0.1943 0.0000 0.0000 0.0000 0.0000 
main 1.0000 2.0000 22.0000 4.0000 0.0000 4.0000 3.0000 0.0000 0.0000 0.2500 0.7500 0.0000 0.0000 b 0.2390 1.0000 1.2356 2.2255 0.2500 0.2500 0.2500 0.0000 0.0000 0.0000 0.0000 0.0000 0.0000 
main 1.0000 2.0000 11.0000 7.0000 1.0000 7.0000 6.0000 1.0000 0.0539 0.2499 1.4995 0.0349 0.0588 b 0.1660 1.7495 1.0781 2.8417 0.2460 0.2770 0.2061 0.3389 0.2438 0.1877 0.0000 0.0000 0.0000 
main 1.0000 2.0000 41.0000 10.0000 2.0000 10.0000 9.0000 1.0000 0.0521 0.2498 2.2479 0.0349 0.0588 b 0.2030 2.4979 1.0219 3.5235 0.2495 0.3255 0.2818 0.2084 0.2391 0.2055 0.3023 0.2745 0.1613 
main 1.0000 2.0000 38.0000 9.0000 1.0000 9.0000 8.0000 1.0000 0.0496 0.2496 1.9969 0.0349 0.0588 b 0.1710 2.2469 1.3768 3.6226 0.2195 0.1890 0.3292 0.2611 0.2143 0.2396 0.3157 0.2285 0.0000 
main 1.0000 3.0000 42.0000 10.0000 2.0000 10.0000 9.0000 2.0000 0.1067 0.2500 2.2503 0.0906 0.1145 b 0.1710 2.5003 1.2551 3.7591 0.1586 0.3893 0.1609 0.2174 0.1693 0.3885 0.2030 0.1712 0.3921 
main 1.0000 3.0000 29.0000 6.0000 0.0000 6.0000 5.0000 1.0000 0.0447 0.2506 1.2528 0.0349 0.0588 b 0.2080 1.5028 1.4308 2.9284 0.2678 0.2945 0.2449 0.1771 0.2685 0.0000 0.0000 0.0000 0.0000 
main 1.0000 3.0000 46.0000 5.0000 0.0000 5.0000 4.0000 0.0000 0.0000 0.2500 1.0000 0.0000 0.0000 b 0.1700 1.2500 1.3914 2.6423 0.2500 0.2500 0.2500 0.2500 0.0000 0.0000 0.0000 0.0000 0.0000 
main 1.0000 3.0000 16.0000 9.0000 1.0000 9.0000 8.0000 0.0000 0.0000 0.2500 2.0000 0.0000 0.0000 b 0.1800 2.2500 1.1902 3.4423 0.2500 0.2500 0.2500 0.2500 0.2500 0.2500 0.2500 0.2500 0.0000 
main 1.0000 3.0000 25.0000 5.0000 0.0000 5.0000 4.0000 0.0000 0.0000 0.2500 1.0000 0.0000 0.0000 b 0.1940 1.2500 1.3398 2.5923 0.2500 0.2500 0.2500 0.2500 0.0000 0.0000 0.0000 0.0000 0.0000 
main 1.0000 3.0000 8.0000 6.0000 0.0000 6.0000 5.0000 1.0000 0.0539 0.2501 1.2506 0.0349 0.0588 b 0.1820 1.5006 1.0613 2.5594 0.2620 0.2136 0.3384 0.2052 0.2314 0.0000 0.0000 0.0000 0.0000 
main 1.0000 3.0000 57.0000 8.0000 1.0000 8.0000 7.0000 2.0000 0.0931 0.2506 1.7541 0.0906 0.1145 b 0.1710 2.0041 1.1434 3.1462 0.1506 0.3828 0.1502 0.3491 0.2220 0.2940 0.2053 0.0000 0.0000 
main 1.0000 3.0000 41.0000 10.0000 2.0000 10.0000 9.0000 1.0000 0.0516 0.2499 2.2492 0.0349 0.0588 b 0.1600 2.4992 1.2892 3.7916 0.2104 0.1694 0.3168 0.2025 0.2671 0.2396 0.3248 0.2467 0.2719 
main 1.0000 3.0000 9.0000 6.0000 0.0000 6.0000 5.0000 2.0000 0.0963 0.2504 1.2520 0.0906 0.1145 b 0.1920 1.5020 1.1988 2.6944 0.2354 0.1682 0.3980 0.2847 0.1658 0.0000 0.0000 0.0000 0.0000 
main 1.0000 3.0000 34.0000 8.0000 1.0000 8.0000 7.0000 0.0000 0.0000 0.2500 1.7500 0.0000 0.0000 b 0.1850 2.0000 1.4685 3.4590 0.2500 0.2500 0.2500 0.2500 0.2500 0.2500 0.2500 0.0000 0.0000 
main 1.0000 3.0000 26.0000 5.0000 0.0000 5.0000 4.0000 1.0000 0.0442 0.2505 1.0019 0.0349 0.0588 b 0.1830 1.2519 1.0449 2.3108 0.2998 0.2715 0.2310 0.1995 0.0000 0.0000 0.0000 0.0000 0.0000 
main 1.0000 3.0000 21.0000 10.0000 2.0000 10.0000 9.0000 2.0000 0.0992 0.2505 2.2544 0.0906 0.1145 b 0.2090 2.5044 1.1654 3.6800 0.1587 0.3168 0.1502 0.3879 0.1643 0.2037 0.3396 0.1692 0.3639 
main 1.0000 3.0000 1.0000 4.0000 0.0000 4.0000 3.0000 0.0000 0.0000 0.2500 0.7500 0.0000 0.0000 b 0.2360 1.0000 1.4068 2.4090 0.2500 0.2500 0.2500 0.0000 0.0000 0.0000 0.0000 0.0000 0.0000 
main 1.0000 3.0000 43.0000 4.0000 0.0000 4.0000 3.0000 0.0000 0.0000 0.2500 0.7500 0.0000 0.0000 b 0.1720 1.0000 1.4262 2.4257 0.2500 0.2500 0.2500 0.0000 0.0000 0.0000 0.0000 0.0000 0.0000 
main 1.0000 3.0000 5.0000 5.0000 0.0000 5.0000 4.0000 1.0000 0.0562 0.2489 0.9954 0.0349 0.0588 b 0.1600 1.2454 1.1512 2.4044 0.2235 0.1868 0.3166 0.2686 0.0000 0.0000 0.0000 0.0000 0.0000 
main 1.0000 3.0000 4.0000 5.0000 0.0000 5.0000 4.0000 0.0000 0.0000 0.2500 1.0000 0.0000 0.0000 b 0.2050 1.2500 1.3012 2.5589 0.2500 0.2500 0.2500 0.2500 0.0000 0.0000 0.0000 0.0000 0.0000 
main 1.0000 3.0000 56.0000 8.0000 1.0000 8.0000 7.0000 1.0000 0.0585 0.2500 1.7499 0.0349 0.0588 b 0.1660 1.9999 1.0517 3.0588 0.2868 0.2428 0.2015 0.1608 0.2963 0.3296 0.2320 0.0000 0.0000 
main 1.0000 3.0000 27.0000 5.0000 0.0000 5.0000 4.0000 2.0000 0.0907 0.2500 0.9999 0.0906 0.1145 b 0.2000 1.2499 1.2350 2.4921 0.1744 0.1995 0.2479 0.3781 0.0000 0.0000 0.0000 0.0000 0.0000 
main 1.0000 3.0000 19.0000 10.0000 2.0000 10.0000 9.0000 0.0000 0.0000 0.2500 2.2500 0.0000 0.0000 b 0.2090 2.5000 1.2668 3.7754 0.2500 0.2500 0.2500 0.2500 0.2500 0.2500 0.2500 0.2500 0.2500 
main 1.0000 3.0000 14.0000 8.0000 1.0000 8.0000 7.0000 1.0000 0.0389 0.2498 1.7487 0.0349 0.0588 b 0.1610 1.9987 1.0351 3.0408 0.2950 0.2697 0.2325 0.1905 0.2197 0.2478 0.2936 0.0000 0.0000 
main 1.0000 3.0000 51.0000 6.0000 0.0000 6.0000 5.0000 2.0000 0.1004 0.2510 1.2549 0.0906 0.1145 b 0.1940 1.5049 1.1877 2.6972 0.2969 0.1593 0.2551 0.1516 0.3921 0.0000 0.0000 0.0000 0.0000 
main 1.0000 3.0000 12.0000 7.0000 1.0000 7.0000 6.0000 2.0000 0.0990 0.2508 1.5047 0.0906 0.1145 b 0.1800 1.7547 1.2678 3.0135 0.3858 0.1672 0.2767 0.1819 0.1507 0.3423 0.0000 0.0000 0.0000 
main 1.0000 3.0000 24.0000 4.0000 0.0000 4.0000 3.0000 2.0000 0.1106 0.2508 0.7524 0.0906 0.1145 b 0.2000 1.0024 1.4345 2.4281 0.1586 0.2203 0.3735 0.0000 0.0000 0.0000 0.0000 0.0000 0.0000 
main 1.0000 3.0000 54.0000 7.0000 1.0000 7.0000 6.0000 2.0000 0.0915 0.2507 1.5039 0.0906 0.1145 b 0.1670 1.7539 1.2979 3.0461 0.3874 0.3097 0.1512 0.2803 0.2102 0.1651 0.0000 0.0000 0.0000 
main 1.0000 3.0000 7.0000 6.0000 0.0000 6.0000 5.0000 0.0000 0.0000 0.2500 1.2500 0.0000 0.0000 b 0.1640 1.5000 1.1538 2.6422 0.2500 0.2500 0.2500 0.2500 0.2500 0.0000 0.0000 0.0000 0.0000 
main 1.0000 3.0000 53.0000 7.0000 1.0000 7.0000 6.0000 1.0000 0.0498 0.2492 1.4955 0.0349 0.0588 b 0.2040 1.7455 1.3315 3.0713 0.2820 0.1847 0.2214 0.2741 0.3174 0.2160 0.0000 0.0000 0.0000 
main 1.0000 3.0000 40.0000 10.0000 2.0000 10.0000 9.0000 0.0000 0.0000 0.2500 2.2500 0.0000 0.0000 b 0.1720 2.5000 1.3382 3.8422 0.2500 0.2500 0.2500 0.2500 0.2500 0.2500 0.2500 0.2500 0.2500 
main 1.0000 3.0000 13.0000 8.0000 1.0000 8.0000 7.0000 0.0000 0.0000 0.2500 1.7500 0.0000 0.0000 b 0.2030 2.0000 1.2958 3.3089 0.2500 0.2500 0.2500 0.2500 0.2500 0.2500 0.2500 0.0000 0.0000 
main 1.0000 3.0000 36.0000 8.0000 1.0000 8.0000 7.0000 2.0000 0.0940 0.2497 1.7476 0.0906 0.1145 b 0.1920 1.9976 1.1262 3.1232 0.3495 0.3980 0.1543 0.1836 0.2757 0.1775 0.2090 0.0000 0.0000 
main 1.0000 3.0000 59.0000 9.0000 1.0000 9.0000 8.0000 1.0000 0.0566 0.2505 2.0039 0.0349 0.0588 b 0.1650 2.2539 1.0451 3.2960 0.3003 0.2671 0.1840 0.2933 0.1553 0.2754 0.2232 0.3052 0.0000 
main 1.0000 3.0000 33.0000 7.0000 1.0000 7.0000 6.0000 2.0000 0.0915 0.2502 1.5009 0.0906 0.1145 b 0.2010 1.7509 1.2459 2.9933 0.3787 0.3370 0.2299 0.1511 0.2408 0.1634 0.0000 0.0000 0.0000 
main 1.0000 3.0000 63.0000 10.0000 2.0000 10.0000 9.0000 2.0000 0.0967 0.2505 2.2549 0.0906 0.1145 b 0.1540 2.5049 1.1022 3.6137 0.1696 0.2062 0.3919 0.2872 0.3550 0.1537 0.1808 0.1556 0.3547 
main 1.0000 3.0000 62.0000 10.0000 2.0000 10.0000 9.0000 1.0000 0.0574 0.2499 2.2488 0.0349 0.0588 b 0.1930 2.4988 1.0499 3.5578 0.1671 0.2308 0.1845 0.3274 0.2147 0.2400 0.3160 0.2645 0.3039 
main 1.0000 3.0000 35.0000 8.0000 1.0000 8.0000 7.0000 1.0000 0.0572 0.2504 1.7525 0.0349 0.0588 b 0.2130 2.0025 1.1067 3.1114 0.2415 0.1962 0.2988 0.2195 0.3279 0.1759 0.2927 0.0000 0.0000 
main 1.0000 3.0000 31.0000 7.0000 1.0000 7.0000 6.0000 0.0000 0.0000 0.2500 1.5000 0.0000 0.0000 b 0.2150 1.7500 1.2917 3.0424 0.2500 0.2500 0.2500 0.2500 0.2500 0.2500 0.0000 0.0000 0.0000 
main 1.0000 3.0000 30.0000 6.0000 0.0000 6.0000 5.0000 2.0000 0.0915 0.2505 1.2526 0.0906 0.1145 b 0.2620 1.5026 1.1336 2.6282 0.1599 0.2648 0.3889 0.1749 0.2641 0.0000 0.0000 0.0000 0.0000 
main 1.0000 3.0000 2.0000 4.0000 0.0000 4.0000 3.0000 1.0000 0.0405 0.2514 0.7541 0.0349 0.0588 b 0.1970 1.0041 1.2612 2.2629 0.2591 0.2076 0.2874 0.0000 0.0000 0.0000 0.0000 0.0000 0.0000 
main 1.0000 3.0000 47.0000 5.0000 0.0000 5.0000 4.0000 1.0000 0.0423 0.2495 0.9979 0.0349 0.0588 b 0.1990 1.2479 1.0197 2.2567 0.2410 0.2871 0.1934 0.2765 0.0000 0.0000 0.0000 0.0000 0.0000 
main 1.0000 3.0000 6.0000 5.0000 0.0000 5.0000 4.0000 2.0000 0.1092 0.2502 1.0009 0.0906 0.1145 b 0.1930 1.2509 1.0074 2.2598 0.1700 0.2979 0.1512 0.3817 0.0000 0.0000 0.0000 0.0000 0.0000 
main 1.0000 3.0000 20.0000 10.0000 2.0000 10.0000 9.0000 1.0000 0.0560 0.2495 2.2456 0.0349 0.0588 b 0.1700 2.4956 1.1308 3.6213 0.1961 0.3150 0.2656 0.2249 0.1633 0.3259 0.2076 0.2521 0.2952 
main 1.0000 3.0000 11.0000 7.0000 1.0000 7.0000 6.0000 1.0000 0.0481 0.2501 1.5009 0.0349 0.0588 b 0.1840 1.7509 1.2583 3.0097 0.2940 0.2313 0.2793 0.2447 0.1657 0.2859 0.0000 0.0000 0.0000 
main 1.0000 3.0000 61.0000 10.0000 2.0000 10.0000 9.0000 0.0000 0.0000 0.2500 2.2500 0.0000 0.0000 b 0.1070 2.5000 1.4546 3.9423 0.2500 0.2500 0.2500 0.2500 0.2500 0.2500 0.2500 0.2500 0.2500 
main 1.0000 3.0000 17.0000 9.0000 1.0000 9.0000 8.0000 1.0000 0.0550 0.2501 2.0006 0.0349 0.0588 b 0.1620 2.2506 1.0931 3.3596 0.3334 0.2654 0.1997 0.2979 0.2311 0.2753 0.1606 0.2371 0.0000 
main 1.0000 3.0000 44.0000 4.0000 0.0000 4.0000 3.0000 1.0000 0.0387 0.2517 0.7550 0.0349 0.0588 b 0.3990 1.0050 1.1716 2.1804 0.2551 0.2113 0.2885 0.0000 0.0000 0.0000 0.0000 0.0000 0.0000 
main 1.0000 3.0000 48.0000 5.0000 0.0000 5.0000 4.0000 2.0000 0.0909 0.2511 1.0046 0.0906 0.1145 b 0.1960 1.2546 1.0900 2.3468 0.3293 0.1855 0.1603 0.3295 0.0000 0.0000 0.0000 0.0000 0.0000 
main 1.0000 3.0000 52.0000 7.0000 1.0000 7.0000 6.0000 0.0000 0.0000 0.2500 1.5000 0.0000 0.0000 b 0.1960 1.7500 1.4849 3.2424 0.2500 0.2500 0.2500 0.2500 0.2500 0.2500 0.0000 0.0000 0.0000 
main 1.0000 3.0000 60.0000 9.0000 1.0000 9.0000 8.0000 2.0000 0.0964 0.2506 2.0046 0.0906 0.1145 b 0.2380 2.2546 1.0082 3.2635 0.1746 0.3951 0.1844 0.2293 0.3541 0.1667 0.3392 0.1614 0.0000 
main 1.0000 3.0000 15.0000 8.0000 1.0000 8.0000 7.0000 2.0000 0.0908 0.2501 1.7506 0.0906 0.1145 b 0.1640 2.0006 1.0138 3.0094 0.2320 0.3661 0.1598 0.2623 0.3767 0.1591 0.1945 0.0000 0.0000 
main 1.0000 3.0000 49.0000 6.0000 0.0000 6.0000 5.0000 0.0000 0.0000 0.2500 1.2500 0.0000 0.0000 b 0.1870 1.5000 1.2153 2.7088 0.2500 0.2500 0.2500 0.2500 0.2500 0.0000 0.0000 0.0000 0.0000 
main 1.0000 3.0000 3.0000 4.0000 0.0000 4.0000 3.0000 2.0000 0.1067 0.2496 0.7489 0.0906 0.1145 b 0.2070 0.9989 1.4284 2.4245 0.1655 0.2138 0.3696 0.0000 0.0000 0.0000 0.0000 0.0000 0.0000 
main 1.0000 3.0000 18.0000 9.0000 1.0000 9.0000 8.0000 2.0000 0.0983 0.2501 2.0007 0.0906 0.1145 b 0.1990 2.2507 1.3592 3.6098 0.1675 0.1998 0.1507 0.2327 0.3840 0.2978 0.1710 0.3972 0.0000 
main 1.0000 3.0000 23.0000 4.0000 0.0000 4.0000 3.0000 1.0000 0.0393 0.2486 0.7459 0.0349 0.0588 b 0.1800 0.9959 1.1830 2.1715 0.2097 0.2479 0.2883 0.0000 0.0000 0.0000 0.0000 0.0000 0.0000 
main 1.0000 3.0000 22.0000 4.0000 0.0000 4.0000 3.0000 0.0000 0.0000 0.2500 0.7500 0.0000 0.0000 b 0.1760 1.0000 1.0095 2.0088 0.2500 0.2500 0.2500 0.0000 0.0000 0.0000 0.0000 0.0000 0.0000 
main 1.0000 3.0000 10.0000 7.0000 1.0000 7.0000 6.0000 0.0000 0.0000 0.2500 1.5000 0.0000 0.0000 b 0.2030 1.7500 1.2927 3.0422 0.2500 0.2500 0.2500 0.2500 0.2500 0.2500 0.0000 0.0000 0.0000 
main 1.0000 3.0000 38.0000 9.0000 1.0000 9.0000 8.0000 1.0000 0.0435 0.2496 1.9964 0.0349 0.0588 b 0.1500 2.2464 1.3441 3.5888 0.2951 0.1880 0.2888 0.2215 0.2859 0.2324 0.2834 0.2015 0.0000 
main 1.0000 3.0000 55.0000 8.0000 1.0000 8.0000 7.0000 0.0000 0.0000 0.2500 1.7500 0.0000 0.0000 b 0.1780 2.0000 1.2252 3.2257 0.2500 0.2500 0.2500 0.2500 0.2500 0.2500 0.2500 0.0000 0.0000 
main 1.0000 3.0000 32.0000 7.0000 1.0000 7.0000 6.0000 1.0000 0.0543 0.2501 1.5005 0.0349 0.0588 b 0.1990 1.7505 1.2372 2.9762 0.3147 0.2139 0.2805 0.1752 0.2942 0.2219 0.0000 0.0000 0.0000 
main 1.0000 3.0000 58.0000 9.0000 1.0000 9.0000 8.0000 0.0000 0.0000 0.2500 2.0000 0.0000 0.0000 b 0.1430 2.2500 1.2449 3.4923 0.2500 0.2500 0.2500 0.2500 0.2500 0.2500 0.2500 0.2500 0.0000 
main 1.0000 3.0000 37.0000 9.0000 1.0000 9.0000 8.0000 0.0000 0.0000 0.2500 2.0000 0.0000 0.0000 b 0.1970 2.2500 1.0980 3.3590 0.2500 0.2500 0.2500 0.2500 0.2500 0.2500 0.2500 0.2500 0.0000 
main 1.0000 3.0000 45.0000 4.0000 0.0000 4.0000 3.0000 2.0000 0.0907 0.2491 0.7474 0.0906 0.1145 b 0.2070 0.9974 1.4295 2.4397 0.2182 0.3513 0.1779 0.0000 0.0000 0.0000 0.0000 0.0000 0.0000 
main 1.0000 3.0000 50.0000 6.0000 0.0000 6.0000 5.0000 1.0000 0.0579 0.2491 1.2455 0.0349 0.0588 b 0.1620 1.4955 1.4444 2.9379 0.1947 0.2925 0.2295 0.2023 0.3265 0.0000 0.0000 0.0000 0.0000 
main 1.0000 3.0000 28.0000 6.0000 0.0000 6.0000 5.0000 0.0000 0.0000 0.2500 1.2500 0.0000 0.0000 b 0.1820 1.5000 1.1220 2.6255 0.2500 0.2500 0.2500 0.2500 0.2500 0.0000 0.0000 0.0000 0.0000 
main 1.0000 3.0000 39.0000 9.0000 1.0000 9.0000 8.0000 2.0000 0.0920 0.2496 1.9965 0.0906 0.1145 b 0.1760 2.2465 1.1677 3.4222 0.1835 0.1553 0.3751 0.2374 0.1647 0.3668 0.3240 0.1898 0.0000 
main 1.0000 4.0000 54.0000 7.0000 1.0000 7.0000 6.0000 2.0000 0.0995 0.2507 1.5044 0.0906 0.1145 b 0.2040 1.7544 1.2664 3.0132 0.1620 0.2194 0.3922 0.3527 0.2257 0.1525 0.0000 0.0000 0.0000 
main 1.0000 4.0000 28.0000 6.0000 0.0000 6.0000 5.0000 0.0000 0.0000 0.2500 1.2500 0.0000 0.0000 b 0.1920 1.5000 1.2796 2.7756 0.2500 0.2500 0.2500 0.2500 0.2500 0.0000 0.0000 0.0000 0.0000 
main 1.0000 4.0000 23.0000 4.0000 0.0000 4.0000 3.0000 1.0000 0.0355 0.2503 0.7508 0.0349 0.0588 b 0.2370 1.0008 1.4162 2.4098 0.2850 0.2140 0.2518 0.0000 0.0000 0.0000 0.0000 0.0000 0.0000 
main 1.0000 4.0000 50.0000 6.0000 0.0000 6.0000 5.0000 1.0000 0.0522 0.2493 1.2467 0.0349 0.0588 b 0.1870 1.4967 1.3467 2.8390 0.3202 0.2343 0.1980 0.2860 0.2083 0.0000 0.0000 0.0000 0.0000 
main 1.0000 4.0000 14.0000 8.0000 1.0000 8.0000 7.0000 1.0000 0.0549 0.2504 1.7530 0.0349 0.0588 b 0.1980 2.0030 1.2639 3.2618 0.2339 0.1991 0.3276 0.2181 0.2762 0.3104 0.1877 0.0000 0.0000 
main 1.0000 4.0000 43.0000 4.0000 0.0000 4.0000 3.0000 0.0000 0.0000 0.2500 0.7500 0.0000 0.0000 b 0.1890 1.0000 1.3290 2.3258 0.2500 0.2500 0.2500 0.0000 0.0000 0.0000 0.0000 0.0000 0.0000 
main 1.0000 4.0000 58.0000 9.0000 1.0000 9.0000 8.0000 0.0000 0.0000 0.2500 2.0000 0.0000 0.0000 b 0.1480 2.2500 1.0613 3.3088 0.2500 0.2500 0.2500 0.2500 0.2500 0.2500 0.2500 0.2500 0.0000 
main 1.0000 4.0000 15.0000 8.0000 1.0000 8.0000 7.0000 2.0000 0.0913 0.2502 1.7514 0.0906 0.1145 b 0.1610 2.0014 1.2677 3.2769 0.3517 0.1850 0.3361 0.1955 0.3522 0.1525 0.1786 0.0000 0.0000 
main 1.0000 4.0000 52.0000 7.0000 1.0000 7.0000 6.0000 0.0000 0.0000 0.2500 1.5000 0.0000 0.0000 b 0.1190 1.7500 1.3696 3.1257 0.2500 0.2500 0.2500 0.2500 0.2500 0.2500 0.0000 0.0000 0.0000 
main 1.0000 4.0000 56.0000 8.0000 1.0000 8.0000 7.0000 1.0000 0.0459 0.2501 1.7504 0.0349 0.0588 b 0.1790 2.0004 1.4366 3.4427 0.2479 0.2045 0.3135 0.2514 0.2995 0.1860 0.2474 0.0000 0.0000 
main 1.0000 4.0000 31.0000 7.0000 1.0000 7.0000 6.0000 0.0000 0.0000 0.2500 1.5000 0.0000 0.0000 b 0.1600 1.7500 1.4019 3.1590 0.2500 0.2500 0.2500 0.2500 0.2500 0.2500 0.0000 0.0000 0.0000 
main 1.0000 4.0000 21.0000 10.0000 2.0000 10.0000 9.0000 2.0000 0.0913 0.2498 2.2484 0.0906 0.1145 b 0.2080 2.4984 1.1003 3.6072 0.2181 0.1649 0.2788 0.2188 0.3883 0.1562 0.3956 0.2634 0.1644 
main 1.0000 4.0000 32.0000 7.0000 1.0000 7.0000 6.0000 1.0000 0.0423 0.2505 1.5033 0.0349 0.0588 b 0.1810 1.7533 1.1288 2.8789 0.2401 0.2980 0.2328 0.1838 0.2926 0.2560 0.0000 0.0000 0.0000 
main 1.0000 4.0000 27.0000 5.0000 0.0000 5.0000 4.0000 2.0000 0.0995 0.2497 0.9989 0.0906 0.1145 b 0.2120 1.2489 1.1054 2.3579 0.2511 0.2052 0.1556 0.3870 0.0000 0.0000 0.0000 0.0000 0.0000 
main 1.0000 4.0000 55.0000 8.0000 1.0000 8.0000 7.0000 0.0000 0.0000 0.2500 1.7500 0.0000 0.0000 b 0.1650 2.0000 1.3901 3.3922 0.2500 0.2500 0.2500 0.2500 0.2500 0.2500 0.2500 0.0000 0.0000 
main 1.0000 4.0000 48.0000 5.0000 0.0000 5.0000 4.0000 2.0000 0.0990 0.2503 1.0010 0.0906 0.1145 b 0.1800 1.2510 1.3004 2.5433 0.1653 0.3770 0.2806 0.1781 0.0000 0.0000 0.0000 0.0000 0.0000 
main 1.0000 4.0000 16.0000 9.0000 1.0000 9.0000 8.0000 0.0000 0.0000 0.2500 2.0000 0.0000 0.0000 b 0.1810 2.2500 1.4340 3.6758 0.2500 0.2500 0.2500 0.2500 0.2500 0.2500 0.2500 0.2500 0.0000 
main 1.0000 4.0000 30.0000 6.0000 0.0000 6.0000 5.0000 2.0000 0.0921 0.2505 1.2527 0.0906 0.1145 b 0.2160 1.5027 1.3330 2.8285 0.1524 0.3094 0.3626 0.2672 0.1612 0.0000 0.0000 0.0000 0.0000 
main 1.0000 4.0000 26.0000 5.0000 0.0000 5.0000 4.0000 1.0000 0.0424 0.2494 0.9976 0.0349 0.0588 b 0.1760 1.2476 1.2041 2.4397 0.3029 0.2518 0.1995 0.2434 0.0000 0.0000 0.0000 0.0000 0.0000 
main 1.0000 4.0000 7.0000 6.0000 0.0000 6.0000 5.0000 0.0000 0.0000 0.2500 1.2500 0.0000 0.0000 b 0.1920 1.5000 1.2322 2.7256 0.2500 0.2500 0.2500 0.2500 0.2500 0.0000 0.0000 0.0000 0.0000 
main 1.0000 4.0000 36.0000 8.0000 1.0000 8.0000 7.0000 2.0000 0.0940 0.2497 1.7477 0.0906 0.1145 b 0.1760 1.9977 1.2806 3.2734 0.1612 0.3344 0.1725 0.2238 0.1602 0.3931 0.3025 0.0000 0.0000 
main 1.0000 4.0000 47.0000 5.0000 0.0000 5.0000 4.0000 1.0000 0.0531 0.2512 1.0046 0.0349 0.0588 b 0.2060 1.2546 1.3519 2.5969 0.2007 0.2466 0.3255 0.2319 0.0000 0.0000 0.0000 0.0000 0.0000 
main 1.0000 4.0000 29.0000 6.0000 0.0000 6.0000 5.0000 1.0000 0.0559 0.2505 1.2527 0.0349 0.0588 b 0.1640 1.5027 1.2014 2.7118 0.2516 0.1819 0.2117 0.2862 0.3214 0.0000 0.0000 0.0000 0.0000 
main 1.0000 4.0000 41.0000 10.0000 2.0000 10.0000 9.0000 1.0000 0.0519 0.2505 2.2545 0.0349 0.0588 b 0.1550 2.5045 1.1799 3.6968 0.3027 0.2763 0.3223 0.2060 0.1700 0.2853 0.2480 0.1927 0.2511 
main 1.0000 4.0000 40.0000 10.0000 2.0000 10.0000 9.0000 0.0000 0.0000 0.2500 2.2500 0.0000 0.0000 b 0.1950 2.5000 1.3723 3.8757 0.2500 0.2500 0.2500 0.2500 0.2500 0.2500 0.2500 0.2500 0.2500 
main 1.0000 4.0000 49.0000 6.0000 0.0000 6.0000 5.0000 0.0000 0.0000 0.2500 1.2500 0.0000 0.0000 b 0.1770 1.5000 1.3769 2.8756 0.2500 0.2500 0.2500 0.2500 0.2500 0.0000 0.0000 0.0000 0.0000 
main 1.0000 4.0000 45.0000 4.0000 0.0000 4.0000 3.0000 2.0000 0.1029 0.2489 0.7466 0.0906 0.1145 b 0.2280 0.9966 1.0764 2.0720 0.3589 0.2326 0.1551 0.0000 0.0000 0.0000 0.0000 0.0000 0.0000 
main 1.0000 4.0000 57.0000 8.0000 1.0000 8.0000 7.0000 2.0000 0.0982 0.2494 1.7457 0.0906 0.1145 b 0.1870 1.9957 1.2186 3.2213 0.2320 0.3709 0.2384 0.3979 0.1524 0.1958 0.1584 0.0000 0.0000 
main 1.0000 4.0000 62.0000 10.0000 2.0000 10.0000 9.0000 1.0000 0.0548 0.2495 2.2458 0.0349 0.0588 b 0.1930 2.4958 1.1890 3.6881 0.1555 0.3297 0.2510 0.2119 0.2987 0.2019 0.2359 0.2970 0.2643 
main 1.0000 4.0000 33.0000 7.0000 1.0000 7.0000 6.0000 2.0000 0.0930 0.2499 1.4993 0.0906 0.1145 b 0.2320 1.7493 1.1706 2.9248 0.1533 0.2569 0.1597 0.3022 0.2275 0.3997 0.0000 0.0000 0.0000 
main 1.0000 4.0000 9.0000 6.0000 0.0000 6.0000 5.0000 2.0000 0.0946 0.2509 1.2543 0.0906 0.1145 b 0.2150 1.5043 1.0158 2.5125 0.3800 0.1940 0.1603 0.1988 0.3212 0.0000 0.0000 0.0000 0.0000 
main 1.0000 4.0000 19.0000 10.0000 2.0000 10.0000 9.0000 0.0000 0.0000 0.2500 2.2500 0.0000 0.0000 b 0.1870 2.5000 1.1904 3.6923 0.2500 0.2500 0.2500 0.2500 0.2500 0.2500 0.2500 0.2500 0.2500 
main 1.0000 4.0000 24.0000 4.0000 0.0000 4.0000 3.0000 2.0000 0.1055 0.2516 0.7548 0.0906 0.1145 b 0.2720 1.0048 1.1891 2.1970 0.3693 0.1657 0.2198 0.0000 0.0000 0.0000 0.0000 0.0000 0.0000 
main 1.0000 4.0000 13.0000 8.0000 1.0000 8.0000 7.0000 0.0000 0.0000 0.2500 1.7500 0.0000 0.0000 b 0.2020 2.0000 1.3737 3.3756 0.2500 0.2500 0.2500 0.2500 0.2500 0.2500 0.2500 0.0000 0.0000 
main 1.0000 4.0000 34.0000 8.0000 1.0000 8.0000 7.0000 0.0000 0.0000 0.2500 1.7500 0.0000 0.0000 b 0.2280 2.0000 1.4283 3.4256 0.2500 0.2500 0.2500 0.2500 0.2500 0.2500 0.2500 0.0000 0.0000 
main 1.0000 4.0000 35.0000 8.0000 1.0000 8.0000 7.0000 1.0000 0.0561 0.2502 1.7511 0.0349 0.0588 b 0.1930 2.0011 1.1085 3.1099 0.2436 0.3498 0.2335 0.1857 0.2413 0.2957 0.2016 0.0000 0.0000 
main 1.0000 4.0000 25.0000 5.0000 0.0000 5.0000 4.0000 0.0000 0.0000 0.2500 1.0000 0.0000 0.0000 b 0.2000 1.2500 1.1073 2.3589 0.2500 0.2500 0.2500 0.2500 0.0000 0.0000 0.0000 0.0000 0.0000 
main 1.0000 4.0000 17.0000 9.0000 1.0000 9.0000 8.0000 1.0000 0.0585 0.2499 1.9995 0.0349 0.0588 b 0.1850 2.2495 1.3564 3.5918 0.2175 0.2858 0.1761 0.2589 0.2014 0.3462 0.2100 0.3035 0.0000 
main 1.0000 4.0000 10.0000 7.0000 1.0000 7.0000 6.0000 0.0000 0.0000 0.2500 1.5000 0.0000 0.0000 b 0.1920 1.7500 1.4893 3.2392 0.2500 0.2500 0.2500 0.2500 0.2500 0.2500 0.0000 0.0000 0.0000 
main 1.0000 4.0000 8.0000 6.0000 0.0000 6.0000 5.0000 1.0000 0.0560 0.2495 1.2475 0.0349 0.0588 b 0.1950 1.4975 1.4782 2.9898 0.2510 0.1662 0.2381 0.3198 0.2724 0.0000 0.0000 0.0000 0.0000 
main 1.0000 4.0000 44.0000 4.0000 0.0000 4.0000 3.0000 1.0000 0.0539 0.2515 0.7544 0.0349 0.0588 b 0.4020 1.0044 1.4818 2.4968 0.1964 0.2539 0.3041 0.0000 0.0000 0.0000 0.0000 0.0000 0.0000 
main 1.0000 4.0000 20.0000 10.0000 2.0000 10.0000 9.0000 1.0000 0.0581 0.2496 2.2461 0.0349 0.0588 b 0.1690 2.4961 1.1549 3.6550 0.3042 0.1825 0.3128 0.1932 0.2758 0.1846 0.2165 0.3292 0.2472 
main 1.0000 4.0000 42.0000 10.0000 2.0000 10.0000 9.0000 2.0000 0.0957 0.2501 2.2509 0.0906 0.1145 b 0.1760 2.5009 1.1290 3.6263 0.1566 0.3223 0.3679 0.2997 0.1793 0.1512 0.3935 0.1753 0.2052 
main 1.0000 4.0000 22.0000 4.0000 0.0000 4.0000 3.0000 0.0000 0.0000 0.2500 0.7500 0.0000 0.0000 b 0.1800 1.0000 1.3916 2.3923 0.2500 0.2500 0.2500 0.0000 0.0000 0.0000 0.0000 0.0000 0.0000 
main 1.0000 4.0000 61.0000 10.0000 2.0000 10.0000 9.0000 0.0000 0.0000 0.2500 2.2500 0.0000 0.0000 b 0.1740 2.5000 1.1285 3.6257 0.2500 0.2500 0.2500 0.2500 0.2500 0.2500 0.2500 0.2500 0.2500 
main 1.0000 4.0000 3.0000 4.0000 0.0000 4.0000 3.0000 2.0000 0.0932 0.2516 0.7548 0.0906 0.1145 b 0.1930 1.0048 1.2721 2.2805 0.3537 0.2299 0.1711 0.0000 0.0000 0.0000 0.0000 0.0000 0.0000 
main 1.0000 4.0000 6.0000 5.0000 0.0000 5.0000 4.0000 2.0000 0.1012 0.2493 0.9970 0.0906 0.1145 b 0.1810 1.2470 1.4699 2.7228 0.2848 0.1515 0.3752 0.1856 0.0000 0.0000 0.0000 0.0000 0.0000 
main 1.0000 4.0000 2.0000 4.0000 0.0000 4.0000 3.0000 1.0000 0.0524 0.2502 0.7506 0.0349 0.0588 b 0.1960 1.0006 1.1388 2.1428 0.2983 0.2579 0.1943 0.0000 0.0000 0.0000 0.0000 0.0000 0.0000 
main 1.0000 4.0000 11.0000 7.0000 1.0000 7.0000 6.0000 1.0000 0.0550 0.2497 1.4984 0.0349 0.0588 b 0.1670 1.7484 1.4642 3.2075 0.2869 0.2447 0.3345 0.2230 0.1749 0.2345 0.0000 0.0000 0.0000 
main 1.0000 4.0000 12.0000 7.0000 1.0000 7.0000 6.0000 2.0000 0.0927 0.2493 1.4959 0.0906 0.1145 b 0.1990 1.7459 1.1440 2.8881 0.2482 0.1523 0.3894 0.2114 0.3265 0.1682 0.0000 0.0000 0.0000 
main 1.0000 4.0000 53.0000 7.0000 1.0000 7.0000 6.0000 1.0000 0.0545 0.2505 1.5029 0.0349 0.0588 b 0.1950 1.7529 1.4179 3.1620 0.2070 0.3207 0.2789 0.2148 0.1872 0.2943 0.0000 0.0000 0.0000 
main 1.0000 4.0000 46.0000 5.0000 0.0000 5.0000 4.0000 0.0000 0.0000 0.2500 1.0000 0.0000 0.0000 b 0.1990 1.2500 1.3105 2.5589 0.2500 0.2500 0.2500 0.2500 0.0000 0.0000 0.0000 0.0000 0.0000 
main 1.0000 4.0000 5.0000 5.0000 0.0000 5.0000 4.0000 1.0000 0.0492 0.2501 1.0002 0.0349 0.0588 b 0.2400 1.2502 1.4307 2.6759 0.1870 0.2773 0.2371 0.2988 0.0000 0.0000 0.0000 0.0000 0.0000 
main 1.0000 4.0000 51.0000 6.0000 0.0000 6.0000 5.0000 2.0000 0.1136 0.2494 1.2468 0.0906 0.1145 b 0.1590 1.4968 1.3671 2.8557 0.1657 0.3830 0.1577 0.3638 0.1766 0.0000 0.0000 0.0000 0.0000 
main 1.0000 4.0000 37.0000 9.0000 1.0000 9.0000 8.0000 0.0000 0.0000 0.2500 2.0000 0.0000 0.0000 b 0.1590 2.2500 1.2731 3.5256 0.2500 0.2500 0.2500 0.2500 0.2500 0.2500 0.2500 0.2500 0.0000 
main 1.0000 4.0000 60.0000 9.0000 1.0000 9.0000 8.0000 2.0000 0.0913 0.2502 2.0015 0.0906 0.1145 b 0.1750 2.2515 1.1808 3.4438 0.3401 0.1869 0.3583 0.1557 0.1817 0.2609 0.1573 0.3606 0.0000 
main 1.0000 4.0000 4.0000 5.0000 0.0000 5.0000 4.0000 0.0000 0.0000 0.2500 1.0000 0.0000 0.0000 b 0.2090 1.2500 1.1807 2.4424 0.2500 0.2500 0.2500 0.2500 0.0000 0.0000 0.0000 0.0000 0.0000 
main 1.0000 4.0000 38.0000 9.0000 1.0000 9.0000 8.0000 1.0000 0.0527 0.2501 2.0005 0.0349 0.0588 b 0.1670 2.2505 1.0195 3.2760 0.2733 0.3091 0.2394 0.2788 0.2425 0.1560 0.3035 0.1979 0.0000 
main 1.0000 4.0000 18.0000 9.0000 1.0000 9.0000 8.0000 2.0000 0.1017 0.2498 1.9984 0.0906 0.1145 b 0.2800 2.2484 1.2551 3.5074 0.1511 0.2898 0.1863 0.1518 0.3959 0.2383 0.1871 0.3981 0.0000 
main 1.0000 4.0000 63.0000 10.0000 2.0000 10.0000 9.0000 2.0000 0.1015 0.2504 2.2536 0.0906 0.1145 b 0.1860 2.5036 1.3562 3.8626 0.3329 0.1513 0.1982 0.3096 0.1538 0.1835 0.3992 0.1547 0.3705 
main 1.0000 4.0000 39.0000 9.0000 1.0000 9.0000 8.0000 2.0000 0.0916 0.2495 1.9957 0.0906 0.1145 b 0.2220 2.2457 1.3438 3.5881 0.1874 0.2482 0.1530 0.2667 0.3982 0.1753 0.3712 0.1958 0.0000 
main 1.0000 4.0000 59.0000 9.0000 1.0000 9.0000 8.0000 1.0000 0.0489 0.2496 1.9966 0.0349 0.0588 b 0.1770 2.2466 1.0807 3.3221 0.2789 0.2208 0.3302 0.1840 0.2617 0.1981 0.2371 0.2858 0.0000 
main 1.0000 4.0000 1.0000 4.0000 0.0000 4.0000 3.0000 0.0000 0.0000 0.2500 0.7500 0.0000 0.0000 b 0.2280 1.0000 1.2501 2.2424 0.2500 0.2500 0.2500 0.0000 0.0000 0.0000 0.0000 0.0000 0.0000 
main 1.0000 5.0000 29.0000 6.0000 0.0000 6.0000 5.0000 1.0000 0.0441 0.2501 1.2506 0.0349 0.0588 b 0.1960 1.5006 1.2671 2.7763 0.2944 0.2492 0.1794 0.2491 0.2784 0.0000 0.0000 0.0000 0.0000 
main 1.0000 5.0000 18.0000 9.0000 1.0000 9.0000 8.0000 2.0000 0.0942 0.2495 1.9961 0.0906 0.1145 b 0.1810 2.2461 1.1016 3.3550 0.3814 0.1586 0.3442 0.2888 0.1900 0.1568 0.3202 0.1560 0.0000 
main 1.0000 5.0000 34.0000 8.0000 1.0000 8.0000 7.0000 0.0000 0.0000 0.2500 1.7500 0.0000 0.0000 b 0.1440 2.0000 1.2031 3.2088 0.2500 0.2500 0.2500 0.2500 0.2500 0.2500 0.2500 0.0000 0.0000 
main 1.0000 5.0000 38.0000 9.0000 1.0000 9.0000 8.0000 1.0000 0.0524 0.2494 1.9955 0.0349 0.0588 b 0.1670 2.2455 1.4599 3.7044 0.1932 0.2787 0.3254 0.2320 0.2877 0.1947 0.2898 0.1940 0.0000 
main 1.0000 5.0000 60.0000 9.0000 1.0000 9.0000 8.0000 2.0000 0.0947 0.2504 2.0029 0.0906 0.1145 b 0.1810 2.2529 1.3261 3.5785 0.3774 0.1888 0.1542 0.2470 0.3813 0.1549 0.3101 0.1891 0.0000 
main 1.0000 5.0000 32.0000 7.0000 1.0000 7.0000 6.0000 1.0000 0.0552 0.2498 1.4989 0.0349 0.0588 b 0.1660 1.7489 1.0691 2.8246 0.2817 0.2302 0.1521 0.2810 0.2465 0.3074 0.0000 0.0000 0.0000 
main 1.0000 5.0000 39.0000 9.0000 1.0000 9.0000 8.0000 2.0000 0.0926 0.2496 1.9966 0.0906 0.1145 b 0.1530 2.2466 1.0296 3.2720 0.2037 0.1659 0.2462 0.1840 0.3925 0.1618 0.2570 0.3855 0.0000 
main 1.0000 5.0000 48.0000 5.0000 0.0000 5.0000 4.0000 2.0000 0.0975 0.2489 0.9957 0.0906 0.1145 b 0.1640 1.2457 1.4013 2.6379 0.2141 0.2424 0.3845 0.1546 0.0000 0.0000 0.0000 0.0000 0.0000 
main 1.0000 5.0000 9.0000 6.0000 0.0000 6.0000 5.0000 2.0000 0.0982 0.2491 1.2457 0.0906 0.1145 b 0.1630 1.4957 1.4384 2.9380 0.1592 0.2548 0.1589 0.2769 0.3959 0.0000 0.0000 0.0000 0.0000 
main 1.0000 5.0000 49.0000 6.0000 0.0000 6.0000 5.0000 0.0000 0.0000 0.2500 1.2500 0.0000 0.0000 b 0.1720 1.5000 1.2372 2.7257 0.2500 0.2500 0.2500 0.2500 0.2500 0.0000 0.0000 0.0000 0.0000 
main 1.0000 5.0000 46.0000 5.0000 0.0000 5.0000 4.0000 0.0000 0.0000 0.2500 1.0000 0.0000 0.0000 b 0.1640 1.2500 1.4883 2.7256 0.2500 0.2500 0.2500 0.2500 0.0000 0.0000 0.0000 0.0000 0.0000 
main 1.0000 5.0000 40.0000 10.0000 2.0000 10.0000 9.0000 0.0000 0.0000 0.2500 2.2500 0.0000 0.0000 b 0.1070 2.5000 1.3869 3.8757 0.2500 0.2500 0.2500 0.2500 0.2500 0.2500 0.2500 0.2500 0.2500 
main 1.0000 5.0000 19.0000 10.0000 2.0000 10.0000 9.0000 0.0000 0.0000 0.2500 2.2500 0.0000 0.0000 b 0.1790 2.5000 1.0975 3.5921 0.2500 0.2500 0.2500 0.2500 0.2500 0.2500 0.2500 0.2500 0.2500 
main 1.0000 5.0000 12.0000 7.0000 1.0000 7.0000 6.0000 2.0000 0.0924 0.2505 1.5030 0.0906 0.1145 b 0.1660 1.7530 1.1057 2.8451 0.1585 0.3689 0.2093 0.3382 0.1503 0.2778 0.0000 0.0000 0.0000 
main 1.0000 5.0000 51.0000 6.0000 0.0000 6.0000 5.0000 2.0000 0.0923 0.2496 1.2479 0.0906 0.1145 b 0.1700 1.4979 1.4826 2.9904 0.3829 0.2112 0.1511 0.3020 0.2007 0.0000 0.0000 0.0000 0.0000 
main 1.0000 5.0000 53.0000 7.0000 1.0000 7.0000 6.0000 1.0000 0.0399 0.2499 1.4992 0.0349 0.0588 b 0.1660 1.7492 1.3864 3.1414 0.2670 0.1924 0.2760 0.2115 0.2965 0.2558 0.0000 0.0000 0.0000 
main 1.0000 5.0000 6.0000 5.0000 0.0000 5.0000 4.0000 2.0000 0.0962 0.2499 0.9996 0.0906 0.1145 b 0.1990 1.2496 1.4350 2.6919 0.1775 0.2400 0.1935 0.3886 0.0000 0.0000 0.0000 0.0000 0.0000 
main 1.0000 5.0000 5.0000 5.0000 0.0000 5.0000 4.0000 1.0000 0.0575 0.2495 0.9979 0.0349 0.0588 b 0.1660 1.2479 1.4350 2.6902 0.2367 0.2009 0.3327 0.2275 0.0000 0.0000 0.0000 0.0000 0.0000 
main 1.0000 5.0000 58.0000 9.0000 1.0000 9.0000 8.0000 0.0000 0.0000 0.2500 2.0000 0.0000 0.0000 b 0.1640 2.2500 1.0969 3.3588 0.2500 0.2500 0.2500 0.2500 0.2500 0.2500 0.2500 0.2500 0.0000 
main 1.0000 5.0000 28.0000 6.0000 0.0000 6.0000 5.0000 0.0000 0.0000 0.2500 1.2500 0.0000 0.0000 b 0.1690 1.5000 1.0961 2.5922 0.2500 0.2500 0.2500 0.2500 0.2500 0.0000 0.0000 0.0000 0.0000 
main 1.0000 5.0000 8.0000 6.0000 0.0000 6.0000 5.0000 1.0000 0.0374 0.2508 1.2539 0.0349 0.0588 b 0.1410 1.5039 1.3102 2.8128 0.2319 0.2574 0.2101 0.2446 0.3099 0.0000 0.0000 0.0000 0.0000 
main 1.0000 5.0000 47.0000 5.0000 0.0000 5.0000 4.0000 1.0000 0.0422 0.2496 0.9982 0.0349 0.0588 b 0.1840 1.2482 1.0425 2.2903 0.2003 0.2523 0.3030 0.2426 0.0000 0.0000 0.0000 0.0000 0.0000 
main 1.0000 5.0000 7.0000 6.0000 0.0000 6.0000 5.0000 0.0000 0.0000 0.2500 1.2500 0.0000 0.0000 b 0.1770 1.5000 1.3454 2.8423 0.2500 0.2500 0.2500 0.2500 0.2500 0.0000 0.0000 0.0000 0.0000 
main 1.0000 5.0000 59.0000 9.0000 1.0000 9.0000 8.0000 1.0000 0.0479 0.2501 2.0005 0.0349 0.0588 b 0.1940 2.2505 1.4133 3.6594 0.1886 0.2537 0.1920 0.3169 0.2175 0.2617 0.3046 0.2654 0.0000 
main 1.0000 5.0000 57.0000 8.0000 1.0000 8.0000 7.0000 2.0000 0.0914 0.2505 1.7537 0.0906 0.1145 b 0.1810 2.0037 1.4141 3.4127 0.1538 0.2968 0.2065 0.3445 0.3810 0.2203 0.1508 0.0000 0.0000 
main 1.0000 5.0000 10.0000 7.0000 1.0000 7.0000 6.0000 0.0000 0.0000 0.2500 1.5000 0.0000 0.0000 b 0.1360 1.7500 1.0692 2.8089 0.2500 0.2500 0.2500 0.2500 0.2500 0.2500 0.0000 0.0000 0.0000 
main 1.0000 5.0000 1.0000 4.0000 0.0000 4.0000 3.0000 0.0000 0.0000 0.2500 0.7500 0.0000 0.0000 b 0.1950 1.0000 1.0750 2.0755 0.2500 0.2500 0.2500 0.0000 0.0000 0.0000 0.0000 0.0000 0.0000 
main 1.0000 5.0000 61.0000 10.0000 2.0000 10.0000 9.0000 0.0000 0.0000 0.2500 2.2500 0.0000 0.0000 b 0.1560 2.5000 1.1537 3.6424 0.2500 0.2500 0.2500 0.2500 0.2500 0.2500 0.2500 0.2500 0.2500 
main 1.0000 5.0000 2.0000 4.0000 0.0000 4.0000 3.0000 1.0000 0.0403 0.2489 0.7466 0.0349 0.0588 b 0.2340 0.9966 1.4293 2.4223 0.2433 0.2917 0.2116 0.0000 0.0000 0.0000 0.0000 0.0000 0.0000 
main 1.0000 5.0000 55.0000 8.0000 1.0000 8.0000 7.0000 0.0000 0.0000 0.2500 1.7500 0.0000 0.0000 b 0.1480 2.0000 1.3999 3.3922 0.2500 0.2500 0.2500 0.2500 0.2500 0.2500 0.2500 0.0000 0.0000 
main 1.0000 5.0000 33.0000 7.0000 1.0000 7.0000 6.0000 2.0000 0.0994 0.2508 1.5046 0.0906 0.1145 b 0.1430 1.7546 1.3798 3.1469 0.1806 0.3468 0.1589 0.2840 0.3793 0.1550 0.0000 0.0000 0.0000 
main 1.0000 5.0000 43.0000 4.0000 0.0000 4.0000 3.0000 0.0000 0.0000 0.2500 0.7500 0.0000 0.0000 b 0.1790 1.0000 1.4758 2.4756 0.2500 0.2500 0.2500 0.0000 0.0000 0.0000 0.0000 0.0000 0.0000 
main 1.0000 5.0000 24.0000 4.0000 0.0000 4.0000 3.0000 2.0000 0.1008 0.2491 0.7473 0.0906 0.1145 b 0.2160 0.9973 1.1580 2.1563 0.1716 0.3631 0.2125 0.0000 0.0000 0.0000 0.0000 0.0000 0.0000 
main 1.0000 5.0000 22.0000 4.0000 0.0000 4.0000 3.0000 0.0000 0.0000 0.2500 0.7500 0.0000 0.0000 b 0.2020 1.0000 1.0364 2.0421 0.2500 0.2500 0.2500 0.0000 0.0000 0.0000 0.0000 0.0000 0.0000 
main 1.0000 5.0000 62.0000 10.0000 2.0000 10.0000 9.0000 1.0000 0.0569 0.2505 2.2549 0.0349 0.0588 b 0.1570 2.5049 1.4420 3.9472 0.2755 0.3009 0.1552 0.2625 0.3103 0.2123 0.2999 0.2640 0.1742 
main 1.0000 5.0000 11.0000 7.0000 1.0000 7.0000 6.0000 1.0000 0.0588 0.2506 1.5035 0.0349 0.0588 b 0.1830 1.7535 1.3366 3.0957 0.2010 0.2426 0.1936 0.3265 0.2200 0.3198 0.0000 0.0000 0.0000 
main 1.0000 5.0000 30.0000 6.0000 0.0000 6.0000 5.0000 2.0000 0.0930 0.2491 1.2455 0.0906 0.1145 b 0.1960 1.4955 1.2036 2.7043 0.2061 0.3955 0.1531 0.2776 0.2131 0.0000 0.0000 0.0000 0.0000 
main 1.0000 5.0000 44.0000 4.0000 0.0000 4.0000 3.0000 1.0000 0.0351 0.2491 0.7473 0.0349 0.0588 b 0.1850 0.9973 1.3693 2.3729 0.2744 0.2090 0.2638 0.0000 0.0000 0.0000 0.0000 0.0000 0.0000 
main 1.0000 5.0000 23.0000 4.0000 0.0000 4.0000 3.0000 1.0000 0.0586 0.2503 0.7509 0.0349 0.0588 b 0.1830 1.0009 1.3582 2.3600 0.3126 0.1964 0.2419 0.0000 0.0000 0.0000 0.0000 0.0000 0.0000 
main 1.0000 5.0000 45.0000 4.0000 0.0000 4.0000 3.0000 2.0000 0.1032 0.2502 0.7507 0.0906 0.1145 b 0.1760 1.0007 1.0947 2.0928 0.3669 0.1712 0.2125 0.0000 0.0000 0.0000 0.0000 0.0000 0.0000 
main 1.0000 5.0000 25.0000 5.0000 0.0000 5.0000 4.0000 0.0000 0.0000 0.2500 1.0000 0.0000 0.0000 b 0.1730 1.2500 1.1686 2.4088 0.2500 0.2500 0.2500 0.2500 0.0000 0.0000 0.0000 0.0000 0.0000 
main 1.0000 5.0000 13.0000 8.0000 1.0000 8.0000 7.0000 0.0000 0.0000 0.2500 1.7500 0.0000 0.0000 b 0.1540 2.0000 1.3618 3.3590 0.2500 0.2500 0.2500 0.2500 0.2500 0.2500 0.2500 0.0000 0.0000 
main 1.0000 5.0000 21.0000 10.0000 2.0000 10.0000 9.0000 2.0000 0.0915 0.2498 2.2486 0.0906 0.1145 b 0.1850 2.4986 1.4349 3.9244 0.1531 0.1949 0.1563 0.3778 0.1672 0.2747 0.2468 0.3946 0.2832 
main 1.0000 5.0000 41.0000 10.0000 2.0000 10.0000 9.0000 1.0000 0.0572 0.2499 2.2491 0.0349 0.0588 b 0.1740 2.4991 1.0310 3.5247 0.2991 0.1743 0.3100 0.1518 0.2671 0.3070 0.2559 0.2186 0.2653 
main 1.0000 5.0000 17.0000 9.0000 1.0000 9.0000 8.0000 1.0000 0.0564 0.2503 2.0027 0.0349 0.0588 b 0.1750 2.2527 1.0193 3.2616 0.2628 0.1769 0.2975 0.1878 0.2387 0.2117 0.3353 0.2920 0.0000 
main 1.0000 5.0000 52.0000 7.0000 1.0000 7.0000 6.0000 0.0000 0.0000 0.2500 1.5000 0.0000 0.0000 b 0.1700 1.7500 1.0655 2.8089 0.2500 0.2500 0.2500 0.2500 0.2500 0.2500 0.0000 0.0000 0.0000 
main 1.0000 5.0000 50.0000 6.0000 0.0000 6.0000 5.0000 1.0000 0.0495 0.2494 1.2468 0.0349 0.0588 b 0.2040 1.4968 1.1091 2.6224 0.2091 0.2653 0.1904 0.2688 0.3132 0.0000 0.0000 0.0000 0.0000 
main 1.0000 5.0000 14.0000 8.0000 1.0000 8.0000 7.0000 1.0000 0.0502 0.2503 1.7524 0.0349 0.0588 b 0.2120 2.0024 1.0134 3.0280 0.3117 0.2065 0.3050 0.2582 0.2030 0.2765 0.1914 0.0000 0.0000 
main 1.0000 5.0000 3.0000 4.0000 0.0000 4.0000 3.0000 2.0000 0.0974 0.2492 0.7476 0.0906 0.1145 b 0.1630 0.9976 1.4373 2.4399 0.1550 0.3495 0.2432 0.0000 0.0000 0.0000 0.0000 0.0000 0.0000 
main 1.0000 5.0000 35.0000 8.0000 1.0000 8.0000 7.0000 1.0000 0.0584 0.2495 1.7467 0.0349 0.0588 b 0.1660 1.9967 1.4007 3.4056 0.1989 0.2691 0.3032 0.1549 0.2605 0.3232 0.2369 0.0000 0.0000 
main 1.0000 5.0000 54.0000 7.0000 1.0000 7.0000 6.0000 2.0000 0.1094 0.2501 1.5003 0.0906 0.1145 b 0.2020 1.7503 1.2531 3.0093 0.3793 0.1740 0.2140 0.1751 0.3989 0.1590 0.0000 0.0000 0.0000 
main 1.0000 5.0000 4.0000 5.0000 0.0000 5.0000 4.0000 0.0000 0.0000 0.2500 1.0000 0.0000 0.0000 b 0.1860 1.2500 1.1944 2.4422 0.2500 0.2500 0.2500 0.2500 0.0000 0.0000 0.0000 0.0000 0.0000 
main 1.0000 5.0000 20.0000 10.0000 2.0000 10.0000 9.0000 1.0000 0.0562 0.2501 2.2513 0.0349 0.0588 b 0.2040 2.5013 1.3584 3.8603 0.2127 0.2657 0.1973 0.3293 0.2649 0.3022 0.2319 0.1533 0.2941 
main 1.0000 5.0000 63.0000 10.0000 2.0000 10.0000 9.0000 2.0000 0.0967 0.2499 2.2493 0.0906 0.1145 b 0.1870 2.4993 1.4745 3.9749 0.1703 0.2268 0.1648 0.3822 0.2510 0.3501 0.1720 0.3812 0.1510 
main 1.0000 5.0000 15.0000 8.0000 1.0000 8.0000 7.0000 2.0000 0.1012 0.2502 1.7514 0.0906 0.1145 b 0.1540 2.0014 1.4864 3.4938 0.1579 0.3890 0.1809 0.3800 0.1827 0.2884 0.1726 0.0000 0.0000 
main 1.0000 5.0000 56.0000 8.0000 1.0000 8.0000 7.0000 1.0000 0.0574 0.2498 1.7483 0.0349 0.0588 b 0.1740 1.9983 1.4210 3.4240 0.3517 0.2319 0.1762 0.2448 0.2110 0.2946 0.2381 0.0000 0.0000 
main 1.0000 5.0000 36.0000 8.0000 1.0000 8.0000 7.0000 2.0000 0.0940 0.2494 1.7456 0.0906 0.1145 b 0.1690 1.9956 1.4264 3.4214 0.3353 0.1783 0.3632 0.1536 0.1961 0.3474 0.1717 0.0000 0.0000 
main 1.0000 5.0000 16.0000 9.0000 1.0000 9.0000 8.0000 0.0000 0.0000 0.2500 2.0000 0.0000 0.0000 b 0.2060 2.2500 1.0964 3.3422 0.2500 0.2500 0.2500 0.2500 0.2500 0.2500 0.2500 0.2500 0.0000 
main 1.0000 5.0000 31.0000 7.0000 1.0000 7.0000 6.0000 0.0000 0.0000 0.2500 1.5000 0.0000 0.0000 b 0.2030 1.7500 1.0285 2.7755 0.2500 0.2500 0.2500 0.2500 0.2500 0.2500 0.0000 0.0000 0.0000 
main 1.0000 5.0000 27.0000 5.0000 0.0000 5.0000 4.0000 2.0000 0.1126 0.2512 1.0049 0.0906 0.1145 b 0.2390 1.2549 1.3331 2.5806 0.1596 0.2803 0.3984 0.1667 0.0000 0.0000 0.0000 0.0000 0.0000 
main 1.0000 5.0000 26.0000 5.0000 0.0000 5.0000 4.0000 1.0000 0.0444 0.2499 0.9997 0.0349 0.0588 b 0.1760 1.2497 1.1832 2.4253 0.3057 0.2047 0.2633 0.2260 0.0000 0.0000 0.0000 0.0000 0.0000 
main 1.0000 5.0000 37.0000 9.0000 1.0000 9.0000 8.0000 0.0000 0.0000 0.2500 2.0000 0.0000 0.0000 b 0.1670 2.2500 1.2608 3.5257 0.2500 0.2500 0.2500 0.2500 0.2500 0.2500 0.2500 0.2500 0.0000 
main 1.0000 5.0000 42.0000 10.0000 2.0000 10.0000 9.0000 2.0000 0.0975 0.2498 2.2481 0.0906 0.1145 b 0.1540 2.4981 1.0322 3.5402 0.1516 0.1984 0.1600 0.3065 0.3972 0.1892 0.2851 0.3895 0.1705 
main 1.0000 6.0000 32.0000 7.0000 1.0000 7.0000 6.0000 1.0000 0.0512 0.2506 1.5033 0.0349 0.0588 b 0.1780 1.7533 1.0811 2.8455 0.2178 0.3262 0.1894 0.2932 0.2531 0.2236 0.0000 0.0000 0.0000 
main 1.0000 6.0000 47.0000 5.0000 0.0000 5.0000 4.0000 1.0000 0.0440 0.2492 0.9969 0.0349 0.0588 b 0.1810 1.2469 1.4104 2.6559 0.2673 0.2159 0.3029 0.2107 0.0000 0.0000 0.0000 0.0000 0.0000 
main 1.0000 6.0000 60.0000 9.0000 1.0000 9.0000 8.0000 2.0000 0.0979 0.2494 1.9956 0.0906 0.1145 b 0.1720 2.2456 1.4463 3.6880 0.1696 0.3565 0.1724 0.3671 0.1971 0.1637 0.3766 0.1925 0.0000 
main 1.0000 6.0000 56.0000 8.0000 1.0000 8.0000 7.0000 1.0000 0.0559 0.2503 1.7521 0.0349 0.0588 b 0.1750 2.0021 1.3806 3.3778 0.3548 0.2478 0.2225 0.1973 0.2915 0.2022 0.2360 0.0000 0.0000 
main 1.0000 6.0000 53.0000 7.0000 1.0000 7.0000 6.0000 1.0000 0.0430 0.2504 1.5023 0.0349 0.0588 b 0.1720 1.7523 1.1907 2.9446 0.2791 0.1941 0.3064 0.2182 0.2757 0.2289 0.0000 0.0000 0.0000 
main 1.0000 6.0000 54.0000 7.0000 1.0000 7.0000 6.0000 2.0000 0.0936 0.2493 1.4956 0.0906 0.1145 b 0.1760 1.7456 1.2807 3.0213 0.3147 0.1522 0.3026 0.3752 0.1904 0.1605 0.0000 0.0000 0.0000 
main 1.0000 6.0000 1.0000 4.0000 0.0000 4.0000 3.0000 0.0000 0.0000 0.2500 0.7500 0.0000 0.0000 b 0.1950 1.0000 1.0059 2.0089 0.2500 0.2500 0.2500 0.0000 0.0000 0.0000 0.0000 0.0000 0.0000 
main 1.0000 6.0000 37.0000 9.0000 1.0000 9.0000 8.0000 0.0000 0.0000 0.2500 2.0000 0.0000 0.0000 b 0.1730 2.2500 1.1792 3.4255 0.2500 0.2500 0.2500 0.2500 0.2500 0.2500 0.2500 0.2500 0.0000 
main 1.0000 6.0000 2.0000 4.0000 0.0000 4.0000 3.0000 1.0000 0.0468 0.2512 0.7537 0.0349 0.0588 b 0.2240 1.0037 1.4344 2.4294 0.2963 0.2545 0.2029 0.0000 0.0000 0.0000 0.0000 0.0000 0.0000 
main 1.0000 6.0000 3.0000 4.0000 0.0000 4.0000 3.0000 2.0000 0.1053 0.2501 0.7503 0.0906 0.1145 b 0.1680 1.0003 1.1037 2.0925 0.2175 0.1650 0.3678 0.0000 0.0000 0.0000 0.0000 0.0000 0.0000 
main 1.0000 6.0000 10.0000 7.0000 1.0000 7.0000 6.0000 0.0000 0.0000 0.2500 1.5000 0.0000 0.0000 b 0.1720 1.7500 1.3224 3.0589 0.2500 0.2500 0.2500 0.2500 0.2500 0.2500 0.0000 0.0000 0.0000 
main 1.0000 6.0000 48.0000 5.0000 0.0000 5.0000 4.0000 2.0000 0.0942 0.2488 0.9953 0.0906 0.1145 b 0.1730 1.2453 1.2406 2.4875 0.3628 0.1857 0.2880 0.1588 0.0000 0.0000 0.0000 0.0000 0.0000 
main 1.0000 6.0000 30.0000 6.0000 0.0000 6.0000 5.0000 2.0000 0.0915 0.2510 1.2548 0.0906 0.1145 b 0.1420 1.5048 1.1418 2.6470 0.2335 0.1918 0.1615 0.2712 0.3968 0.0000 0.0000 0.0000 0.0000 
main 1.0000 6.0000 63.0000 10.0000 2.0000 10.0000 9.0000 2.0000 0.0972 0.2503 2.2525 0.0906 0.1145 b 0.1770 2.5025 1.2419 3.7448 0.1614 0.3481 0.3949 0.2392 0.1639 0.2484 0.1626 0.3705 0.1635 
main 1.0000 6.0000 52.0000 7.0000 1.0000 7.0000 6.0000 0.0000 0.0000 0.2500 1.5000 0.0000 0.0000 b 0.1590 1.7500 1.1639 2.9255 0.2500 0.2500 0.2500 0.2500 0.2500 0.2500 0.0000 0.0000 0.0000 
main 1.0000 6.0000 25.0000 5.0000 0.0000 5.0000 4.0000 0.0000 0.0000 0.2500 1.0000 0.0000 0.0000 b 0.1920 1.2500 1.2381 2.4923 0.2500 0.2500 0.2500 0.2500 0.0000 0.0000 0.0000 0.0000 0.0000 
main 1.0000 6.0000 34.0000 8.0000 1.0000 8.0000 7.0000 0.0000 0.0000 0.2500 1.7500 0.0000 0.0000 b 0.1600 2.0000 1.2815 3.2924 0.2500 0.2500 0.2500 0.2500 0.2500 0.2500 0.2500 0.0000 0.0000 
main 1.0000 6.0000 51.0000 6.0000 0.0000 6.0000 5.0000 2.0000 0.0976 0.2506 1.2529 0.0906 0.1145 b 0.1740 1.5029 1.4847 2.9953 0.3276 0.2138 0.3786 0.1539 0.1791 0.0000 0.0000 0.0000 0.0000 
main 1.0000 6.0000 17.0000 9.0000 1.0000 9.0000 8.0000 1.0000 0.0572 0.2501 2.0006 0.0349 0.0588 b 0.1650 2.2506 1.1887 3.4427 0.3503 0.2453 0.1934 0.2206 0.2574 0.1919 0.3180 0.2238 0.0000 
main 1.0000 6.0000 61.0000 10.0000 2.0000 10.0000 9.0000 0.0000 0.0000 0.2500 2.2500 0.0000 0.0000 b 0.1750 2.5000 1.1838 3.6923 0.2500 0.2500 0.2500 0.2500 0.2500 0.2500 0.2500 0.2500 0.2500 
main 1.0000 6.0000 55.0000 8.0000 1.0000 8.0000 7.0000 0.0000 0.0000 0.2500 1.7500 0.0000 0.0000 b 0.1640 2.0000 1.3040 3.3089 0.2500 0.2500 0.2500 0.2500 0.2500 0.2500 0.2500 0.0000 0.0000 
main 1.0000 6.0000 13.0000 8.0000 1.0000 8.0000 7.0000 0.0000 0.0000 0.2500 1.7500 0.0000 0.0000 b 0.1280 2.0000 1.2384 3.2424 0.2500 0.2500 0.2500 0.2500 0.2500 0.2500 0.2500 0.0000 0.0000 
main 1.0000 6.0000 58.0000 9.0000 1.0000 9.0000 8.0000 0.0000 0.0000 0.2500 2.0000 0.0000 0.0000 b 0.1790 2.2500 1.3955 3.6425 0.2500 0.2500 0.2500 0.2500 0.2500 0.2500 0.2500 0.2500 0.0000 
main 1.0000 6.0000 14.0000 8.0000 1.0000 8.0000 7.0000 1.0000 0.0557 0.2497 1.7481 0.0349 0.0588 b 0.1930 1.9981 1.3744 3.3737 0.2385 0.2783 0.2308 0.3174 0.1523 0.3023 0.2285 0.0000 0.0000 
main 1.0000 6.0000 5.0000 5.0000 0.0000 5.0000 4.0000 1.0000 0.0475 0.2501 1.0003 0.0349 0.0588 b 0.1960 1.2503 1.3608 2.6093 0.1857 0.2801 0.2435 0.2910 0.0000 0.0000 0.0000 0.0000 0.0000 
main 1.0000 6.0000 31.0000 7.0000 1.0000 7.0000 6.0000 0.0000 0.0000 0.2500 1.5000 0.0000 0.0000 b 0.1470 1.7500 1.1698 2.9089 0.2500 0.2500 0.2500 0.2500 0.2500 0.2500 0.0000 0.0000 0.0000 
main 1.0000 6.0000 40.0000 10.0000 2.0000 10.0000 9.0000 0.0000 0.0000 0.2500 2.2500 0.0000 0.0000 b 0.1590 2.5000 1.1015 3.5923 0.2500 0.2500 0.2500 0.2500 0.2500 0.2500 0.2500 0.2500 0.2500 
main 1.0000 6.0000 39.0000 9.0000 1.0000 9.0000 8.0000 2.0000 0.0913 0.2503 2.0025 0.0906 0.1145 b 0.1650 2.2525 1.4567 3.7116 0.3897 0.1638 0.3357 0.1546 0.2217 0.3414 0.2122 0.1834 0.0000 
main 1.0000 6.0000 22.0000 4.0000 0.0000 4.0000 3.0000 0.0000 0.0000 0.2500 0.7500 0.0000 0.0000 b 0.2430 1.0000 1.2018 2.2088 0.2500 0.2500 0.2500 0.0000 0.0000 0.0000 0.0000 0.0000 0.0000 
main 1.0000 6.0000 23.0000 4.0000 0.0000 4.0000 3.0000 1.0000 0.0537 0.2488 0.7465 0.0349 0.0588 b 0.2010 0.9965 1.3024 2.3055 0.2637 0.1892 0.2935 0.0000 0.0000 0.0000 0.0000 0.0000 0.0000 
main 1.0000 6.0000 59.0000 9.0000 1.0000 9.0000 8.0000 1.0000 0.0493 0.2506 2.0046 0.0349 0.0588 b 0.1750 2.2546 1.1809 3.4470 0.2710 0.1779 0.2717 0.1968 0.2861 0.2456 0.3289 0.2266 0.0000 
main 1.0000 6.0000 8.0000 6.0000 0.0000 6.0000 5.0000 1.0000 0.0579 0.2507 1.2535 0.0349 0.0588 b 0.2000 1.5035 1.1533 2.6622 0.2472 0.2761 0.2271 0.1735 0.3296 0.0000 0.0000 0.0000 0.0000 
main 1.0000 6.0000 33.0000 7.0000 1.0000 7.0000 6.0000 2.0000 0.0914 0.2492 1.4953 0.0906 0.1145 b 0.1780 1.7453 1.2747 3.0209 0.1535 0.2189 0.2932 0.1501 0.2978 0.3817 0.0000 0.0000 0.0000 
main 1.0000 6.0000 18.0000 9.0000 1.0000 9.0000 8.0000 2.0000 0.0999 0.2500 1.9997 0.0906 0.1145 b 0.1910 2.2497 1.0207 3.2751 0.1636 0.3350 0.1637 0.2037 0.3942 0.2056 0.1616 0.3722 0.0000 
main 1.0000 6.0000 26.0000 5.0000 0.0000 5.0000 4.0000 1.0000 0.0489 0.2496 0.9986 0.0349 0.0588 b 0.2040 1.2486 1.3102 2.5575 0.1991 0.3127 0.2602 0.2266 0.0000 0.0000 0.0000 0.0000 0.0000 
main 1.0000 6.0000 45.0000 4.0000 0.0000 4.0000 3.0000 2.0000 0.0961 0.2505 0.7516 0.0906 0.1145 b 0.2030 1.0016 1.3826 2.3772 0.2110 0.1805 0.3601 0.0000 0.0000 0.0000 0.0000 0.0000 0.0000 
main 1.0000 6.0000 50.0000 6.0000 0.0000 6.0000 5.0000 1.0000 0.0417 0.2500 1.2501 0.0349 0.0588 b 0.1780 1.5001 1.0110 2.5088 0.2475 0.2184 0.3168 0.2555 0.2119 0.0000 0.0000 0.0000 0.0000 
main 1.0000 6.0000 43.0000 4.0000 0.0000 4.0000 3.0000 0.0000 0.0000 0.2500 0.7500 0.0000 0.0000 b 0.2110 1.0000 1.4523 2.4424 0.2500 0.2500 0.2500 0.0000 0.0000 0.0000 0.0000 0.0000 0.0000 
main 1.0000 6.0000 4.0000 5.0000 0.0000 5.0000 4.0000 0.0000 0.0000 0.2500 1.0000 0.0000 0.0000 b 0.1520 1.2500 1.3057 2.5588 0.2500 0.2500 0.2500 0.2500 0.0000 0.0000 0.0000 0.0000 0.0000 
main 1.0000 6.0000 46.0000 5.0000 0.0000 5.0000 4.0000 0.0000 0.0000 0.2500 1.0000 0.0000 0.0000 b 0.1850 1.2500 1.4722 2.7257 0.2500 0.2500 0.2500 0.2500 0.0000 0.0000 0.0000 0.0000 0.0000 
main 1.0000 6.0000 57.0000 8.0000 1.0000 8.0000 7.0000 2.0000 0.0956 0.2496 1.7470 0.0906 0.1145 b 0.1920 1.9970 1.2983 3.2891 0.1554 0.1921 0.3111 0.3671 0.1609 0.1926 0.3679 0.0000 0.0000 
main 1.0000 6.0000 38.0000 9.0000 1.0000 9.0000 8.0000 1.0000 0.0479 0.2502 2.0020 0.0349 0.0588 b 0.2010 2.2520 1.0036 3.2442 0.2147 0.2732 0.2411 0.3089 0.1666 0.2674 0.3039 0.2263 0.0000 
main 1.0000 6.0000 35.0000 8.0000 1.0000 8.0000 7.0000 1.0000 0.0510 0.2503 1.7524 0.0349 0.0588 b 0.1410 2.0024 1.1734 3.1614 0.2617 0.3131 0.2221 0.3083 0.2556 0.1694 0.2221 0.0000 0.0000 
main 1.0000 6.0000 62.0000 10.0000 2.0000 10.0000 9.0000 1.0000 0.0482 0.2501 2.2513 0.0349 0.0588 b 0.1960 2.5013 1.3507 3.8604 0.2285 0.2759 0.2202 0.2992 0.1902 0.2414 0.3219 0.2869 0.1872 
main 1.0000 6.0000 42.0000 10.0000 2.0000 10.0000 9.0000 2.0000 0.0912 0.2504 2.2533 0.0906 0.1145 b 0.1710 2.5033 1.1933 3.6957 0.2090 0.1586 0.2195 0.1560 0.3797 0.2299 0.3973 0.1894 0.3139 
main 1.0000 6.0000 44.0000 4.0000 0.0000 4.0000 3.0000 1.0000 0.0578 0.2504 0.7512 0.0349 0.0588 b 0.2600 1.0012 1.0501 2.0599 0.1858 0.2972 0.2683 0.0000 0.0000 0.0000 0.0000 0.0000 0.0000 
main 1.0000 6.0000 21.0000 10.0000 2.0000 10.0000 9.0000 2.0000 0.0907 0.2497 2.2474 0.0906 0.1145 b 0.2210 2.4974 1.0076 3.5062 0.1569 0.1841 0.2848 0.2138 0.3920 0.2444 0.1593 0.3942 0.2180 
main 1.0000 6.0000 49.0000 6.0000 0.0000 6.0000 5.0000 0.0000 0.0000 0.2500 1.2500 0.0000 0.0000 b 0.4340 1.5000 1.4510 2.9590 0.2500 0.2500 0.2500 0.2500 0.2500 0.0000 0.0000 0.0000 0.0000 
main 1.0000 6.0000 24.0000 4.0000 0.0000 4.0000 3.0000 2.0000 0.1052 0.2500 0.7499 0.0906 0.1145 b 0.2140 0.9999 1.3275 2.3257 0.1728 0.3698 0.2073 0.0000 0.0000 0.0000 0.0000 0.0000 0.0000 
main 1.0000 6.0000 41.0000 10.0000 2.0000 10.0000 9.0000 1.0000 0.0561 0.2499 2.2492 0.0349 0.0588 b 0.1960 2.4992 1.3788 3.8749 0.2101 0.2796 0.3345 0.2582 0.1671 0.3138 0.1956 0.2734 0.2169 
main 1.0000 6.0000 16.0000 9.0000 1.0000 9.0000 8.0000 0.0000 0.0000 0.2500 2.0000 0.0000 0.0000 b 0.1920 2.2500 1.1070 3.3588 0.2500 0.2500 0.2500 0.2500 0.2500 0.2500 0.2500 0.2500 0.0000 
main 1.0000 6.0000 9.0000 6.0000 0.0000 6.0000 5.0000 2.0000 0.0918 0.2500 1.2502 0.0906 0.1145 b 0.1930 1.5002 1.3697 2.8759 0.3582 0.1736 0.2336 0.3311 0.1537 0.0000 0.0000 0.0000 0.0000 
main 1.0000 6.0000 11.0000 7.0000 1.0000 7.0000 6.0000 1.0000 0.0518 0.2507 1.5044 0.0349 0.0588 b 0.1680 1.7544 1.3442 3.0967 0.2828 0.2259 0.2660 0.3111 0.1622 0.2564 0.0000 0.0000 0.0000 
main 1.0000 6.0000 20.0000 10.0000 2.0000 10.0000 9.0000 1.0000 0.0562 0.2502 2.2522 0.0349 0.0588 b 0.1890 2.5022 1.0524 3.5445 0.1577 0.3009 0.2553 0.1983 0.3191 0.2522 0.1931 0.2701 0.3055 
main 1.0000 6.0000 36.0000 8.0000 1.0000 8.0000 7.0000 2.0000 0.0971 0.2501 1.7510 0.0906 0.1145 b 0.2280 2.0010 1.3090 3.3099 0.2203 0.1523 0.3081 0.1599 0.3442 0.1746 0.3917 0.0000 0.0000 
main 1.0000 6.0000 15.0000 8.0000 1.0000 8.0000 7.0000 2.0000 0.0945 0.2494 1.7459 0.0906 0.1145 b 0.1970 1.9959 1.4574 3.4549 0.1538 0.3340 0.1584 0.3689 0.3250 0.2510 0.1547 0.0000 0.0000 
main 1.0000 6.0000 27.0000 5.0000 0.0000 5.0000 4.0000 2.0000 0.1031 0.2512 1.0049 0.0906 0.1145 b 0.2120 1.2549 1.4845 2.7305 0.3681 0.1562 0.3073 0.1734 0.0000 0.0000 0.0000 0.0000 0.0000 
main 1.0000 6.0000 29.0000 6.0000 0.0000 6.0000 5.0000 1.0000 0.0370 0.2508 1.2540 0.0349 0.0588 b 0.1690 1.5040 1.2196 2.7128 0.2861 0.2235 0.2794 0.2009 0.2641 0.0000 0.0000 0.0000 0.0000 
main 1.0000 6.0000 6.0000 5.0000 0.0000 5.0000 4.0000 2.0000 0.0913 0.2510 1.0039 0.0906 0.1145 b 0.2220 1.2539 1.3158 2.5795 0.1940 0.2807 0.3658 0.1633 0.0000 0.0000 0.0000 0.0000 0.0000 
main 1.0000 6.0000 19.0000 10.0000 2.0000 10.0000 9.0000 0.0000 0.0000 0.2500 2.2500 0.0000 0.0000 b 0.1590 2.5000 1.0599 3.5588 0.2500 0.2500 0.2500 0.2500 0.2500 0.2500 0.2500 0.2500 0.2500 
main 1.0000 6.0000 28.0000 6.0000 0.0000 6.0000 5.0000 0.0000 0.0000 0.2500 1.2500 0.0000 0.0000 b 0.2040 1.5000 1.4772 2.9758 0.2500 0.2500 0.2500 0.2500 0.2500 0.0000 0.0000 0.0000 0.0000 
main 1.0000 6.0000 12.0000 7.0000 1.0000 7.0000 6.0000 2.0000 0.0928 0.2499 1.4993 0.0906 0.1145 b 0.1860 1.7493 1.1417 2.8915 0.1521 0.3595 0.2597 0.1794 0.3614 0.1872 0.0000 0.0000 0.0000 
main 1.0000 6.0000 7.0000 6.0000 0.0000 6.0000 5.0000 0.0000 0.0000 0.2500 1.2500 0.0000 0.0000 b 0.1860 1.5000 1.4034 2.9090 0.2500 0.2500 0.2500 0.2500 0.2500 0.0000 0.0000 0.0000 0.0000 
main 1.0000 7.0000 6.0000 5.0000 0.0000 5.0000 4.0000 2.0000 0.0920 0.2489 0.9958 0.0906 0.1145 b 0.2040 1.2458 1.4533 2.7049 0.3186 0.1774 0.3377 0.1622 0.0000 0.0000 0.0000 0.0000 0.0000 
main 1.0000 7.0000 20.0000 10.0000 2.0000 10.0000 9.0000 1.0000 0.0498 0.2504 2.2540 0.0349 0.0588 b 0.1760 2.5040 1.2584 3.7628 0.2524 0.2950 0.2045 0.2914 0.2654 0.3050 0.2755 0.1601 0.2046 
main 1.0000 7.0000 41.0000 10.0000 2.0000 10.0000 9.0000 1.0000 0.0571 0.2496 2.2468 0.0349 0.0588 b 0.1710 2.4968 1.2899 3.7891 0.2417 0.2708 0.2961 0.2332 0.3493 0.1627 0.2672 0.1765 0.2493 
main 1.0000 7.0000 44.0000 4.0000 0.0000 4.0000 3.0000 1.0000 0.0551 0.2486 0.7457 0.0349 0.0588 b 0.2710 0.9957 1.0375 2.0378 0.2968 0.1886 0.2604 0.0000 0.0000 0.0000 0.0000 0.0000 0.0000 
main 1.0000 7.0000 54.0000 7.0000 1.0000 7.0000 6.0000 2.0000 0.0967 0.2495 1.4969 0.0906 0.1145 b 0.1870 1.7469 1.3742 3.1226 0.1554 0.3679 0.1876 0.1536 0.2848 0.3476 0.0000 0.0000 0.0000 
main 1.0000 7.0000 16.0000 9.0000 1.0000 9.0000 8.0000 0.0000 0.0000 0.2500 2.0000 0.0000 0.0000 b 0.0960 2.2500 1.3123 3.5589 0.2500 0.2500 0.2500 0.2500 0.2500 0.2500 0.2500 0.2500 0.0000 
main 1.0000 7.0000 10.0000 7.0000 1.0000 7.0000 6.0000 0.0000 0.0000 0.2500 1.5000 0.0000 0.0000 b 0.1640 1.7500 1.4920 3.2422 0.2500 0.2500 0.2500 0.2500 0.2500 0.2500 0.0000 0.0000 0.0000 
main 1.0000 7.0000 12.0000 7.0000 1.0000 7.0000 6.0000 2.0000 0.1065 0.2493 1.4960 0.0906 0.1145 b 0.1670 1.7460 1.2791 3.0216 0.2271 0.1617 0.3740 0.1888 0.3912 0.1532 0.0000 0.0000 0.0000 
main 1.0000 7.0000 11.0000 7.0000 1.0000 7.0000 6.0000 1.0000 0.0405 0.2507 1.5039 0.0349 0.0588 b 0.1570 1.7539 1.2071 2.9627 0.2940 0.2302 0.1946 0.2507 0.3006 0.2340 0.0000 0.0000 0.0000 
main 1.0000 7.0000 28.0000 6.0000 0.0000 6.0000 5.0000 0.0000 0.0000 0.2500 1.2500 0.0000 0.0000 b 0.1780 1.5000 1.4255 2.9256 0.2500 0.2500 0.2500 0.2500 0.2500 0.0000 0.0000 0.0000 0.0000 
main 1.0000 7.0000 25.0000 5.0000 0.0000 5.0000 4.0000 0.0000 0.0000 0.2500 1.0000 0.0000 0.0000 b 0.1990 1.2500 1.1017 2.3587 0.2500 0.2500 0.2500 0.2500 0.0000 0.0000 0.0000 0.0000 0.0000 
main 1.0000 7.0000 26.0000 5.0000 0.0000 5.0000 4.0000 1.0000 0.0495 0.2490 0.9960 0.0349 0.0588 b 0.1880 1.2460 1.4972 2.7551 0.1811 0.2846 0.2434 0.2869 0.0000 0.0000 0.0000 0.0000 0.0000 
main 1.0000 7.0000 18.0000 9.0000 1.0000 9.0000 8.0000 2.0000 0.0935 0.2506 2.0045 0.0906 0.1145 b 0.1220 2.2545 1.0390 3.2967 0.2340 0.1732 0.3985 0.1675 0.3814 0.2662 0.1608 0.2229 0.0000 
main 1.0000 7.0000 24.0000 4.0000 0.0000 4.0000 3.0000 2.0000 0.0998 0.2487 0.7460 0.0906 0.1145 b 0.2040 0.9960 1.2871 2.2883 0.1647 0.2223 0.3591 0.0000 0.0000 0.0000 0.0000 0.0000 0.0000 
main 1.0000 7.0000 29.0000 6.0000 0.0000 6.0000 5.0000 1.0000 0.0524 0.2506 1.2529 0.0349 0.0588 b 0.2590 1.5029 1.2222 2.7283 0.2142 0.3348 0.2085 0.2677 0.2278 0.0000 0.0000 0.0000 0.0000 
main 1.0000 7.0000 62.0000 10.0000 2.0000 10.0000 9.0000 1.0000 0.0521 0.2505 2.2544 0.0349 0.0588 b 0.1850 2.5044 1.0712 3.5799 0.2299 0.2577 0.1947 0.2903 0.1879 0.2519 0.3354 0.3051 0.2014 
main 1.0000 7.0000 19.0000 10.0000 2.0000 10.0000 9.0000 0.0000 0.0000 0.2500 2.2500 0.0000 0.0000 b 0.2050 2.5000 1.4833 3.9757 0.2500 0.2500 0.2500 0.2500 0.2500 0.2500 0.2500 0.2500 0.2500 
main 1.0000 7.0000 53.0000 7.0000 1.0000 7.0000 6.0000 1.0000 0.0531 0.2505 1.5030 0.0349 0.0588 b 0.2160 1.7530 1.0515 2.7953 0.1972 0.3201 0.2681 0.2211 0.2992 0.1972 0.0000 0.0000 0.0000 
main 1.0000 7.0000 45.0000 4.0000 0.0000 4.0000 3.0000 2.0000 0.0972 0.2494 0.7482 0.0906 0.1145 b 0.2280 0.9982 1.2355 2.2239 0.3586 0.1723 0.2174 0.0000 0.0000 0.0000 0.0000 0.0000 0.0000 
main 1.0000 7.0000 47.0000 5.0000 0.0000 5.0000 4.0000 1.0000 0.0442 0.2510 1.0040 0.0349 0.0588 b 0.2030 1.2540 1.0041 2.2628 0.2788 0.2148 0.2985 0.2119 0.0000 0.0000 0.0000 0.0000 0.0000 
main 1.0000 7.0000 1.0000 4.0000 0.0000 4.0000 3.0000 0.0000 0.0000 0.2500 0.7500 0.0000 0.0000 b 0.1780 1.0000 1.3212 2.3089 0.2500 0.2500 0.2500 0.0000 0.0000 0.0000 0.0000 0.0000 0.0000 
main 1.0000 7.0000 48.0000 5.0000 0.0000 5.0000 4.0000 2.0000 0.0974 0.2509 1.0035 0.0906 0.1145 b 0.1860 1.2535 1.0564 2.3125 0.3815 0.1569 0.2635 0.2016 0.0000 0.0000 0.0000 0.0000 0.0000 
main 1.0000 7.0000 5.0000 5.0000 0.0000 5.0000 4.0000 1.0000 0.0435 0.2493 0.9973 0.0349 0.0588 b 0.1980 1.2473 1.2186 2.4562 0.2818 0.2450 0.2812 0.1893 0.0000 0.0000 0.0000 0.0000 0.0000 
main 1.0000 7.0000 40.0000 10.0000 2.0000 10.0000 9.0000 0.0000 0.0000 0.2500 2.2500 0.0000 0.0000 b 0.1950 2.5000 1.2037 3.6921 0.2500 0.2500 0.2500 0.2500 0.2500 0.2500 0.2500 0.2500 0.2500 
main 1.0000 7.0000 36.0000 8.0000 1.0000 8.0000 7.0000 2.0000 0.0936 0.2499 1.7492 0.0906 0.1145 b 0.2290 1.9992 1.4352 3.4416 0.1602 0.3068 0.2378 0.1686 0.3154 0.1610 0.3995 0.0000 0.0000 
main 1.0000 7.0000 56.0000 8.0000 1.0000 8.0000 7.0000 1.0000 0.0471 0.2507 1.7546 0.0349 0.0588 b 0.1750 2.0046 1.3317 3.3469 0.2365 0.3146 0.2282 0.2661 0.1667 0.2849 0.2576 0.0000 0.0000 
main 1.0000 7.0000 34.0000 8.0000 1.0000 8.0000 7.0000 0.0000 0.0000 0.2500 1.7500 0.0000 0.0000 b 0.1970 2.0000 1.1311 3.1422 0.2500 0.2500 0.2500 0.2500 0.2500 0.2500 0.2500 0.0000 0.0000 
main 1.0000 7.0000 58.0000 9.0000 1.0000 9.0000 8.0000 0.0000 0.0000 0.2500 2.0000 0.0000 0.0000 b 0.1790 2.2500 1.0856 3.3422 0.2500 0.2500 0.2500 0.2500 0.2500 0.2500 0.2500 0.2500 0.0000 
main 1.0000 7.0000 14.0000 8.0000 1.0000 8.0000 7.0000 1.0000 0.0544 0.2496 1.7472 0.0349 0.0588 b 0.2220 1.9972 1.0016 3.0059 0.1688 0.2868 0.2147 0.2953 0.2432 0.3226 0.2157 0.0000 0.0000 
main 1.0000 7.0000 2.0000 4.0000 0.0000 4.0000 3.0000 1.0000 0.0567 0.2516 0.7547 0.0349 0.0588 b 0.2640 1.0047 1.3511 2.3637 0.2052 0.3148 0.2347 0.0000 0.0000 0.0000 0.0000 0.0000 0.0000 
main 1.0000 7.0000 61.0000 10.0000 2.0000 10.0000 9.0000 0.0000 0.0000 0.2500 2.2500 0.0000 0.0000 b 0.1280 2.5000 1.0906 3.5922 0.2500 0.2500 0.2500 0.2500 0.2500 0.2500 0.2500 0.2500 0.2500 
main 1.0000 7.0000 7.0000 6.0000 0.0000 6.0000 5.0000 0.0000 0.0000 0.2500 1.2500 0.0000 0.0000 b 0.1780 1.5000 1.3842 2.8923 0.2500 0.2500 0.2500 0.2500 0.2500 0.0000 0.0000 0.0000 0.0000 
main 1.0000 7.0000 31.0000 7.0000 1.0000 7.0000 6.0000 0.0000 0.0000 0.2500 1.5000 0.0000 0.0000 b 0.2180 1.7500 1.1207 2.8755 0.2500 0.2500 0.2500 0.2500 0.2500 0.2500 0.0000 0.0000 0.0000 
main 1.0000 7.0000 59.0000 9.0000 1.0000 9.0000 8.0000 1.0000 0.0533 0.2495 1.9962 0.0349 0.0588 b 0.1800 2.2462 1.1339 3.3718 0.2074 0.2808 0.2060 0.2642 0.2060 0.2635 0.2114 0.3568 0.0000 
main 1.0000 7.0000 8.0000 6.0000 0.0000 6.0000 5.0000 1.0000 0.0536 0.2509 1.2544 0.0349 0.0588 b 0.2320 1.5044 1.1194 2.6133 0.2368 0.1903 0.2825 0.2191 0.3257 0.0000 0.0000 0.0000 0.0000 
main 1.0000 7.0000 35.0000 8.0000 1.0000 8.0000 7.0000 1.0000 0.0514 0.2501 1.7510 0.0349 0.0588 b 0.1760 2.0010 1.0330 3.0265 0.2444 0.2913 0.3213 0.2506 0.1630 0.2150 0.2655 0.0000 0.0000 
main 1.0000 7.0000 43.0000 4.0000 0.0000 4.0000 3.0000 0.0000 0.0000 0.2500 0.7500 0.0000 0.0000 b 0.2200 1.0000 1.0281 2.0255 0.2500 0.2500 0.2500 0.0000 0.0000 0.0000 0.0000 0.0000 0.0000 
main 1.0000 7.0000 52.0000 7.0000 1.0000 7.0000 6.0000 0.0000 0.0000 0.2500 1.5000 0.0000 0.0000 b 0.1690 1.7500 1.4519 3.1924 0.2500 0.2500 0.2500 0.2500 0.2500 0.2500 0.0000 0.0000 0.0000 
main 1.0000 7.0000 13.0000 8.0000 1.0000 8.0000 7.0000 0.0000 0.0000 0.2500 1.7500 0.0000 0.0000 b 0.2260 2.0000 1.0470 3.0421 0.2500 0.2500 0.2500 0.2500 0.2500 0.2500 0.2500 0.0000 0.0000 
main 1.0000 7.0000 33.0000 7.0000 1.0000 7.0000 6.0000 2.0000 0.0970 0.2501 1.5008 0.0906 0.1145 b 0.2040 1.7508 1.0832 2.8263 0.1684 0.3920 0.1769 0.2109 0.3535 0.1991 0.0000 0.0000 0.0000 
main 1.0000 7.0000 17.0000 9.0000 1.0000 9.0000 8.0000 1.0000 0.0416 0.2503 2.0024 0.0349 0.0588 b 0.1470 2.2524 1.1129 3.3779 0.2282 0.2794 0.3273 0.2679 0.2001 0.2358 0.2080 0.2557 0.0000 
main 1.0000 7.0000 27.0000 5.0000 0.0000 5.0000 4.0000 2.0000 0.0914 0.2497 0.9988 0.0906 0.1145 b 0.2620 1.2488 1.4033 2.6578 0.3350 0.1514 0.1927 0.3197 0.0000 0.0000 0.0000 0.0000 0.0000 
main 1.0000 7.0000 3.0000 4.0000 0.0000 4.0000 3.0000 2.0000 0.0969 0.2503 0.7510 0.0906 0.1145 b 0.2100 1.0010 1.3304 2.3434 0.2058 0.3615 0.1837 0.0000 0.0000 0.0000 0.0000 0.0000 0.0000 
main 1.0000 7.0000 46.0000 5.0000 0.0000 5.0000 4.0000 0.0000 0.0000 0.2500 1.0000 0.0000 0.0000 b 0.1820 1.2500 1.1262 2.3754 0.2500 0.2500 0.2500 0.2500 0.0000 0.0000 0.0000 0.0000 0.0000 
main 1.0000 7.0000 9.0000 6.0000 0.0000 6.0000 5.0000 2.0000 0.0915 0.2503 1.2516 0.0906 0.1145 b 0.1930 1.5016 1.0918 2.5939 0.3907 0.2835 0.1698 0.2347 0.1729 0.0000 0.0000 0.0000 0.0000 
main 1.0000 7.0000 38.0000 9.0000 1.0000 9.0000 8.0000 1.0000 0.0565 0.2506 2.0047 0.0349 0.0588 b 0.2300 2.2547 1.0942 3.3470 0.1875 0.2258 0.2949 0.2429 0.2750 0.1812 0.3522 0.2452 0.0000 
main 1.0000 7.0000 22.0000 4.0000 0.0000 4.0000 3.0000 0.0000 0.0000 0.2500 0.7500 0.0000 0.0000 b 0.2240 1.0000 1.3999 2.4090 0.2500 0.2500 0.2500 0.0000 0.0000 0.0000 0.0000 0.0000 0.0000 
main 1.0000 7.0000 60.0000 9.0000 1.0000 9.0000 8.0000 2.0000 0.0910 0.2496 1.9971 0.0906 0.1145 b 0.1980 2.2471 1.0602 3.3059 0.3324 0.1855 0.1547 0.3546 0.1626 0.1961 0.3771 0.2341 0.0000 
main 1.0000 7.0000 15.0000 8.0000 1.0000 8.0000 7.0000 2.0000 0.0939 0.2496 1.7471 0.0906 0.1145 b 0.2020 1.9971 1.1085 3.1059 0.1616 0.2262 0.2921 0.1543 0.3356 0.1806 0.3966 0.0000 0.0000 
main 1.0000 7.0000 50.0000 6.0000 0.0000 6.0000 5.0000 1.0000 0.0436 0.2502 1.2512 0.0349 0.0588 b 0.2370 1.5012 1.1205 2.6268 0.2160 0.2751 0.3134 0.2373 0.2094 0.0000 0.0000 0.0000 0.0000 
main 1.0000 7.0000 23.0000 4.0000 0.0000 4.0000 3.0000 1.0000 0.0517 0.2498 0.7494 0.0349 0.0588 b 0.2980 0.9994 1.3099 2.3083 0.1923 0.2648 0.2923 0.0000 0.0000 0.0000 0.0000 0.0000 0.0000 
main 1.0000 7.0000 32.0000 7.0000 1.0000 7.0000 6.0000 1.0000 0.0493 0.2499 1.4992 0.0349 0.0588 b 0.1720 1.7492 1.3683 3.1082 0.3238 0.2256 0.2526 0.1843 0.2272 0.2857 0.0000 0.0000 0.0000 
main 1.0000 7.0000 39.0000 9.0000 1.0000 9.0000 8.0000 2.0000 0.0977 0.2505 2.0038 0.0906 0.1145 b 0.2130 2.2538 1.2271 3.4794 0.3328 0.2136 0.3845 0.1565 0.1957 0.1683 0.3781 0.1744 0.0000 
main 1.0000 7.0000 37.0000 9.0000 1.0000 9.0000 8.0000 0.0000 0.0000 0.2500 2.0000 0.0000 0.0000 b 0.1730 2.2500 1.3943 3.6423 0.2500 0.2500 0.2500 0.2500 0.2500 0.2500 0.2500 0.2500 0.0000 
main 1.0000 7.0000 55.0000 8.0000 1.0000 8.0000 7.0000 0.0000 0.0000 0.2500 1.7500 0.0000 0.0000 b 0.1560 2.0000 1.1478 3.1420 0.2500 0.2500 0.2500 0.2500 0.2500 0.2500 0.2500 0.0000 0.0000 
main 1.0000 7.0000 42.0000 10.0000 2.0000 10.0000 9.0000 2.0000 0.0920 0.2499 2.2493 0.0906 0.1145 b 0.1990 2.4993 1.1440 3.6414 0.2442 0.1542 0.1941 0.2863 0.3928 0.1918 0.2277 0.3976 0.1606 
main 1.0000 7.0000 57.0000 8.0000 1.0000 8.0000 7.0000 2.0000 0.0938 0.2501 1.7507 0.0906 0.1145 b 0.2540 2.0007 1.4310 3.4430 0.1634 0.3347 0.2240 0.1791 0.1528 0.3054 0.3912 0.0000 0.0000 
main 1.0000 7.0000 21.0000 10.0000 2.0000 10.0000 9.0000 2.0000 0.0968 0.2502 2.2516 0.0906 0.1145 b 0.1840 2.5016 1.3989 3.9107 0.1557 0.3494 0.3949 0.1714 0.2837 0.3568 0.2100 0.1792 0.1505 
main 1.0000 7.0000 51.0000 6.0000 0.0000 6.0000 5.0000 2.0000 0.0924 0.2502 1.2509 0.0906 0.1145 b 0.1880 1.5009 1.4191 2.9266 0.3787 0.1630 0.2221 0.3114 0.1758 0.0000 0.0000 0.0000 0.0000 
main 1.0000 7.0000 49.0000 6.0000 0.0000 6.0000 5.0000 0.0000 0.0000 0.2500 1.2500 0.0000 0.0000 b 0.1950 1.5000 1.4268 2.9258 0.2500 0.2500 0.2500 0.2500 0.2500 0.0000 0.0000 0.0000 0.0000 
main 1.0000 7.0000 4.0000 5.0000 0.0000 5.0000 4.0000 0.0000 0.0000 0.2500 1.0000 0.0000 0.0000 b 0.1640 1.2500 1.0315 2.2922 0.2500 0.2500 0.2500 0.2500 0.0000 0.0000 0.0000 0.0000 0.0000 
main 1.0000 7.0000 63.0000 10.0000 2.0000 10.0000 9.0000 2.0000 0.0945 0.2504 2.2537 0.0906 0.1145 b 0.1990 2.5037 1.2489 3.7626 0.1522 0.2890 0.3306 0.2117 0.3534 0.2005 0.1643 0.3996 0.1523 
main 1.0000 7.0000 30.0000 6.0000 0.0000 6.0000 5.0000 2.0000 0.0912 0.2503 1.2515 0.0906 0.1145 b 0.2030 1.5015 1.0285 2.5270 0.1856 0.3786 0.2205 0.3081 0.1586 0.0000 0.0000 0.0000 0.0000 
main 1.0000 8.0000 4.0000 5.0000 0.0000 5.0000 4.0000 0.0000 0.0000 0.2500 1.0000 0.0000 0.0000 b 0.1850 1.2500 1.2924 2.5422 0.2500 0.2500 0.2500 0.2500 0.0000 0.0000 0.0000 0.0000 0.0000 
main 1.0000 8.0000 16.0000 9.0000 1.0000 9.0000 8.0000 0.0000 0.0000 0.2500 2.0000 0.0000 0.0000 b 0.1620 2.2500 1.4209 3.6591 0.2500 0.2500 0.2500 0.2500 0.2500 0.2500 0.2500 0.2500 0.0000 
main 1.0000 8.0000 3.0000 4.0000 0.0000 4.0000 3.0000 2.0000 0.0959 0.2512 0.7535 0.0906 0.1145 b 0.2390 1.0035 1.2191 2.2125 0.1622 0.2386 0.3527 0.0000 0.0000 0.0000 0.0000 0.0000 0.0000 
main 1.0000 8.0000 12.0000 7.0000 1.0000 7.0000 6.0000 2.0000 0.0925 0.2499 1.4993 0.0906 0.1145 b 0.1680 1.7493 1.1055 2.8414 0.1535 0.2856 0.1538 0.3953 0.2849 0.2261 0.0000 0.0000 0.0000 
main 1.0000 8.0000 56.0000 8.0000 1.0000 8.0000 7.0000 1.0000 0.0406 0.2497 1.7482 0.0349 0.0588 b 0.1970 1.9982 1.0211 3.0069 0.2352 0.2090 0.2532 0.2095 0.3183 0.2879 0.2350 0.0000 0.0000 
main 1.0000 8.0000 61.0000 10.0000 2.0000 10.0000 9.0000 0.0000 0.0000 0.2500 2.2500 0.0000 0.0000 b 0.1850 2.5000 1.2389 3.7255 0.2500 0.2500 0.2500 0.2500 0.2500 0.2500 0.2500 0.2500 0.2500 
main 1.0000 8.0000 53.0000 7.0000 1.0000 7.0000 6.0000 1.0000 0.0571 0.2493 1.4957 0.0349 0.0588 b 0.2380 1.7457 1.4258 3.1713 0.2682 0.1708 0.2247 0.2705 0.3388 0.2228 0.0000 0.0000 0.0000 
main 1.0000 8.0000 46.0000 5.0000 0.0000 5.0000 4.0000 0.0000 0.0000 0.2500 1.0000 0.0000 0.0000 b 0.1990 1.2500 1.0984 2.3589 0.2500 0.2500 0.2500 0.2500 0.0000 0.0000 0.0000 0.0000 0.0000 
main 1.0000 8.0000 36.0000 8.0000 1.0000 8.0000 7.0000 2.0000 0.1050 0.2494 1.7460 0.0906 0.1145 b 0.2020 1.9960 1.0450 3.0383 0.3763 0.1520 0.1800 0.3004 0.1590 0.1849 0.3935 0.0000 0.0000 
main 1.0000 8.0000 24.0000 4.0000 0.0000 4.0000 3.0000 2.0000 0.1003 0.2504 0.7513 0.0906 0.1145 b 0.2490 1.0013 1.4812 2.4936 0.1702 0.2181 0.3629 0.0000 0.0000 0.0000 0.0000 0.0000 0.0000 
main 1.0000 8.0000 27.0000 5.0000 0.0000 5.0000 4.0000 2.0000 0.0917 0.2489 0.9956 0.0906 0.1145 b 0.1830 1.2456 1.2164 2.4711 0.1993 0.1503 0.3553 0.2907 0.0000 0.0000 0.0000 0.0000 0.0000 
main 1.0000 8.0000 59.0000 9.0000 1.0000 9.0000 8.0000 1.0000 0.0559 0.2495 1.9963 0.0349 0.0588 b 0.1760 2.2463 1.4311 3.6720 0.1727 0.2650 0.2216 0.2783 0.1876 0.2369 0.3390 0.2953 0.0000 
main 1.0000 8.0000 60.0000 9.0000 1.0000 9.0000 8.0000 2.0000 0.0962 0.2504 2.0032 0.0906 0.1145 b 0.1940 2.2532 1.1343 3.3955 0.3695 0.1520 0.1858 0.3944 0.2645 0.1558 0.1827 0.2984 0.0000 
main 1.0000 8.0000 18.0000 9.0000 1.0000 9.0000 8.0000 2.0000 0.0921 0.2497 1.9976 0.0906 0.1145 b 0.1720 2.2476 1.3647 3.6066 0.1723 0.3409 0.1618 0.3370 0.1891 0.3896 0.1700 0.2369 0.0000 
main 1.0000 8.0000 17.0000 9.0000 1.0000 9.0000 8.0000 1.0000 0.0536 0.2496 1.9969 0.0349 0.0588 b 0.2320 2.2469 1.3105 3.5560 0.2808 0.3494 0.1823 0.2217 0.2650 0.1925 0.2653 0.2398 0.0000 
main 1.0000 8.0000 63.0000 10.0000 2.0000 10.0000 9.0000 2.0000 0.0980 0.2498 2.2483 0.0906 0.1145 b 0.1970 2.4983 1.4254 3.9240 0.3691 0.1536 0.2785 0.1892 0.1629 0.3686 0.1606 0.1907 0.3752 
main 1.0000 8.0000 45.0000 4.0000 0.0000 4.0000 3.0000 2.0000 0.0981 0.2511 0.7532 0.0906 0.1145 b 0.2970 1.0032 1.1641 2.1620 0.1633 0.2329 0.3570 0.0000 0.0000 0.0000 0.0000 0.0000 0.0000 
main 1.0000 8.0000 26.0000 5.0000 0.0000 5.0000 4.0000 1.0000 0.0571 0.2511 1.0046 0.0349 0.0588 b 0.2110 1.2546 1.1175 2.3636 0.2110 0.3328 0.2486 0.2123 0.0000 0.0000 0.0000 0.0000 0.0000 
main 1.0000 8.0000 42.0000 10.0000 2.0000 10.0000 9.0000 2.0000 0.0921 0.2502 2.2515 0.0906 0.1145 b 0.2460 2.5015 1.4411 3.9440 0.1551 0.1860 0.3377 0.2048 0.3833 0.1981 0.3878 0.1838 0.2149 
main 1.0000 8.0000 15.0000 8.0000 1.0000 8.0000 7.0000 2.0000 0.0915 0.2503 1.7519 0.0906 0.1145 b 0.1720 2.0019 1.4287 3.4276 0.3337 0.1589 0.2846 0.2160 0.1905 0.3997 0.1686 0.0000 0.0000 
main 1.0000 8.0000 13.0000 8.0000 1.0000 8.0000 7.0000 0.0000 0.0000 0.2500 1.7500 0.0000 0.0000 b 0.1500 2.0000 1.0586 3.0588 0.2500 0.2500 0.2500 0.2500 0.2500 0.2500 0.2500 0.0000 0.0000 
main 1.0000 8.0000 14.0000 8.0000 1.0000 8.0000 7.0000 1.0000 0.0587 0.2501 1.7507 0.0349 0.0588 b 0.1670 2.0007 1.4374 3.4429 0.2086 0.2378 0.3031 0.2266 0.1847 0.3548 0.2350 0.0000 0.0000 
main 1.0000 8.0000 35.0000 8.0000 1.0000 8.0000 7.0000 1.0000 0.0570 0.2500 1.7498 0.0349 0.0588 b 0.1930 1.9998 1.0144 3.0252 0.2277 0.3020 0.2432 0.2836 0.1539 0.3201 0.2193 0.0000 0.0000 
main 1.0000 8.0000 7.0000 6.0000 0.0000 6.0000 5.0000 0.0000 0.0000 0.2500 1.2500 0.0000 0.0000 b 0.1650 1.5000 1.4749 2.9757 0.2500 0.2500 0.2500 0.2500 0.2500 0.0000 0.0000 0.0000 0.0000 
main 1.0000 8.0000 1.0000 4.0000 0.0000 4.0000 3.0000 0.0000 0.0000 0.2500 0.7500 0.0000 0.0000 b 0.1970 1.0000 1.1302 2.1422 0.2500 0.2500 0.2500 0.0000 0.0000 0.0000 0.0000 0.0000 0.0000 
main 1.0000 8.0000 34.0000 8.0000 1.0000 8.0000 7.0000 0.0000 0.0000 0.2500 1.7500 0.0000 0.0000 b 0.1640 2.0000 1.0733 3.0756 0.2500 0.2500 0.2500 0.2500 0.2500 0.2500 0.2500 0.0000 0.0000 
main 1.0000 8.0000 54.0000 7.0000 1.0000 7.0000 6.0000 2.0000 0.1024 0.2496 1.4977 0.0906 0.1145 b 0.2000 1.7477 1.4812 3.2233 0.1939 0.3474 0.1555 0.2453 0.1566 0.3989 0.0000 0.0000 0.0000 
main 1.0000 8.0000 28.0000 6.0000 0.0000 6.0000 5.0000 0.0000 0.0000 0.2500 1.2500 0.0000 0.0000 b 0.1920 1.5000 1.1436 2.6422 0.2500 0.2500 0.2500 0.2500 0.2500 0.0000 0.0000 0.0000 0.0000 
main 1.0000 8.0000 49.0000 6.0000 0.0000 6.0000 5.0000 0.0000 0.0000 0.2500 1.2500 0.0000 0.0000 b 0.1860 1.5000 1.1838 2.6921 0.2500 0.2500 0.2500 0.2500 0.2500 0.0000 0.0000 0.0000 0.0000 
main 1.0000 8.0000 21.0000 10.0000 2.0000 10.0000 9.0000 2.0000 0.0973 0.2505 2.2545 0.0906 0.1145 b 0.2160 2.5045 1.4737 3.9803 0.3660 0.2132 0.1553 0.3965 0.2215 0.1535 0.3642 0.2092 0.1750 
main 1.0000 8.0000 38.0000 9.0000 1.0000 9.0000 8.0000 1.0000 0.0533 0.2505 2.0037 0.0349 0.0588 b 0.1860 2.2537 1.1246 3.3793 0.2786 0.2422 0.2040 0.1778 0.2626 0.3130 0.2025 0.3229 0.0000 
main 1.0000 8.0000 11.0000 7.0000 1.0000 7.0000 6.0000 1.0000 0.0542 0.2506 1.5036 0.0349 0.0588 b 0.1940 1.7536 1.4935 3.2459 0.2255 0.2542 0.1908 0.2928 0.3331 0.2072 0.0000 0.0000 0.0000 
main 1.0000 8.0000 40.0000 10.0000 2.0000 10.0000 9.0000 0.0000 0.0000 0.2500 2.2500 0.0000 0.0000 b 0.2170 2.5000 1.0006 3.4921 0.2500 0.2500 0.2500 0.2500 0.2500 0.2500 0.2500 0.2500 0.2500 
main 1.0000 8.0000 57.0000 8.0000 1.0000 8.0000 7.0000 2.0000 0.0907 0.2501 1.7510 0.0906 0.1145 b 0.1630 2.0010 1.0326 3.0265 0.1524 0.2573 0.1745 0.3578 0.1563 0.3585 0.2942 0.0000 0.0000 
main 1.0000 8.0000 29.0000 6.0000 0.0000 6.0000 5.0000 1.0000 0.0551 0.2501 1.2506 0.0349 0.0588 b 0.2070 1.5006 1.1098 2.6094 0.3180 0.2586 0.2120 0.1795 0.2824 0.0000 0.0000 0.0000 0.0000 
main 1.0000 8.0000 37.0000 9.0000 1.0000 9.0000 8.0000 0.0000 0.0000 0.2500 2.0000 0.0000 0.0000 b 0.1630 2.2500 1.1328 3.3756 0.2500 0.2500 0.2500 0.2500 0.2500 0.2500 0.2500 0.2500 0.0000 
main 1.0000 8.0000 19.0000 10.0000 2.0000 10.0000 9.0000 0.0000 0.0000 0.2500 2.2500 0.0000 0.0000 b 0.1450 2.5000 1.1823 3.6921 0.2500 0.2500 0.2500 0.2500 0.2500 0.2500 0.2500 0.2500 0.2500 
main 1.0000 8.0000 30.0000 6.0000 0.0000 6.0000 5.0000 2.0000 0.0946 0.2497 1.2487 0.0906 0.1145 b 0.3090 1.4987 1.3583 2.8577 0.2299 0.3913 0.1718 0.2925 0.1633 0.0000 0.0000 0.0000 0.0000 
main 1.0000 8.0000 50.0000 6.0000 0.0000 6.0000 5.0000 1.0000 0.0545 0.2502 1.2509 0.0349 0.0588 b 0.1450 1.5009 1.1223 2.6264 0.1899 0.2972 0.2645 0.1957 0.3036 0.0000 0.0000 0.0000 0.0000 
main 1.0000 8.0000 22.0000 4.0000 0.0000 4.0000 3.0000 0.0000 0.0000 0.2500 0.7500 0.0000 0.0000 b 0.1850 1.0000 1.3351 2.3425 0.2500 0.2500 0.2500 0.0000 0.0000 0.0000 0.0000 0.0000 0.0000 
main 1.0000 8.0000 10.0000 7.0000 1.0000 7.0000 6.0000 0.0000 0.0000 0.2500 1.5000 0.0000 0.0000 b 1.7000 1.7500 1.2503 3.0088 0.2500 0.2500 0.2500 0.2500 0.2500 0.2500 0.0000 0.0000 0.0000 
main 1.0000 8.0000 33.0000 7.0000 1.0000 7.0000 6.0000 2.0000 0.0925 0.2504 1.5026 0.0906 0.1145 b 0.1930 1.7526 1.4438 3.1949 0.3195 0.1637 0.2058 0.3851 0.2763 0.1521 0.0000 0.0000 0.0000 
main 1.0000 8.0000 6.0000 5.0000 0.0000 5.0000 4.0000 2.0000 0.1040 0.2498 0.9993 0.0906 0.1145 b 0.2030 1.2493 1.2343 2.4915 0.1610 0.3681 0.1639 0.3062 0.0000 0.0000 0.0000 0.0000 0.0000 
main 1.0000 8.0000 9.0000 6.0000 0.0000 6.0000 5.0000 2.0000 0.0930 0.2504 1.2521 0.0906 0.1145 b 0.1670 1.5021 1.4268 2.9277 0.2706 0.1703 0.3917 0.1624 0.2571 0.0000 0.0000 0.0000 0.0000 
main 1.0000 8.0000 25.0000 5.0000 0.0000 5.0000 4.0000 0.0000 0.0000 0.2500 1.0000 0.0000 0.0000 b 0.1620 1.2500 1.4131 2.6590 0.2500 0.2500 0.2500 0.2500 0.0000 0.0000 0.0000 0.0000 0.0000 
main 1.0000 8.0000 39.0000 9.0000 1.0000 9.0000 8.0000 2.0000 0.0911 0.2502 2.0016 0.0906 0.1145 b 0.2120 2.2516 1.3732 3.6274 0.1714 0.3235 0.1529 0.3397 0.1975 0.2521 0.1723 0.3922 0.0000 
main 1.0000 8.0000 58.0000 9.0000 1.0000 9.0000 8.0000 0.0000 0.0000 0.2500 2.0000 0.0000 0.0000 b 0.1150 2.2500 1.0205 3.2755 0.2500 0.2500 0.2500 0.2500 0.2500 0.2500 0.2500 0.2500 0.0000 
main 1.0000 8.0000 20.0000 10.0000 2.0000 10.0000 9.0000 1.0000 0.0583 0.2505 2.2545 0.0349 0.0588 b 0.1840 2.5045 1.2720 3.7802 0.2742 0.2041 0.2327 0.3413 0.2019 0.3348 0.1746 0.2637 0.2271 
main 1.0000 8.0000 47.0000 5.0000 0.0000 5.0000 4.0000 1.0000 0.0444 0.2500 1.0000 0.0349 0.0588 b 0.2230 1.2500 1.0651 2.3090 0.2897 0.2619 0.1864 0.2620 0.0000 0.0000 0.0000 0.0000 0.0000 
main 1.0000 8.0000 43.0000 4.0000 0.0000 4.0000 3.0000 0.0000 0.0000 0.2500 0.7500 0.0000 0.0000 b 0.1870 1.0000 1.2321 2.2257 0.2500 0.2500 0.2500 0.0000 0.0000 0.0000 0.0000 0.0000 0.0000 
main 1.0000 8.0000 31.0000 7.0000 1.0000 7.0000 6.0000 0.0000 0.0000 0.2500 1.5000 0.0000 0.0000 b 0.1780 1.7500 1.1465 2.8922 0.2500 0.2500 0.2500 0.2500 0.2500 0.2500 0.0000 0.0000 0.0000 
main 1.0000 8.0000 48.0000 5.0000 0.0000 5.0000 4.0000 2.0000 0.0978 0.2496 0.9983 0.0906 0.1145 b 0.2100 1.2483 1.0474 2.3072 0.2102 0.3839 0.2499 0.1543 0.0000 0.0000 0.0000 0.0000 0.0000 
main 1.0000 8.0000 44.0000 4.0000 0.0000 4.0000 3.0000 1.0000 0.0489 0.2503 0.7509 0.0349 0.0588 b 0.2020 1.0009 1.0733 2.0764 0.2554 0.1990 0.2965 0.0000 0.0000 0.0000 0.0000 0.0000 0.0000 
main 1.0000 8.0000 23.0000 4.0000 0.0000 4.0000 3.0000 1.0000 0.0580 0.2503 0.7509 0.0349 0.0588 b 0.1880 1.0009 1.4229 2.4266 0.2358 0.2009 0.3142 0.0000 0.0000 0.0000 0.0000 0.0000 0.0000 
main 1.0000 8.0000 55.0000 8.0000 1.0000 8.0000 7.0000 0.0000 0.0000 0.2500 1.7500 0.0000 0.0000 b 0.2100 2.0000 1.1446 3.1423 0.2500 0.2500 0.2500 0.2500 0.2500 0.2500 0.2500 0.0000 0.0000 
main 1.0000 8.0000 52.0000 7.0000 1.0000 7.0000 6.0000 0.0000 0.0000 0.2500 1.5000 0.0000 0.0000 b 0.2230 1.7500 1.3734 3.1256 0.2500 0.2500 0.2500 0.2500 0.2500 0.2500 0.0000 0.0000 0.0000 
main 1.0000 8.0000 5.0000 5.0000 0.0000 5.0000 4.0000 1.0000 0.0418 0.2498 0.9990 0.0349 0.0588 b 0.1800 1.2490 1.2296 2.4745 0.1950 0.2508 0.2965 0.2568 0.0000 0.0000 0.0000 0.0000 0.0000 
main 1.0000 8.0000 2.0000 4.0000 0.0000 4.0000 3.0000 1.0000 0.0443 0.2484 0.7452 0.0349 0.0588 b 0.2010 0.9952 1.4120 2.4042 0.2906 0.2521 0.2024 0.0000 0.0000 0.0000 0.0000 0.0000 0.0000 
main 1.0000 8.0000 32.0000 7.0000 1.0000 7.0000 6.0000 1.0000 0.0383 0.2493 1.4959 0.0349 0.0588 b 0.1790 1.7459 1.2666 3.0215 0.1997 0.2896 0.2563 0.2153 0.2938 0.2412 0.0000 0.0000 0.0000 
main 1.0000 8.0000 41.0000 10.0000 2.0000 10.0000 9.0000 1.0000 0.0559 0.2494 2.2450 0.0349 0.0588 b 0.4110 2.4950 1.1233 3.6206 0.2045 0.3237 0.2351 0.2890 0.1822 0.3205 0.2387 0.1763 0.2750 
main 1.0000 8.0000 51.0000 6.0000 0.0000 6.0000 5.0000 2.0000 0.0989 0.2505 1.2527 0.0906 0.1145 b 0.1870 1.5027 1.1829 2.6783 0.1590 0.1930 0.3024 0.1990 0.3993 0.0000 0.0000 0.0000 0.0000 
main 1.0000 8.0000 62.0000 10.0000 2.0000 10.0000 9.0000 1.0000 0.0580 0.2501 2.2513 0.0349 0.0588 b 0.1990 2.5013 1.0370 3.5435 0.1973 0.2492 0.3279 0.2082 0.2456 0.3601 0.2274 0.1894 0.2462 
main 1.0000 8.0000 8.0000 6.0000 0.0000 6.0000 5.0000 1.0000 0.0474 0.2495 1.2476 0.0349 0.0588 b 0.2180 1.4976 1.1321 2.6232 0.2326 0.2714 0.1755 0.2712 0.2969 0.0000 0.0000 0.0000 0.0000 
