colour subNo block index seqDur seqDurTag nTargets nIOI rhythmicVarTAG seqSTD seqMeanIOI seqSumIOI stdLowbound stdUpbound pressedKey rt seqDuration startInterval trialDuration IOI1 IOI2 IOI3 IOI4 IOI5 IOI6 IOI7 IOI8 IOI9 IOI10 IOI11 IOI12 
masterclass 3.0000 1.0000 6.0000 5.0000 1.0000 5.0000 4.0000 2.0000 0.0990 0.2511 1.0045 0.0500 0.0900 m 0.1280 1.2545 1.6477 2.8969 0.2680 0.1584 0.1950 0.3830 0.0000 0.0000 0.0000 0.0000 0.0000 0.0000 0.0000 0.0000 
masterclass 3.0000 1.0000 13.0000 11.0000 2.0000 11.0000 10.0000 0.0000 0.0000 0.2500 2.5000 0.0500 0.0900 m 0.1360 2.7500 1.6266 4.3757 0.2500 0.2500 0.2500 0.2500 0.2500 0.2500 0.2500 0.2500 0.2500 0.2500 0.0000 0.0000 
masterclass 3.0000 1.0000 12.0000 10.0000 2.0000 10.0000 9.0000 2.0000 0.0910 0.2500 2.2499 0.0500 0.0900 m 0.1410 2.4999 1.5639 4.0589 0.1874 0.3043 0.3817 0.1665 0.3870 0.1621 0.1926 0.2829 0.1853 0.0000 0.0000 0.0000 
masterclass 3.0000 1.0000 18.0000 12.0000 2.0000 12.0000 11.0000 2.0000 0.0936 0.2504 2.7542 0.0500 0.0900 m 0.1440 3.0042 1.6066 4.5966 0.1560 0.2666 0.3626 0.1766 0.3815 0.1665 0.3556 0.1541 0.3306 0.2507 0.1535 0.0000 
masterclass 3.0000 1.0000 8.0000 6.0000 1.0000 6.0000 5.0000 1.0000 0.0473 0.2499 1.2493 0.0500 0.0900 m 0.1520 1.4993 1.6686 3.1585 0.2631 0.3164 0.2228 0.2569 0.1902 0.0000 0.0000 0.0000 0.0000 0.0000 0.0000 0.0000 
masterclass 3.0000 1.0000 1.0000 4.0000 1.0000 4.0000 3.0000 0.0000 0.0000 0.2500 0.7500 0.0500 0.0900 m 0.2300 1.0000 1.6685 2.6591 0.2500 0.2500 0.2500 0.0000 0.0000 0.0000 0.0000 0.0000 0.0000 0.0000 0.0000 0.0000 
masterclass 3.0000 1.0000 17.0000 12.0000 2.0000 12.0000 11.0000 1.0000 0.0420 0.2502 2.7519 0.0500 0.0900 m 0.1260 3.0019 1.7293 4.7277 0.2190 0.2760 0.2121 0.2665 0.2138 0.2738 0.1749 0.2716 0.2464 0.3268 0.2710 0.0000 
masterclass 3.0000 1.0000 15.0000 11.0000 2.0000 11.0000 10.0000 2.0000 0.0985 0.2500 2.5002 0.0500 0.0900 m 0.1600 2.7502 1.7074 4.4425 0.3947 0.1894 0.3922 0.1976 0.1644 0.2949 0.1568 0.1991 0.3530 0.1581 0.0000 0.0000 
masterclass 3.0000 1.0000 7.0000 6.0000 1.0000 6.0000 5.0000 0.0000 0.0000 0.2500 1.2500 0.0500 0.0900 m 0.1460 1.5000 1.6718 3.1591 0.2500 0.2500 0.2500 0.2500 0.2500 0.0000 0.0000 0.0000 0.0000 0.0000 0.0000 0.0000 
masterclass 3.0000 1.0000 5.0000 5.0000 1.0000 5.0000 4.0000 1.0000 0.0309 0.2505 1.0022 0.0500 0.0900 m 0.2390 1.2522 1.6615 2.9113 0.2275 0.2910 0.2585 0.2252 0.0000 0.0000 0.0000 0.0000 0.0000 0.0000 0.0000 0.0000 
masterclass 3.0000 1.0000 14.0000 11.0000 2.0000 11.0000 10.0000 1.0000 0.0492 0.2497 2.4970 0.0500 0.0900 m 0.1530 2.7470 1.6405 4.3728 0.2117 0.3167 0.2692 0.2169 0.2563 0.1863 0.2220 0.2675 0.3383 0.2120 0.0000 0.0000 
masterclass 3.0000 1.0000 3.0000 4.0000 1.0000 4.0000 3.0000 2.0000 0.0905 0.2505 0.7514 0.0500 0.0900 m 0.1770 1.0014 1.6488 2.6438 0.2700 0.3296 0.1518 0.0000 0.0000 0.0000 0.0000 0.0000 0.0000 0.0000 0.0000 0.0000 
masterclass 3.0000 1.0000 11.0000 10.0000 2.0000 10.0000 9.0000 1.0000 0.0480 0.2496 2.2461 0.0500 0.0900 m 0.1360 2.4961 1.6858 4.1720 0.2365 0.1892 0.3079 0.2700 0.2013 0.2803 0.2096 0.3233 0.2281 0.0000 0.0000 0.0000 
masterclass 3.0000 1.0000 16.0000 12.0000 2.0000 12.0000 11.0000 0.0000 0.0000 0.2500 2.7500 0.0500 0.0900 m 0.1100 3.0000 1.6582 4.6424 0.2500 0.2500 0.2500 0.2500 0.2500 0.2500 0.2500 0.2500 0.2500 0.2500 0.2500 0.0000 
masterclass 3.0000 1.0000 4.0000 5.0000 1.0000 5.0000 4.0000 0.0000 0.0000 0.2500 1.0000 0.0500 0.0900 m 0.1570 1.2500 1.6354 2.8756 0.2500 0.2500 0.2500 0.2500 0.0000 0.0000 0.0000 0.0000 0.0000 0.0000 0.0000 0.0000 
masterclass 3.0000 1.0000 2.0000 4.0000 1.0000 4.0000 3.0000 1.0000 0.0335 0.2510 0.7531 0.0500 0.0900 m 0.1490 1.0031 1.6187 2.6122 0.2454 0.2870 0.2207 0.0000 0.0000 0.0000 0.0000 0.0000 0.0000 0.0000 0.0000 0.0000 
masterclass 3.0000 1.0000 10.0000 10.0000 2.0000 10.0000 9.0000 0.0000 0.0000 0.2500 2.2500 0.0500 0.0900 m 0.1390 2.5000 1.7117 4.2090 0.2500 0.2500 0.2500 0.2500 0.2500 0.2500 0.2500 0.2500 0.2500 0.0000 0.0000 0.0000 
masterclass 3.0000 1.0000 9.0000 6.0000 1.0000 6.0000 5.0000 2.0000 0.0969 0.2506 1.2529 0.0500 0.0900 m 0.1270 1.5029 1.6207 3.1119 0.1616 0.3746 0.3279 0.2254 0.1633 0.0000 0.0000 0.0000 0.0000 0.0000 0.0000 0.0000 
masterclass 3.0000 2.0000 8.0000 6.0000 1.0000 6.0000 5.0000 1.0000 0.0429 0.2499 1.2495 0.0500 0.0900 m 0.1180 1.4995 1.5890 3.0752 0.2973 0.2347 0.1906 0.2411 0.2859 0.0000 0.0000 0.0000 0.0000 0.0000 0.0000 0.0000 
masterclass 3.0000 2.0000 17.0000 12.0000 2.0000 12.0000 11.0000 1.0000 0.0492 0.2499 2.7489 0.0500 0.0900 m 0.1090 2.9989 1.6682 4.6580 0.1821 0.3018 0.1646 0.2078 0.2973 0.2644 0.2997 0.2720 0.2167 0.2864 0.2559 0.0000 
masterclass 3.0000 2.0000 3.0000 4.0000 1.0000 4.0000 3.0000 2.0000 0.1165 0.2515 0.7545 0.0500 0.0900 m 0.1460 1.0045 1.7499 2.7469 0.1634 0.2075 0.3836 0.0000 0.0000 0.0000 0.0000 0.0000 0.0000 0.0000 0.0000 0.0000 
masterclass 3.0000 2.0000 11.0000 10.0000 2.0000 10.0000 9.0000 1.0000 0.0471 0.2497 2.2473 0.0500 0.0900 m 0.1410 2.4973 1.5253 4.0064 0.2969 0.2449 0.3003 0.2517 0.2024 0.2641 0.2969 0.2288 0.1613 0.0000 0.0000 0.0000 
masterclass 3.0000 2.0000 4.0000 5.0000 1.0000 5.0000 4.0000 0.0000 0.0000 0.2500 1.0000 0.0500 0.0900 m 0.1560 1.2500 1.6039 2.8425 0.2500 0.2500 0.2500 0.2500 0.0000 0.0000 0.0000 0.0000 0.0000 0.0000 0.0000 0.0000 
masterclass 3.0000 2.0000 16.0000 12.0000 2.0000 12.0000 11.0000 0.0000 0.0000 0.2500 2.7500 0.0500 0.0900 m 0.1080 3.0000 1.7437 4.7425 0.2500 0.2500 0.2500 0.2500 0.2500 0.2500 0.2500 0.2500 0.2500 0.2500 0.2500 0.0000 
masterclass 3.0000 2.0000 12.0000 10.0000 2.0000 10.0000 9.0000 2.0000 0.0913 0.2496 2.2464 0.0500 0.0900 m 0.1680 2.4964 1.6386 4.1221 0.1515 0.2084 0.2380 0.1671 0.3477 0.3945 0.3501 0.2233 0.1660 0.0000 0.0000 0.0000 
masterclass 3.0000 2.0000 2.0000 4.0000 1.0000 4.0000 3.0000 1.0000 0.0357 0.2498 0.7495 0.0500 0.0900 m 0.1550 0.9995 1.5105 2.5086 0.2557 0.2823 0.2116 0.0000 0.0000 0.0000 0.0000 0.0000 0.0000 0.0000 0.0000 0.0000 
masterclass 3.0000 2.0000 15.0000 11.0000 2.0000 11.0000 10.0000 2.0000 0.0946 0.2503 2.5035 0.0500 0.0900 m 0.1570 2.7535 1.5399 4.2791 0.2193 0.1634 0.1942 0.3104 0.1981 0.1597 0.3953 0.3099 0.1575 0.3956 0.0000 0.0000 
masterclass 3.0000 2.0000 5.0000 5.0000 1.0000 5.0000 4.0000 1.0000 0.0354 0.2510 1.0038 0.0500 0.0900 m 0.1430 1.2538 1.5078 2.7461 0.2199 0.2718 0.2221 0.2900 0.0000 0.0000 0.0000 0.0000 0.0000 0.0000 0.0000 0.0000 
masterclass 3.0000 2.0000 14.0000 11.0000 2.0000 11.0000 10.0000 1.0000 0.0474 0.2501 2.5010 0.0500 0.0900 m 0.1560 2.7510 1.5370 4.2769 0.2455 0.3322 0.2209 0.3167 0.2601 0.1806 0.2225 0.2533 0.2031 0.2662 0.0000 0.0000 
masterclass 3.0000 2.0000 10.0000 10.0000 2.0000 10.0000 9.0000 0.0000 0.0000 0.2500 2.2500 0.0500 0.0900 m 0.1550 2.5000 1.5215 4.0090 0.2500 0.2500 0.2500 0.2500 0.2500 0.2500 0.2500 0.2500 0.2500 0.0000 0.0000 0.0000 
masterclass 3.0000 2.0000 13.0000 11.0000 2.0000 11.0000 10.0000 0.0000 0.0000 0.2500 2.5000 0.0500 0.0900 m 0.1720 2.7500 1.6115 4.3591 0.2500 0.2500 0.2500 0.2500 0.2500 0.2500 0.2500 0.2500 0.2500 0.2500 0.0000 0.0000 
masterclass 3.0000 2.0000 6.0000 5.0000 1.0000 5.0000 4.0000 2.0000 0.1142 0.2512 1.0048 0.0500 0.0900 m 0.1540 1.2548 1.5798 2.8305 0.1539 0.3803 0.1564 0.3141 0.0000 0.0000 0.0000 0.0000 0.0000 0.0000 0.0000 0.0000 
masterclass 3.0000 2.0000 9.0000 6.0000 1.0000 6.0000 5.0000 2.0000 0.0991 0.2491 1.2454 0.0500 0.0900 m 0.1620 1.4954 1.7196 3.2046 0.3778 0.3307 0.1605 0.2080 0.1684 0.0000 0.0000 0.0000 0.0000 0.0000 0.0000 0.0000 
masterclass 3.0000 2.0000 18.0000 12.0000 2.0000 12.0000 11.0000 2.0000 0.0921 0.2499 2.7491 0.0500 0.0900 m 0.1330 2.9991 1.6983 4.6915 0.1880 0.1512 0.3641 0.3893 0.2641 0.1665 0.1993 0.1730 0.3968 0.2459 0.2109 0.0000 
masterclass 3.0000 2.0000 1.0000 4.0000 1.0000 4.0000 3.0000 0.0000 0.0000 0.2500 0.7500 0.0500 0.0900 m 0.1570 1.0000 1.6304 2.6258 0.2500 0.2500 0.2500 0.0000 0.0000 0.0000 0.0000 0.0000 0.0000 0.0000 0.0000 0.0000 
masterclass 3.0000 2.0000 7.0000 6.0000 1.0000 6.0000 5.0000 0.0000 0.0000 0.2500 1.2500 0.0500 0.0900 m 0.1310 1.5000 1.5450 3.0424 0.2500 0.2500 0.2500 0.2500 0.2500 0.0000 0.0000 0.0000 0.0000 0.0000 0.0000 0.0000 
masterclass 3.0000 3.0000 7.0000 6.0000 1.0000 6.0000 5.0000 0.0000 0.0000 0.2500 1.2500 0.0500 0.0900 m 0.1410 1.5000 1.6823 3.1759 0.2500 0.2500 0.2500 0.2500 0.2500 0.0000 0.0000 0.0000 0.0000 0.0000 0.0000 0.0000 
masterclass 3.0000 3.0000 11.0000 10.0000 2.0000 10.0000 9.0000 1.0000 0.0486 0.2496 2.2461 0.0500 0.0900 m 0.1390 2.4961 1.6359 4.1218 0.2054 0.2981 0.1945 0.3042 0.2440 0.3171 0.1950 0.2657 0.2221 0.0000 0.0000 0.0000 
masterclass 3.0000 3.0000 15.0000 11.0000 2.0000 11.0000 10.0000 2.0000 0.0979 0.2502 2.5015 0.0500 0.0900 m 0.1340 2.7515 1.5939 4.3440 0.1523 0.2550 0.3860 0.3343 0.1536 0.3839 0.1578 0.1922 0.1662 0.3203 0.0000 0.0000 
masterclass 3.0000 3.0000 13.0000 11.0000 2.0000 11.0000 10.0000 0.0000 0.0000 0.2500 2.5000 0.0500 0.0900 m 0.1450 2.7500 1.5553 4.2925 0.2500 0.2500 0.2500 0.2500 0.2500 0.2500 0.2500 0.2500 0.2500 0.2500 0.0000 0.0000 
masterclass 3.0000 3.0000 10.0000 10.0000 2.0000 10.0000 9.0000 0.0000 0.0000 0.2500 2.2500 0.0500 0.0900 m 0.1400 2.5000 1.6555 4.1423 0.2500 0.2500 0.2500 0.2500 0.2500 0.2500 0.2500 0.2500 0.2500 0.0000 0.0000 0.0000 
masterclass 3.0000 3.0000 5.0000 5.0000 1.0000 5.0000 4.0000 1.0000 0.0389 0.2506 1.0024 0.0500 0.0900 m 0.1860 1.2524 1.6055 2.8449 0.2774 0.1980 0.2446 0.2825 0.0000 0.0000 0.0000 0.0000 0.0000 0.0000 0.0000 0.0000 
masterclass 3.0000 3.0000 6.0000 5.0000 1.0000 5.0000 4.0000 2.0000 0.1038 0.2505 1.0021 0.0500 0.0900 m 0.1320 1.2521 1.5107 2.7611 0.1825 0.1536 0.2845 0.3815 0.0000 0.0000 0.0000 0.0000 0.0000 0.0000 0.0000 0.0000 
masterclass 3.0000 3.0000 1.0000 4.0000 1.0000 4.0000 3.0000 0.0000 0.0000 0.2500 0.7500 0.0500 0.0900 m 0.1390 1.0000 1.6426 2.6425 0.2500 0.2500 0.2500 0.0000 0.0000 0.0000 0.0000 0.0000 0.0000 0.0000 0.0000 0.0000 
masterclass 3.0000 3.0000 17.0000 12.0000 2.0000 12.0000 11.0000 1.0000 0.0442 0.2501 2.7506 0.0500 0.0900 m 0.1190 3.0006 1.6799 4.6764 0.1791 0.2759 0.2319 0.3232 0.2914 0.2459 0.2774 0.2192 0.1889 0.2384 0.2794 0.0000 
masterclass 3.0000 3.0000 12.0000 10.0000 2.0000 10.0000 9.0000 2.0000 0.0913 0.2498 2.2484 0.0500 0.0900 m 0.1010 2.4984 1.5502 4.0408 0.2181 0.1649 0.2788 0.2188 0.3883 0.1562 0.3956 0.2634 0.1644 0.0000 0.0000 0.0000 
masterclass 3.0000 3.0000 9.0000 6.0000 1.0000 6.0000 5.0000 2.0000 0.0970 0.2495 1.2476 0.0500 0.0900 m 0.1540 1.4976 1.6303 3.1233 0.1621 0.3405 0.1756 0.2018 0.3676 0.0000 0.0000 0.0000 0.0000 0.0000 0.0000 0.0000 
masterclass 3.0000 3.0000 2.0000 4.0000 1.0000 4.0000 3.0000 1.0000 0.0479 0.2484 0.7451 0.0500 0.0900 m 0.1370 0.9951 1.6945 2.6875 0.2989 0.2425 0.2037 0.0000 0.0000 0.0000 0.0000 0.0000 0.0000 0.0000 0.0000 0.0000 
masterclass 3.0000 3.0000 4.0000 5.0000 1.0000 5.0000 4.0000 0.0000 0.0000 0.2500 1.0000 0.0500 0.0900 m 0.1320 1.2500 1.6969 2.9425 0.2500 0.2500 0.2500 0.2500 0.0000 0.0000 0.0000 0.0000 0.0000 0.0000 0.0000 0.0000 
masterclass 3.0000 3.0000 16.0000 12.0000 2.0000 12.0000 11.0000 0.0000 0.0000 0.2500 2.7500 0.0500 0.0900 m 0.1150 3.0000 1.5779 4.5758 0.2500 0.2500 0.2500 0.2500 0.2500 0.2500 0.2500 0.2500 0.2500 0.2500 0.2500 0.0000 
masterclass 3.0000 3.0000 18.0000 12.0000 2.0000 12.0000 11.0000 2.0000 0.0943 0.2498 2.7483 0.0500 0.0900 m 0.1220 2.9983 1.5759 4.5740 0.1809 0.1504 0.3977 0.3509 0.1642 0.2326 0.1621 0.2276 0.1857 0.3864 0.3099 0.0000 
masterclass 3.0000 3.0000 3.0000 4.0000 1.0000 4.0000 3.0000 2.0000 0.0926 0.2489 0.7466 0.0500 0.0900 m 0.1570 0.9966 1.6417 2.6224 0.3487 0.2319 0.1659 0.0000 0.0000 0.0000 0.0000 0.0000 0.0000 0.0000 0.0000 0.0000 
masterclass 3.0000 3.0000 8.0000 6.0000 1.0000 6.0000 5.0000 1.0000 0.0456 0.2506 1.2531 0.0500 0.0900 m 0.1420 1.5031 1.6779 3.1789 0.2844 0.2299 0.2994 0.2547 0.1846 0.0000 0.0000 0.0000 0.0000 0.0000 0.0000 0.0000 
masterclass 3.0000 3.0000 14.0000 11.0000 2.0000 11.0000 10.0000 1.0000 0.0495 0.2500 2.5003 0.0500 0.0900 m 0.1270 2.7503 1.7282 4.4761 0.3120 0.2138 0.2527 0.3101 0.2095 0.2464 0.2076 0.2852 0.1684 0.2945 0.0000 0.0000 
masterclass 3.0000 4.0000 15.0000 11.0000 2.0000 11.0000 10.0000 2.0000 0.0910 0.2501 2.5010 0.0500 0.0900 m 0.1210 2.7510 1.5761 4.3268 0.2594 0.3750 0.1690 0.3361 0.3920 0.1629 0.2350 0.1543 0.2544 0.1629 0.0000 0.0000 
masterclass 3.0000 4.0000 17.0000 12.0000 2.0000 12.0000 11.0000 1.0000 0.0487 0.2498 2.7480 0.0500 0.0900 m 0.1390 2.9980 1.5364 4.5236 0.2878 0.2389 0.3419 0.2244 0.2910 0.2027 0.2603 0.2050 0.2370 0.1745 0.2846 0.0000 
masterclass 3.0000 4.0000 5.0000 5.0000 1.0000 5.0000 4.0000 1.0000 0.0399 0.2499 0.9997 0.0500 0.0900 m 0.1320 1.2497 1.5700 2.8087 0.2806 0.2468 0.1946 0.2776 0.0000 0.0000 0.0000 0.0000 0.0000 0.0000 0.0000 0.0000 
masterclass 3.0000 4.0000 18.0000 12.0000 2.0000 12.0000 11.0000 2.0000 0.0928 0.2498 2.7481 0.0500 0.0900 m 0.1320 2.9981 1.7429 4.7405 0.1564 0.3216 0.2239 0.3261 0.3965 0.1653 0.2842 0.1602 0.3711 0.1918 0.1508 0.0000 
masterclass 3.0000 4.0000 12.0000 10.0000 2.0000 10.0000 9.0000 2.0000 0.0954 0.2505 2.2546 0.0500 0.0900 m 0.1310 2.5046 1.6938 4.1971 0.1938 0.3859 0.2085 0.2785 0.1537 0.3469 0.1531 0.3673 0.1668 0.0000 0.0000 0.0000 
masterclass 3.0000 4.0000 7.0000 6.0000 1.0000 6.0000 5.0000 0.0000 0.0000 0.2500 1.2500 0.0500 0.0900 m 0.1160 1.5000 1.5029 2.9924 0.2500 0.2500 0.2500 0.2500 0.2500 0.0000 0.0000 0.0000 0.0000 0.0000 0.0000 0.0000 
masterclass 3.0000 4.0000 13.0000 11.0000 2.0000 11.0000 10.0000 0.0000 0.0000 0.2500 2.5000 0.0500 0.0900 m 0.1090 2.7500 1.6569 4.3924 0.2500 0.2500 0.2500 0.2500 0.2500 0.2500 0.2500 0.2500 0.2500 0.2500 0.0000 0.0000 
masterclass 3.0000 4.0000 16.0000 12.0000 2.0000 12.0000 11.0000 0.0000 0.0000 0.2500 2.7500 0.0500 0.0900 m 0.1280 3.0000 1.7406 4.7258 0.2500 0.2500 0.2500 0.2500 0.2500 0.2500 0.2500 0.2500 0.2500 0.2500 0.2500 0.0000 
masterclass 3.0000 4.0000 4.0000 5.0000 1.0000 5.0000 4.0000 0.0000 0.0000 0.2500 1.0000 0.0500 0.0900 m 0.1400 1.2500 1.7367 2.9759 0.2500 0.2500 0.2500 0.2500 0.0000 0.0000 0.0000 0.0000 0.0000 0.0000 0.0000 0.0000 
masterclass 3.0000 4.0000 6.0000 5.0000 1.0000 5.0000 4.0000 2.0000 0.1119 0.2503 1.0012 0.0500 0.0900 m 0.1180 1.2512 1.7028 2.9437 0.1550 0.2943 0.3884 0.1636 0.0000 0.0000 0.0000 0.0000 0.0000 0.0000 0.0000 0.0000 
masterclass 3.0000 4.0000 3.0000 4.0000 1.0000 4.0000 3.0000 2.0000 0.0910 0.2495 0.7484 0.0500 0.0900 m 0.1070 0.9984 1.7104 2.7075 0.2357 0.1662 0.3465 0.0000 0.0000 0.0000 0.0000 0.0000 0.0000 0.0000 0.0000 0.0000 
masterclass 3.0000 4.0000 8.0000 6.0000 1.0000 6.0000 5.0000 1.0000 0.0315 0.2494 1.2472 0.0500 0.0900 m 0.1010 1.4972 1.5136 3.0063 0.2964 0.2538 0.2166 0.2559 0.2246 0.0000 0.0000 0.0000 0.0000 0.0000 0.0000 0.0000 
masterclass 3.0000 4.0000 10.0000 10.0000 2.0000 10.0000 9.0000 0.0000 0.0000 0.2500 2.2500 0.0500 0.0900 m 0.1250 2.5000 1.5006 3.9925 0.2500 0.2500 0.2500 0.2500 0.2500 0.2500 0.2500 0.2500 0.2500 0.0000 0.0000 0.0000 
masterclass 3.0000 4.0000 1.0000 4.0000 1.0000 4.0000 3.0000 0.0000 0.0000 0.2500 0.7500 0.0500 0.0900 m 0.1230 1.0000 1.5171 2.5091 0.2500 0.2500 0.2500 0.0000 0.0000 0.0000 0.0000 0.0000 0.0000 0.0000 0.0000 0.0000 
masterclass 3.0000 4.0000 11.0000 10.0000 2.0000 10.0000 9.0000 1.0000 0.0457 0.2496 2.2463 0.0500 0.0900 m 0.1180 2.4963 1.6714 4.1553 0.2688 0.2039 0.2345 0.3099 0.1733 0.2946 0.2389 0.2939 0.2286 0.0000 0.0000 0.0000 
masterclass 3.0000 4.0000 9.0000 6.0000 1.0000 6.0000 5.0000 2.0000 0.1000 0.2493 1.2467 0.0500 0.0900 m 0.1250 1.4967 1.5869 3.0724 0.1514 0.3705 0.3263 0.1504 0.2481 0.0000 0.0000 0.0000 0.0000 0.0000 0.0000 0.0000 
masterclass 3.0000 4.0000 14.0000 11.0000 2.0000 11.0000 10.0000 1.0000 0.0447 0.2496 2.4965 0.0500 0.0900 m 0.1420 2.7465 1.5534 4.2888 0.1920 0.3225 0.2963 0.2495 0.2772 0.2345 0.2000 0.2454 0.1977 0.2815 0.0000 0.0000 
masterclass 3.0000 4.0000 2.0000 4.0000 1.0000 4.0000 3.0000 1.0000 0.0466 0.2499 0.7496 0.0500 0.0900 m 0.1310 0.9996 1.7145 2.7087 0.2043 0.2479 0.2974 0.0000 0.0000 0.0000 0.0000 0.0000 0.0000 0.0000 0.0000 0.0000 
masterclass 3.0000 5.0000 14.0000 11.0000 2.0000 11.0000 10.0000 1.0000 0.0472 0.2496 2.4965 0.0500 0.0900 m 0.1440 2.7465 1.5080 4.2389 0.2578 0.2206 0.2889 0.2501 0.3422 0.2612 0.2034 0.2732 0.2240 0.1750 0.0000 0.0000 
masterclass 3.0000 5.0000 10.0000 10.0000 2.0000 10.0000 9.0000 0.0000 0.0000 0.2500 2.2500 0.0500 0.0900 m 0.1340 2.5000 1.7114 4.2091 0.2500 0.2500 0.2500 0.2500 0.2500 0.2500 0.2500 0.2500 0.2500 0.0000 0.0000 0.0000 
masterclass 3.0000 5.0000 3.0000 4.0000 1.0000 4.0000 3.0000 2.0000 0.1255 0.2497 0.7490 0.0500 0.0900 m 0.1470 0.9990 1.5114 2.5080 0.1981 0.3928 0.1581 0.0000 0.0000 0.0000 0.0000 0.0000 0.0000 0.0000 0.0000 0.0000 
masterclass 3.0000 5.0000 8.0000 6.0000 1.0000 6.0000 5.0000 1.0000 0.0487 0.2499 1.2496 0.0500 0.0900 m 0.1280 1.4996 1.6068 3.0921 0.2238 0.2510 0.1846 0.2803 0.3100 0.0000 0.0000 0.0000 0.0000 0.0000 0.0000 0.0000 
masterclass 3.0000 5.0000 7.0000 6.0000 1.0000 6.0000 5.0000 0.0000 0.0000 0.2500 1.2500 0.0500 0.0900 m 0.1170 1.5000 1.5761 3.0757 0.2500 0.2500 0.2500 0.2500 0.2500 0.0000 0.0000 0.0000 0.0000 0.0000 0.0000 0.0000 
masterclass 3.0000 5.0000 15.0000 11.0000 2.0000 11.0000 10.0000 2.0000 0.0921 0.2503 2.5033 0.0500 0.0900 m 0.1240 2.7533 1.5242 4.2624 0.3749 0.1825 0.1568 0.2556 0.1612 0.3861 0.3535 0.1625 0.2682 0.2020 0.0000 0.0000 
masterclass 3.0000 5.0000 4.0000 5.0000 1.0000 5.0000 4.0000 0.0000 0.0000 0.2500 1.0000 0.0500 0.0900 m 0.1180 1.2500 1.7129 2.9592 0.2500 0.2500 0.2500 0.2500 0.0000 0.0000 0.0000 0.0000 0.0000 0.0000 0.0000 0.0000 
masterclass 3.0000 5.0000 12.0000 10.0000 2.0000 10.0000 9.0000 2.0000 0.0923 0.2496 2.2464 0.0500 0.0900 m 0.1360 2.4964 1.5249 4.0054 0.1700 0.3369 0.1513 0.3860 0.2597 0.1744 0.3701 0.2146 0.1834 0.0000 0.0000 0.0000 
masterclass 3.0000 5.0000 5.0000 5.0000 1.0000 5.0000 4.0000 1.0000 0.0482 0.2494 0.9974 0.0500 0.0900 m 0.1420 1.2474 1.6264 2.8732 0.2053 0.2528 0.2240 0.3154 0.0000 0.0000 0.0000 0.0000 0.0000 0.0000 0.0000 0.0000 
masterclass 3.0000 5.0000 13.0000 11.0000 2.0000 11.0000 10.0000 0.0000 0.0000 0.2500 2.5000 0.0500 0.0900 m 0.1320 2.7500 1.6823 4.4259 0.2500 0.2500 0.2500 0.2500 0.2500 0.2500 0.2500 0.2500 0.2500 0.2500 0.0000 0.0000 
masterclass 3.0000 5.0000 17.0000 12.0000 2.0000 12.0000 11.0000 1.0000 0.0496 0.2498 2.7483 0.0500 0.0900 m 0.1400 2.9983 1.5242 4.5074 0.2532 0.2191 0.3424 0.2826 0.1981 0.2514 0.2879 0.2140 0.1747 0.2265 0.2985 0.0000 
masterclass 3.0000 5.0000 1.0000 4.0000 1.0000 4.0000 3.0000 0.0000 0.0000 0.2500 0.7500 0.0500 0.0900 m 0.1280 1.0000 1.7373 2.7259 0.2500 0.2500 0.2500 0.0000 0.0000 0.0000 0.0000 0.0000 0.0000 0.0000 0.0000 0.0000 
masterclass 3.0000 5.0000 2.0000 4.0000 1.0000 4.0000 3.0000 1.0000 0.0393 0.2513 0.7540 0.0500 0.0900 m 0.1060 1.0040 1.6150 2.6131 0.2878 0.2097 0.2566 0.0000 0.0000 0.0000 0.0000 0.0000 0.0000 0.0000 0.0000 0.0000 
masterclass 3.0000 5.0000 6.0000 5.0000 1.0000 5.0000 4.0000 2.0000 0.0901 0.2509 1.0034 0.0500 0.0900 m 0.1240 1.2534 1.5401 2.7791 0.1930 0.3838 0.1971 0.2295 0.0000 0.0000 0.0000 0.0000 0.0000 0.0000 0.0000 0.0000 
masterclass 3.0000 5.0000 18.0000 12.0000 2.0000 12.0000 11.0000 2.0000 0.0923 0.2504 2.7546 0.0500 0.0900 m 0.1160 3.0046 1.5051 4.4969 0.2004 0.3781 0.1651 0.3184 0.2244 0.1558 0.2640 0.1602 0.3839 0.1555 0.3488 0.0000 
masterclass 3.0000 5.0000 11.0000 10.0000 2.0000 10.0000 9.0000 1.0000 0.0495 0.2496 2.2467 0.0500 0.0900 m 0.1190 2.4967 1.6832 4.1725 0.1862 0.2520 0.3327 0.2529 0.3104 0.2580 0.1878 0.2497 0.2170 0.0000 0.0000 0.0000 
masterclass 3.0000 5.0000 9.0000 6.0000 1.0000 6.0000 5.0000 2.0000 0.0952 0.2510 1.2550 0.0500 0.0900 m 0.1210 1.5050 1.5046 2.9973 0.2326 0.3624 0.1608 0.3371 0.1620 0.0000 0.0000 0.0000 0.0000 0.0000 0.0000 0.0000 
masterclass 3.0000 5.0000 16.0000 12.0000 2.0000 12.0000 11.0000 0.0000 0.0000 0.2500 2.7500 0.0500 0.0900 m 0.1170 3.0000 1.6862 4.6758 0.2500 0.2500 0.2500 0.2500 0.2500 0.2500 0.2500 0.2500 0.2500 0.2500 0.2500 0.0000 
