group subNo block index seqDur shortLong nTargets nIOI rhythmicVarTAG seqSTD seqMeanIOI seqSumIOI Lowbound Upbound pressedKey rt seqDuration startInterval trialDuration IOI1 IOI2 IOI3 IOI4 IOI5 IOI6 IOI7 IOI8 IOI9 
main 8.0000 1.0000 2.0000 4.0000 0.0000 4.0000 3.0000 1.0000 0.0550 0.2488 0.7463 0.0349 0.0588 b 0.2360 0.9963 1.4439 1.4355 0.3096 0.2024 0.2343 0.0000 0.0000 0.0000 0.0000 0.0000 0.0000 
main 8.0000 1.0000 35.0000 8.0000 1.0000 8.0000 7.0000 1.0000 0.0508 0.2504 1.7531 0.0349 0.0588 b 0.1620 2.0031 1.0664 1.0581 0.2805 0.1736 0.2045 0.2926 0.2649 0.3127 0.2242 0.0000 0.0000 
main 8.0000 1.0000 34.0000 8.0000 1.0000 8.0000 7.0000 0.0000 0.0000 0.2500 1.7500 0.0000 0.0000 b 0.1450 2.0000 1.3463 1.3380 0.2500 0.2500 0.2500 0.2500 0.2500 0.2500 0.2500 0.0000 0.0000 
main 8.0000 1.0000 28.0000 6.0000 0.0000 6.0000 5.0000 0.0000 0.0000 0.2500 1.2500 0.0000 0.0000 b 0.2190 1.5000 1.2373 1.2290 0.2500 0.2500 0.2500 0.2500 0.2500 0.0000 0.0000 0.0000 0.0000 
main 8.0000 1.0000 25.0000 5.0000 0.0000 5.0000 4.0000 0.0000 0.0000 0.2500 1.0000 0.0000 0.0000 b 0.2050 1.2500 1.1001 1.0918 0.2500 0.2500 0.2500 0.2500 0.0000 0.0000 0.0000 0.0000 0.0000 
main 8.0000 1.0000 46.0000 5.0000 0.0000 5.0000 4.0000 0.0000 0.0000 0.2500 1.0000 0.0000 0.0000 b 0.1490 1.2500 1.1275 1.1192 0.2500 0.2500 0.2500 0.2500 0.0000 0.0000 0.0000 0.0000 0.0000 
main 8.0000 1.0000 27.0000 5.0000 0.0000 5.0000 4.0000 2.0000 0.0938 0.2511 1.0042 0.0906 0.1145 b 0.1770 1.2542 1.1600 1.1517 0.1971 0.3567 0.1510 0.2994 0.0000 0.0000 0.0000 0.0000 0.0000 
main 8.0000 1.0000 38.0000 9.0000 1.0000 9.0000 8.0000 1.0000 0.0462 0.2501 2.0011 0.0349 0.0588 b 0.2170 2.2511 1.0327 1.0244 0.2487 0.1968 0.2811 0.3165 0.2376 0.1793 0.2516 0.2896 0.0000 
main 8.0000 1.0000 12.0000 7.0000 1.0000 7.0000 6.0000 2.0000 0.0957 0.2499 1.4992 0.0906 0.1145 b 0.1970 1.7492 1.3164 1.3081 0.1560 0.2352 0.1556 0.2314 0.3215 0.3995 0.0000 0.0000 0.0000 
main 8.0000 1.0000 32.0000 7.0000 1.0000 7.0000 6.0000 1.0000 0.0411 0.2496 1.4976 0.0349 0.0588 b 0.1260 1.7476 1.4507 1.4423 0.2552 0.2158 0.2893 0.1942 0.3005 0.2426 0.0000 0.0000 0.0000 
main 8.0000 1.0000 9.0000 6.0000 0.0000 6.0000 5.0000 2.0000 0.1098 0.2493 1.2466 0.0906 0.1145 b 0.2290 1.4966 1.1308 1.1224 0.2018 0.3603 0.1525 0.3749 0.1570 0.0000 0.0000 0.0000 0.0000 
main 8.0000 1.0000 51.0000 6.0000 0.0000 6.0000 5.0000 2.0000 0.0972 0.2501 1.2504 0.0906 0.1145 b 0.1900 1.5004 1.0665 1.0581 0.2123 0.3241 0.1595 0.3802 0.1743 0.0000 0.0000 0.0000 0.0000 
main 8.0000 1.0000 54.0000 7.0000 1.0000 7.0000 6.0000 2.0000 0.0949 0.2497 1.4979 0.0906 0.1145 b 0.1970 1.7479 1.3223 1.3140 0.2207 0.1908 0.3838 0.3539 0.1575 0.1914 0.0000 0.0000 0.0000 
main 8.0000 1.0000 42.0000 10.0000 2.0000 10.0000 9.0000 2.0000 0.0936 0.2495 2.2456 0.0906 0.1145 b 0.1280 2.4956 1.0677 1.0594 0.1589 0.2087 0.3884 0.1671 0.3374 0.3846 0.2072 0.1772 0.2160 
main 8.0000 1.0000 49.0000 6.0000 0.0000 6.0000 5.0000 0.0000 0.0000 0.2500 1.2500 0.0000 0.0000 b 0.2100 1.5000 1.2180 1.2097 0.2500 0.2500 0.2500 0.2500 0.2500 0.0000 0.0000 0.0000 0.0000 
main 8.0000 1.0000 47.0000 5.0000 0.0000 5.0000 4.0000 1.0000 0.0580 0.2505 1.0021 0.0349 0.0588 b 0.1780 1.2521 1.4662 1.4579 0.3033 0.2729 0.1684 0.2575 0.0000 0.0000 0.0000 0.0000 0.0000 
main 8.0000 1.0000 29.0000 6.0000 0.0000 6.0000 5.0000 1.0000 0.0469 0.2492 1.2462 0.0349 0.0588 b 0.1260 1.4962 1.2563 1.2479 0.2513 0.1928 0.2746 0.3113 0.2161 0.0000 0.0000 0.0000 0.0000 
main 8.0000 1.0000 3.0000 4.0000 0.0000 4.0000 3.0000 2.0000 0.0943 0.2497 0.7492 0.0906 0.1145 b 0.2400 0.9992 1.1480 1.1397 0.3530 0.2281 0.1681 0.0000 0.0000 0.0000 0.0000 0.0000 0.0000 
main 8.0000 1.0000 45.0000 4.0000 0.0000 4.0000 3.0000 2.0000 0.0945 0.2485 0.7456 0.0906 0.1145 b 0.2000 0.9956 1.0663 1.0579 0.2155 0.3551 0.1749 0.0000 0.0000 0.0000 0.0000 0.0000 0.0000 
main 8.0000 1.0000 20.0000 10.0000 2.0000 10.0000 9.0000 1.0000 0.0576 0.2495 2.2451 0.0349 0.0588 b 0.1920 2.4951 1.3500 1.3417 0.2842 0.3110 0.2809 0.1997 0.2541 0.1695 0.2665 0.1648 0.3145 
main 8.0000 1.0000 59.0000 9.0000 1.0000 9.0000 8.0000 1.0000 0.0523 0.2500 2.0002 0.0349 0.0588 b 0.4310 2.2502 1.0738 1.0654 0.2790 0.2346 0.2745 0.2106 0.3402 0.1993 0.2781 0.1838 0.0000 
main 8.0000 1.0000 55.0000 8.0000 1.0000 8.0000 7.0000 0.0000 0.0000 0.2500 1.7500 0.0000 0.0000 b 0.1740 2.0000 1.4465 1.4381 0.2500 0.2500 0.2500 0.2500 0.2500 0.2500 0.2500 0.0000 0.0000 
main 8.0000 1.0000 18.0000 9.0000 1.0000 9.0000 8.0000 2.0000 0.1004 0.2495 1.9959 0.0906 0.1145 b 0.2010 2.2459 1.4612 1.4528 0.2308 0.1523 0.3628 0.1787 0.3501 0.1724 0.3876 0.1613 0.0000 
main 8.0000 1.0000 30.0000 6.0000 0.0000 6.0000 5.0000 2.0000 0.0952 0.2498 1.2490 0.0906 0.1145 b 0.2050 1.4990 1.2687 1.2604 0.1555 0.3929 0.2796 0.2486 0.1724 0.0000 0.0000 0.0000 0.0000 
main 8.0000 1.0000 48.0000 5.0000 0.0000 5.0000 4.0000 2.0000 0.0907 0.2512 1.0047 0.0906 0.1145 b 0.1820 1.2547 1.3735 1.3652 0.2619 0.1896 0.3753 0.1779 0.0000 0.0000 0.0000 0.0000 0.0000 
main 8.0000 1.0000 8.0000 6.0000 0.0000 6.0000 5.0000 1.0000 0.0455 0.2494 1.2471 0.0349 0.0588 b 0.1600 1.4971 1.1142 1.1058 0.2595 0.1984 0.2556 0.3165 0.2171 0.0000 0.0000 0.0000 0.0000 
main 8.0000 1.0000 31.0000 7.0000 1.0000 7.0000 6.0000 0.0000 0.0000 0.2500 1.5000 0.0000 0.0000 b 0.1610 1.7500 1.0990 1.0906 0.2500 0.2500 0.2500 0.2500 0.2500 0.2500 0.0000 0.0000 0.0000 
main 8.0000 1.0000 19.0000 10.0000 2.0000 10.0000 9.0000 0.0000 0.0000 0.2500 2.2500 0.0000 0.0000 b 0.2070 2.5000 1.4223 1.4139 0.2500 0.2500 0.2500 0.2500 0.2500 0.2500 0.2500 0.2500 0.2500 
main 8.0000 1.0000 63.0000 10.0000 2.0000 10.0000 9.0000 2.0000 0.0907 0.2505 2.2548 0.0906 0.1145 b 0.2120 2.5048 1.3557 1.3474 0.1530 0.2265 0.2945 0.3483 0.3926 0.1811 0.3225 0.1518 0.1846 
main 8.0000 1.0000 22.0000 4.0000 0.0000 4.0000 3.0000 0.0000 0.0000 0.2500 0.7500 0.0000 0.0000 b 0.2380 1.0000 1.2656 1.2573 0.2500 0.2500 0.2500 0.0000 0.0000 0.0000 0.0000 0.0000 0.0000 
main 8.0000 1.0000 33.0000 7.0000 1.0000 7.0000 6.0000 2.0000 0.0909 0.2495 1.4968 0.0906 0.1145 b 0.1820 1.7468 1.4989 1.4905 0.2015 0.3519 0.1564 0.3750 0.2195 0.1927 0.0000 0.0000 0.0000 
main 8.0000 1.0000 56.0000 8.0000 1.0000 8.0000 7.0000 1.0000 0.0548 0.2495 1.7467 0.0349 0.0588 b 0.1660 1.9967 1.2642 1.2559 0.1824 0.2564 0.2903 0.3394 0.2335 0.1907 0.2540 0.0000 0.0000 
main 8.0000 1.0000 17.0000 9.0000 1.0000 9.0000 8.0000 1.0000 0.0488 0.2498 1.9987 0.0349 0.0588 b 0.1820 2.2487 1.4220 1.4136 0.2400 0.2136 0.2468 0.2123 0.2419 0.2101 0.2769 0.3570 0.0000 
main 8.0000 1.0000 57.0000 8.0000 1.0000 8.0000 7.0000 2.0000 0.0939 0.2494 1.7460 0.0906 0.1145 b 0.2330 1.9960 1.2202 1.2119 0.3983 0.1626 0.2402 0.3542 0.1976 0.1527 0.2404 0.0000 0.0000 
main 8.0000 1.0000 11.0000 7.0000 1.0000 7.0000 6.0000 1.0000 0.0468 0.2506 1.5038 0.0349 0.0588 b 0.1940 1.7538 1.4642 1.4559 0.2011 0.2712 0.2100 0.3198 0.2221 0.2795 0.0000 0.0000 0.0000 
main 8.0000 1.0000 21.0000 10.0000 2.0000 10.0000 9.0000 2.0000 0.0912 0.2501 2.2507 0.0906 0.1145 b 0.1330 2.5007 1.2875 1.2791 0.1519 0.3944 0.2351 0.3585 0.2666 0.1933 0.3231 0.1506 0.1772 
main 8.0000 1.0000 53.0000 7.0000 1.0000 7.0000 6.0000 1.0000 0.0442 0.2492 1.4952 0.0349 0.0588 b 0.1990 1.7452 1.0601 1.0517 0.2346 0.2929 0.1938 0.3012 0.2087 0.2640 0.0000 0.0000 0.0000 
main 8.0000 1.0000 61.0000 10.0000 2.0000 10.0000 9.0000 0.0000 0.0000 0.2500 2.2500 0.0000 0.0000 b 0.1290 2.5000 1.4873 1.4789 0.2500 0.2500 0.2500 0.2500 0.2500 0.2500 0.2500 0.2500 0.2500 
main 8.0000 1.0000 62.0000 10.0000 2.0000 10.0000 9.0000 1.0000 0.0540 0.2497 2.2475 0.0349 0.0588 b 0.1740 2.4975 1.0908 1.0824 0.3144 0.3407 0.1970 0.2899 0.2105 0.2473 0.2004 0.2475 0.1999 
main 8.0000 1.0000 14.0000 8.0000 1.0000 8.0000 7.0000 1.0000 0.0536 0.2500 1.7503 0.0349 0.0588 b 0.2050 2.0003 1.1129 1.1045 0.2331 0.3203 0.2036 0.2437 0.1762 0.3156 0.2577 0.0000 0.0000 
main 8.0000 1.0000 41.0000 10.0000 2.0000 10.0000 9.0000 1.0000 0.0587 0.2504 2.2539 0.0349 0.0588 b 0.2250 2.5039 1.4420 1.4336 0.2546 0.3491 0.1715 0.2866 0.1895 0.2311 0.3089 0.2631 0.1996 
main 8.0000 1.0000 36.0000 8.0000 1.0000 8.0000 7.0000 2.0000 0.0922 0.2502 1.7515 0.0906 0.1145 b 0.2510 2.0015 1.3941 1.3857 0.3670 0.2426 0.1910 0.2277 0.1753 0.3891 0.1589 0.0000 0.0000 
main 8.0000 1.0000 5.0000 5.0000 0.0000 5.0000 4.0000 1.0000 0.0525 0.2499 0.9997 0.0349 0.0588 b 0.2170 1.2497 1.4165 1.4081 0.2794 0.1846 0.3032 0.2325 0.0000 0.0000 0.0000 0.0000 0.0000 
main 8.0000 1.0000 39.0000 9.0000 1.0000 9.0000 8.0000 2.0000 0.0981 0.2494 1.9951 0.0906 0.1145 b 0.1500 2.2451 1.4479 1.4395 0.2144 0.3678 0.1739 0.3895 0.1601 0.3372 0.1631 0.1891 0.0000 
main 8.0000 1.0000 6.0000 5.0000 0.0000 5.0000 4.0000 2.0000 0.0969 0.2502 1.0008 0.0906 0.1145 b 0.2250 1.2508 1.2593 1.2510 0.2528 0.2044 0.1598 0.3839 0.0000 0.0000 0.0000 0.0000 0.0000 
main 8.0000 1.0000 7.0000 6.0000 0.0000 6.0000 5.0000 0.0000 0.0000 0.2500 1.2500 0.0000 0.0000 b 0.2850 1.5000 1.2153 1.2070 0.2500 0.2500 0.2500 0.2500 0.2500 0.0000 0.0000 0.0000 0.0000 
main 8.0000 1.0000 26.0000 5.0000 0.0000 5.0000 4.0000 1.0000 0.0456 0.2506 1.0023 0.0349 0.0588 b 0.2100 1.2523 1.0486 1.0403 0.2794 0.1896 0.2909 0.2424 0.0000 0.0000 0.0000 0.0000 0.0000 
main 8.0000 1.0000 1.0000 4.0000 0.0000 4.0000 3.0000 0.0000 0.0000 0.2500 0.7500 0.0000 0.0000 b 0.2170 1.0000 1.1413 1.1330 0.2500 0.2500 0.2500 0.0000 0.0000 0.0000 0.0000 0.0000 0.0000 
main 8.0000 1.0000 40.0000 10.0000 2.0000 10.0000 9.0000 0.0000 0.0000 0.2500 2.2500 0.0000 0.0000 b 0.1900 2.5000 1.0339 1.0256 0.2500 0.2500 0.2500 0.2500 0.2500 0.2500 0.2500 0.2500 0.2500 
main 8.0000 1.0000 44.0000 4.0000 0.0000 4.0000 3.0000 1.0000 0.0443 0.2503 0.7509 0.0349 0.0588 b 0.2330 1.0009 1.2156 1.2073 0.2389 0.2992 0.2129 0.0000 0.0000 0.0000 0.0000 0.0000 0.0000 
main 8.0000 1.0000 50.0000 6.0000 0.0000 6.0000 5.0000 1.0000 0.0474 0.2507 1.2537 0.0349 0.0588 b 0.1640 1.5037 1.0451 1.0368 0.2118 0.2822 0.2115 0.3179 0.2304 0.0000 0.0000 0.0000 0.0000 
main 8.0000 1.0000 23.0000 4.0000 0.0000 4.0000 3.0000 1.0000 0.0432 0.2491 0.7472 0.0349 0.0588 b 0.1520 0.9972 1.3866 1.3783 0.2698 0.1994 0.2779 0.0000 0.0000 0.0000 0.0000 0.0000 0.0000 
main 8.0000 1.0000 13.0000 8.0000 1.0000 8.0000 7.0000 0.0000 0.0000 0.2500 1.7500 0.0000 0.0000 b 0.1480 2.0000 1.4123 1.4039 0.2500 0.2500 0.2500 0.2500 0.2500 0.2500 0.2500 0.0000 0.0000 
main 8.0000 1.0000 58.0000 9.0000 1.0000 9.0000 8.0000 0.0000 0.0000 0.2500 2.0000 0.0000 0.0000 b 0.1720 2.2500 1.4432 1.4349 0.2500 0.2500 0.2500 0.2500 0.2500 0.2500 0.2500 0.2500 0.0000 
main 8.0000 1.0000 10.0000 7.0000 1.0000 7.0000 6.0000 0.0000 0.0000 0.2500 1.5000 0.0000 0.0000 b 0.1720 1.7500 1.3411 1.3328 0.2500 0.2500 0.2500 0.2500 0.2500 0.2500 0.0000 0.0000 0.0000 
main 8.0000 1.0000 24.0000 4.0000 0.0000 4.0000 3.0000 2.0000 0.0958 0.2513 0.7538 0.0906 0.1145 b 0.1930 1.0038 1.1753 1.1670 0.1638 0.2363 0.3537 0.0000 0.0000 0.0000 0.0000 0.0000 0.0000 
main 8.0000 1.0000 16.0000 9.0000 1.0000 9.0000 8.0000 0.0000 0.0000 0.2500 2.0000 0.0000 0.0000 b 0.1890 2.2500 1.1093 1.1010 0.2500 0.2500 0.2500 0.2500 0.2500 0.2500 0.2500 0.2500 0.0000 
main 8.0000 1.0000 37.0000 9.0000 1.0000 9.0000 8.0000 0.0000 0.0000 0.2500 2.0000 0.0000 0.0000 b 0.1650 2.2500 1.1805 1.1722 0.2500 0.2500 0.2500 0.2500 0.2500 0.2500 0.2500 0.2500 0.0000 
main 8.0000 1.0000 52.0000 7.0000 1.0000 7.0000 6.0000 0.0000 0.0000 0.2500 1.5000 0.0000 0.0000 b 0.3510 1.7500 1.1229 1.1145 0.2500 0.2500 0.2500 0.2500 0.2500 0.2500 0.0000 0.0000 0.0000 
main 8.0000 1.0000 60.0000 9.0000 1.0000 9.0000 8.0000 2.0000 0.0913 0.2494 1.9951 0.0906 0.1145 b 0.1900 2.2451 1.2660 1.2577 0.2929 0.3998 0.1772 0.1516 0.3385 0.2022 0.1587 0.2743 0.0000 
main 8.0000 1.0000 43.0000 4.0000 0.0000 4.0000 3.0000 0.0000 0.0000 0.2500 0.7500 0.0000 0.0000 b 0.3090 1.0000 1.1522 1.1438 0.2500 0.2500 0.2500 0.0000 0.0000 0.0000 0.0000 0.0000 0.0000 
main 8.0000 1.0000 15.0000 8.0000 1.0000 8.0000 7.0000 2.0000 0.1032 0.2505 1.7536 0.0906 0.1145 b 0.3250 2.0036 1.1433 1.1349 0.3729 0.2081 0.1790 0.2872 0.1559 0.3987 0.1518 0.0000 0.0000 
main 8.0000 1.0000 4.0000 5.0000 0.0000 5.0000 4.0000 0.0000 0.0000 0.2500 1.0000 0.0000 0.0000 b 0.2180 1.2500 1.1640 1.1556 0.2500 0.2500 0.2500 0.2500 0.0000 0.0000 0.0000 0.0000 0.0000 
main 8.0000 2.0000 17.0000 9.0000 1.0000 9.0000 8.0000 1.0000 0.0581 0.2496 1.9965 0.0349 0.0588 b 0.1400 2.2465 1.2043 1.1960 0.2611 0.3018 0.2339 0.1552 0.2320 0.3116 0.1893 0.3117 0.0000 
main 8.0000 2.0000 35.0000 8.0000 1.0000 8.0000 7.0000 1.0000 0.0570 0.2501 1.7510 0.0349 0.0588 b 0.1540 2.0010 1.1008 1.0924 0.2415 0.3551 0.2634 0.2312 0.2635 0.2318 0.1645 0.0000 0.0000 
main 8.0000 2.0000 49.0000 6.0000 0.0000 6.0000 5.0000 0.0000 0.0000 0.2500 1.2500 0.0000 0.0000 b 0.2330 1.5000 1.0411 1.0328 0.2500 0.2500 0.2500 0.2500 0.2500 0.0000 0.0000 0.0000 0.0000 
main 8.0000 2.0000 16.0000 9.0000 1.0000 9.0000 8.0000 0.0000 0.0000 0.2500 2.0000 0.0000 0.0000 b 0.1600 2.2500 1.4116 1.4033 0.2500 0.2500 0.2500 0.2500 0.2500 0.2500 0.2500 0.2500 0.0000 
main 8.0000 2.0000 31.0000 7.0000 1.0000 7.0000 6.0000 0.0000 0.0000 0.2500 1.5000 0.0000 0.0000 b 0.2430 1.7500 1.4606 1.4523 0.2500 0.2500 0.2500 0.2500 0.2500 0.2500 0.0000 0.0000 0.0000 
main 8.0000 2.0000 50.0000 6.0000 0.0000 6.0000 5.0000 1.0000 0.0441 0.2494 1.2472 0.0349 0.0588 b 0.1970 1.4972 1.2929 1.2846 0.2517 0.2005 0.3184 0.2525 0.2242 0.0000 0.0000 0.0000 0.0000 
main 8.0000 2.0000 23.0000 4.0000 0.0000 4.0000 3.0000 1.0000 0.0422 0.2511 0.7534 0.0349 0.0588 b 0.2400 1.0034 1.2197 1.2114 0.2967 0.2434 0.2133 0.0000 0.0000 0.0000 0.0000 0.0000 0.0000 
main 8.0000 2.0000 21.0000 10.0000 2.0000 10.0000 9.0000 2.0000 0.0927 0.2504 2.2533 0.0906 0.1145 NA E 2.5033 1.1207 1.1124 0.2362 0.1622 0.1884 0.3959 0.2894 0.1578 0.2733 0.1656 0.3845 
main 8.0000 2.0000 61.0000 10.0000 2.0000 10.0000 9.0000 0.0000 0.0000 0.2500 2.2500 0.0000 0.0000 b 0.4300 2.5000 1.1199 1.1115 0.2500 0.2500 0.2500 0.2500 0.2500 0.2500 0.2500 0.2500 0.2500 
main 8.0000 2.0000 24.0000 4.0000 0.0000 4.0000 3.0000 2.0000 0.0928 0.2490 0.7470 0.0906 0.1145 b 0.3540 0.9970 1.3184 1.3101 0.1648 0.2337 0.3486 0.0000 0.0000 0.0000 0.0000 0.0000 0.0000 
main 8.0000 2.0000 12.0000 7.0000 1.0000 7.0000 6.0000 2.0000 0.0922 0.2504 1.5023 0.0906 0.1145 b 0.3200 1.7523 1.2202 1.2119 0.1838 0.1559 0.3633 0.2453 0.1906 0.3634 0.0000 0.0000 0.0000 
main 8.0000 2.0000 19.0000 10.0000 2.0000 10.0000 9.0000 0.0000 0.0000 0.2500 2.2500 0.0000 0.0000 b 0.6190 2.5000 1.4021 1.3937 0.2500 0.2500 0.2500 0.2500 0.2500 0.2500 0.2500 0.2500 0.2500 
main 8.0000 2.0000 57.0000 8.0000 1.0000 8.0000 7.0000 2.0000 0.1031 0.2494 1.7460 0.0906 0.1145 b 0.2340 1.9960 1.4106 1.4023 0.1831 0.3905 0.1862 0.3890 0.1561 0.2736 0.1675 0.0000 0.0000 
main 8.0000 2.0000 27.0000 5.0000 0.0000 5.0000 4.0000 2.0000 0.1123 0.2502 1.0010 0.0906 0.1145 b 0.2420 1.2510 1.4160 1.4076 0.1594 0.3837 0.3026 0.1553 0.0000 0.0000 0.0000 0.0000 0.0000 
main 8.0000 2.0000 48.0000 5.0000 0.0000 5.0000 4.0000 2.0000 0.1140 0.2504 1.0017 0.0906 0.1145 b 0.2490 1.2517 1.0362 1.0279 0.1507 0.3656 0.1543 0.3311 0.0000 0.0000 0.0000 0.0000 0.0000 
main 8.0000 2.0000 53.0000 7.0000 1.0000 7.0000 6.0000 1.0000 0.0437 0.2508 1.5046 0.0349 0.0588 b 0.1830 1.7546 1.4852 1.4768 0.1984 0.2992 0.2254 0.2881 0.2120 0.2815 0.0000 0.0000 0.0000 
main 8.0000 2.0000 20.0000 10.0000 2.0000 10.0000 9.0000 1.0000 0.0553 0.2500 2.2500 0.0349 0.0588 b 0.2010 2.5000 1.4707 1.4624 0.2218 0.2734 0.2278 0.3009 0.3522 0.1956 0.2245 0.2764 0.1774 
main 8.0000 2.0000 56.0000 8.0000 1.0000 8.0000 7.0000 1.0000 0.0580 0.2505 1.7537 0.0349 0.0588 b 0.1910 2.0037 1.4826 1.4743 0.1835 0.2817 0.3115 0.2026 0.2328 0.3323 0.2092 0.0000 0.0000 
main 8.0000 2.0000 13.0000 8.0000 1.0000 8.0000 7.0000 0.0000 0.0000 0.2500 1.7500 0.0000 0.0000 b 0.2180 2.0000 1.1681 1.1597 0.2500 0.2500 0.2500 0.2500 0.2500 0.2500 0.2500 0.0000 0.0000 
main 8.0000 2.0000 18.0000 9.0000 1.0000 9.0000 8.0000 2.0000 0.0940 0.2502 2.0019 0.0906 0.1145 b 0.2140 2.2519 1.2938 1.2854 0.1693 0.3790 0.1824 0.2470 0.1992 0.2787 0.1515 0.3948 0.0000 
main 8.0000 2.0000 8.0000 6.0000 0.0000 6.0000 5.0000 1.0000 0.0469 0.2505 1.2523 0.0349 0.0588 b 0.2200 1.5023 1.2290 1.2206 0.2054 0.2440 0.3004 0.2053 0.2971 0.0000 0.0000 0.0000 0.0000 
main 8.0000 2.0000 47.0000 5.0000 0.0000 5.0000 4.0000 1.0000 0.0550 0.2508 1.0031 0.0349 0.0588 b 0.2410 1.2531 1.4349 1.4266 0.2648 0.3126 0.2458 0.1798 0.0000 0.0000 0.0000 0.0000 0.0000 
main 8.0000 2.0000 29.0000 6.0000 0.0000 6.0000 5.0000 1.0000 0.0500 0.2500 1.2502 0.0349 0.0588 b 0.3150 1.5002 1.4941 1.4858 0.3143 0.2773 0.1869 0.2169 0.2547 0.0000 0.0000 0.0000 0.0000 
main 8.0000 2.0000 11.0000 7.0000 1.0000 7.0000 6.0000 1.0000 0.0541 0.2504 1.5026 0.0349 0.0588 b 0.2100 1.7526 1.0569 1.0485 0.2990 0.1651 0.3074 0.2257 0.2763 0.2291 0.0000 0.0000 0.0000 
main 8.0000 2.0000 60.0000 9.0000 1.0000 9.0000 8.0000 2.0000 0.0931 0.2504 2.0029 0.0906 0.1145 b 0.2750 2.2529 1.3227 1.3144 0.1648 0.1938 0.3928 0.2357 0.3425 0.1796 0.3366 0.1570 0.0000 
main 8.0000 2.0000 33.0000 7.0000 1.0000 7.0000 6.0000 2.0000 0.0949 0.2508 1.5049 0.0906 0.1145 b 0.2850 1.7549 1.1664 1.1581 0.1589 0.3544 0.1558 0.1830 0.3065 0.3464 0.0000 0.0000 0.0000 
main 8.0000 2.0000 22.0000 4.0000 0.0000 4.0000 3.0000 0.0000 0.0000 0.2500 0.7500 0.0000 0.0000 b 0.2320 1.0000 1.3351 1.3267 0.2500 0.2500 0.2500 0.0000 0.0000 0.0000 0.0000 0.0000 0.0000 
main 8.0000 2.0000 55.0000 8.0000 1.0000 8.0000 7.0000 0.0000 0.0000 0.2500 1.7500 0.0000 0.0000 b 0.1980 2.0000 1.0845 1.0761 0.2500 0.2500 0.2500 0.2500 0.2500 0.2500 0.2500 0.0000 0.0000 
main 8.0000 2.0000 10.0000 7.0000 1.0000 7.0000 6.0000 0.0000 0.0000 0.2500 1.5000 0.0000 0.0000 b 0.1510 1.7500 1.2990 1.2906 0.2500 0.2500 0.2500 0.2500 0.2500 0.2500 0.0000 0.0000 0.0000 
main 8.0000 2.0000 36.0000 8.0000 1.0000 8.0000 7.0000 2.0000 0.0909 0.2502 1.7513 0.0906 0.1145 b 0.1800 2.0013 1.2066 1.1983 0.2721 0.3911 0.2107 0.3457 0.1625 0.2180 0.1511 0.0000 0.0000 
main 8.0000 2.0000 3.0000 4.0000 0.0000 4.0000 3.0000 2.0000 0.1123 0.2488 0.7463 0.0906 0.1145 b 0.2220 0.9963 1.4958 1.4875 0.1544 0.2189 0.3730 0.0000 0.0000 0.0000 0.0000 0.0000 0.0000 
main 8.0000 2.0000 37.0000 9.0000 1.0000 9.0000 8.0000 0.0000 0.0000 0.2500 2.0000 0.0000 0.0000 b 0.1770 2.2500 1.4467 1.4383 0.2500 0.2500 0.2500 0.2500 0.2500 0.2500 0.2500 0.2500 0.0000 
main 8.0000 2.0000 45.0000 4.0000 0.0000 4.0000 3.0000 2.0000 0.1123 0.2497 0.7492 0.0906 0.1145 b 0.2130 0.9992 1.2348 1.2265 0.1550 0.3738 0.2203 0.0000 0.0000 0.0000 0.0000 0.0000 0.0000 
main 8.0000 2.0000 54.0000 7.0000 1.0000 7.0000 6.0000 2.0000 0.0965 0.2499 1.4995 0.0906 0.1145 b 0.2270 1.7495 1.2795 1.2711 0.1668 0.3931 0.2105 0.3483 0.2107 0.1701 0.0000 0.0000 0.0000 
main 8.0000 2.0000 9.0000 6.0000 0.0000 6.0000 5.0000 2.0000 0.0918 0.2505 1.2523 0.0906 0.1145 b 0.2180 1.5023 1.0031 0.9948 0.3681 0.2209 0.1787 0.3252 0.1594 0.0000 0.0000 0.0000 0.0000 
main 8.0000 2.0000 51.0000 6.0000 0.0000 6.0000 5.0000 2.0000 0.0924 0.2502 1.2512 0.0906 0.1145 b 0.2180 1.5012 1.1088 1.1005 0.3972 0.2307 0.2052 0.1509 0.2672 0.0000 0.0000 0.0000 0.0000 
main 8.0000 2.0000 32.0000 7.0000 1.0000 7.0000 6.0000 1.0000 0.0364 0.2502 1.5015 0.0349 0.0588 b 0.2200 1.7515 1.0411 1.0328 0.2509 0.2784 0.1818 0.2500 0.2831 0.2574 0.0000 0.0000 0.0000 
main 8.0000 2.0000 40.0000 10.0000 2.0000 10.0000 9.0000 0.0000 0.0000 0.2500 2.2500 0.0000 0.0000 b 0.2130 2.5000 1.3133 1.3050 0.2500 0.2500 0.2500 0.2500 0.2500 0.2500 0.2500 0.2500 0.2500 
main 8.0000 2.0000 52.0000 7.0000 1.0000 7.0000 6.0000 0.0000 0.0000 0.2500 1.5000 0.0000 0.0000 b 0.1820 1.7500 1.4896 1.4813 0.2500 0.2500 0.2500 0.2500 0.2500 0.2500 0.0000 0.0000 0.0000 
main 8.0000 2.0000 1.0000 4.0000 0.0000 4.0000 3.0000 0.0000 0.0000 0.2500 0.7500 0.0000 0.0000 b 0.2310 1.0000 1.4524 1.4441 0.2500 0.2500 0.2500 0.0000 0.0000 0.0000 0.0000 0.0000 0.0000 
main 8.0000 2.0000 2.0000 4.0000 0.0000 4.0000 3.0000 1.0000 0.0379 0.2489 0.7467 0.0349 0.0588 b 0.1880 0.9967 1.3421 1.3338 0.2415 0.2900 0.2152 0.0000 0.0000 0.0000 0.0000 0.0000 0.0000 
main 8.0000 2.0000 30.0000 6.0000 0.0000 6.0000 5.0000 2.0000 0.0934 0.2507 1.2535 0.0906 0.1145 b 0.2200 1.5035 1.2189 1.2106 0.1767 0.2119 0.3704 0.3296 0.1649 0.0000 0.0000 0.0000 0.0000 
main 8.0000 2.0000 15.0000 8.0000 1.0000 8.0000 7.0000 2.0000 0.0952 0.2499 1.7493 0.0906 0.1145 b 0.1920 1.9993 1.3597 1.3513 0.3126 0.1760 0.3958 0.3225 0.1582 0.2328 0.1514 0.0000 0.0000 
main 8.0000 2.0000 5.0000 5.0000 0.0000 5.0000 4.0000 1.0000 0.0508 0.2497 0.9988 0.0349 0.0588 b 0.1780 1.2488 1.2483 1.2399 0.3010 0.2431 0.1822 0.2725 0.0000 0.0000 0.0000 0.0000 0.0000 
main 8.0000 2.0000 41.0000 10.0000 2.0000 10.0000 9.0000 1.0000 0.0546 0.2497 2.2476 0.0349 0.0588 b 0.3970 2.4976 1.3111 1.3028 0.2406 0.1976 0.2726 0.2217 0.2763 0.2265 0.3742 0.1956 0.2426 
main 8.0000 2.0000 58.0000 9.0000 1.0000 9.0000 8.0000 0.0000 0.0000 0.2500 2.0000 0.0000 0.0000 b 0.1630 2.2500 1.4527 1.4444 0.2500 0.2500 0.2500 0.2500 0.2500 0.2500 0.2500 0.2500 0.0000 
main 8.0000 2.0000 25.0000 5.0000 0.0000 5.0000 4.0000 0.0000 0.0000 0.2500 1.0000 0.0000 0.0000 b 0.2180 1.2500 1.0555 1.0472 0.2500 0.2500 0.2500 0.2500 0.0000 0.0000 0.0000 0.0000 0.0000 
main 8.0000 2.0000 34.0000 8.0000 1.0000 8.0000 7.0000 0.0000 0.0000 0.2500 1.7500 0.0000 0.0000 b 0.2180 2.0000 1.2388 1.2304 0.2500 0.2500 0.2500 0.2500 0.2500 0.2500 0.2500 0.0000 0.0000 
main 8.0000 2.0000 26.0000 5.0000 0.0000 5.0000 4.0000 1.0000 0.0541 0.2498 0.9992 0.0349 0.0588 b 0.2570 1.2492 1.3743 1.3660 0.2712 0.3124 0.1868 0.2288 0.0000 0.0000 0.0000 0.0000 0.0000 
main 8.0000 2.0000 28.0000 6.0000 0.0000 6.0000 5.0000 0.0000 0.0000 0.2500 1.2500 0.0000 0.0000 b 0.2110 1.5000 1.0447 1.0363 0.2500 0.2500 0.2500 0.2500 0.2500 0.0000 0.0000 0.0000 0.0000 
main 8.0000 2.0000 4.0000 5.0000 0.0000 5.0000 4.0000 0.0000 0.0000 0.2500 1.0000 0.0000 0.0000 b 0.2870 1.2500 1.3453 1.3370 0.2500 0.2500 0.2500 0.2500 0.0000 0.0000 0.0000 0.0000 0.0000 
main 8.0000 2.0000 43.0000 4.0000 0.0000 4.0000 3.0000 0.0000 0.0000 0.2500 0.7500 0.0000 0.0000 b 0.2690 1.0000 1.4124 1.4040 0.2500 0.2500 0.2500 0.0000 0.0000 0.0000 0.0000 0.0000 0.0000 
main 8.0000 2.0000 6.0000 5.0000 0.0000 5.0000 4.0000 2.0000 0.0995 0.2502 1.0008 0.0906 0.1145 b 0.1880 1.2508 1.0136 1.0052 0.3701 0.1863 0.2919 0.1525 0.0000 0.0000 0.0000 0.0000 0.0000 
main 8.0000 2.0000 59.0000 9.0000 1.0000 9.0000 8.0000 1.0000 0.0539 0.2505 2.0038 0.0349 0.0588 b 0.2200 2.2538 1.2213 1.2129 0.2169 0.2503 0.2138 0.3039 0.2478 0.3440 0.1718 0.2554 0.0000 
main 8.0000 2.0000 38.0000 9.0000 1.0000 9.0000 8.0000 1.0000 0.0516 0.2502 2.0017 0.0349 0.0588 b 0.2300 2.2517 1.3712 1.3629 0.2787 0.2083 0.2598 0.3395 0.2827 0.2208 0.1731 0.2389 0.0000 
main 8.0000 2.0000 39.0000 9.0000 1.0000 9.0000 8.0000 2.0000 0.0929 0.2504 2.0034 0.0906 0.1145 b 0.2650 2.2534 1.4729 1.4646 0.1609 0.3271 0.3880 0.1681 0.3521 0.1723 0.2503 0.1846 0.0000 
main 8.0000 2.0000 44.0000 4.0000 0.0000 4.0000 3.0000 1.0000 0.0428 0.2501 0.7502 0.0349 0.0588 b 0.7990 1.0002 1.2810 1.2726 0.2117 0.2421 0.2963 0.0000 0.0000 0.0000 0.0000 0.0000 0.0000 
main 8.0000 2.0000 62.0000 10.0000 2.0000 10.0000 9.0000 1.0000 0.0582 0.2505 2.2546 0.0349 0.0588 b 0.1960 2.5046 1.4451 1.4368 0.2500 0.1565 0.2576 0.3407 0.2904 0.2578 0.1657 0.2497 0.2863 
main 8.0000 2.0000 46.0000 5.0000 0.0000 5.0000 4.0000 0.0000 0.0000 0.2500 1.0000 0.0000 0.0000 b 0.2790 1.2500 1.3328 1.3244 0.2500 0.2500 0.2500 0.2500 0.0000 0.0000 0.0000 0.0000 0.0000 
main 8.0000 2.0000 14.0000 8.0000 1.0000 8.0000 7.0000 1.0000 0.0524 0.2498 1.7485 0.0349 0.0588 b 0.2340 1.9985 1.1095 1.1012 0.2600 0.1661 0.2657 0.3329 0.2658 0.2059 0.2521 0.0000 0.0000 
main 8.0000 2.0000 63.0000 10.0000 2.0000 10.0000 9.0000 2.0000 0.0912 0.2495 2.2459 0.0906 0.1145 b 0.1960 2.4959 1.0605 1.0522 0.1514 0.2227 0.3568 0.2064 0.2315 0.3546 0.3840 0.1845 0.1542 
main 8.0000 2.0000 42.0000 10.0000 2.0000 10.0000 9.0000 2.0000 0.0924 0.2504 2.2540 0.0906 0.1145 b 0.1960 2.5040 1.4991 1.4907 0.1588 0.3499 0.1790 0.2130 0.1608 0.3700 0.1626 0.3102 0.3497 
main 8.0000 2.0000 7.0000 6.0000 0.0000 6.0000 5.0000 0.0000 0.0000 0.2500 1.2500 0.0000 0.0000 b 0.2080 1.5000 1.4692 1.4608 0.2500 0.2500 0.2500 0.2500 0.2500 0.0000 0.0000 0.0000 0.0000 
main 8.0000 3.0000 7.0000 6.0000 0.0000 6.0000 5.0000 0.0000 0.0000 0.2500 1.2500 0.0000 0.0000 b 0.2880 1.5000 1.0944 1.0860 0.2500 0.2500 0.2500 0.2500 0.2500 0.0000 0.0000 0.0000 0.0000 
main 8.0000 3.0000 39.0000 9.0000 1.0000 9.0000 8.0000 2.0000 0.0966 0.2504 2.0030 0.0906 0.1145 b 0.2080 2.2530 1.3493 1.3409 0.1796 0.3858 0.1559 0.3700 0.3122 0.1607 0.2691 0.1696 0.0000 
main 8.0000 3.0000 3.0000 4.0000 0.0000 4.0000 3.0000 2.0000 0.1009 0.2506 0.7519 0.0906 0.1145 b 0.2370 1.0019 1.4870 1.4786 0.1549 0.2409 0.3561 0.0000 0.0000 0.0000 0.0000 0.0000 0.0000 
main 8.0000 3.0000 27.0000 5.0000 0.0000 5.0000 4.0000 2.0000 0.0990 0.2501 1.0003 0.0906 0.1145 b 0.1610 1.2503 1.3617 1.3534 0.1795 0.2188 0.3966 0.2055 0.0000 0.0000 0.0000 0.0000 0.0000 
main 8.0000 3.0000 1.0000 4.0000 0.0000 4.0000 3.0000 0.0000 0.0000 0.2500 0.7500 0.0000 0.0000 b 0.2280 1.0000 1.2196 1.2113 0.2500 0.2500 0.2500 0.0000 0.0000 0.0000 0.0000 0.0000 0.0000 
main 8.0000 3.0000 9.0000 6.0000 0.0000 6.0000 5.0000 2.0000 0.0996 0.2495 1.2473 0.0906 0.1145 b 0.2110 1.4973 1.3630 1.3546 0.1518 0.2079 0.2992 0.3989 0.1895 0.0000 0.0000 0.0000 0.0000 
main 8.0000 3.0000 29.0000 6.0000 0.0000 6.0000 5.0000 1.0000 0.0416 0.2503 1.2514 0.0349 0.0588 b 0.2280 1.5014 1.3566 1.3483 0.2412 0.2700 0.2193 0.3118 0.2091 0.0000 0.0000 0.0000 0.0000 
main 8.0000 3.0000 45.0000 4.0000 0.0000 4.0000 3.0000 2.0000 0.0932 0.2513 0.7540 0.0906 0.1145 b 0.2440 1.0040 1.2652 1.2569 0.3571 0.1815 0.2154 0.0000 0.0000 0.0000 0.0000 0.0000 0.0000 
main 8.0000 3.0000 22.0000 4.0000 0.0000 4.0000 3.0000 0.0000 0.0000 0.2500 0.7500 0.0000 0.0000 b 0.1880 1.0000 1.0136 1.0053 0.2500 0.2500 0.2500 0.0000 0.0000 0.0000 0.0000 0.0000 0.0000 
main 8.0000 3.0000 51.0000 6.0000 0.0000 6.0000 5.0000 2.0000 0.0914 0.2504 1.2521 0.0906 0.1145 b 0.1850 1.5021 1.4612 1.4528 0.1614 0.3773 0.3059 0.2350 0.1725 0.0000 0.0000 0.0000 0.0000 
main 8.0000 3.0000 57.0000 8.0000 1.0000 8.0000 7.0000 2.0000 0.0910 0.2506 1.7539 0.0906 0.1145 b 0.2270 2.0039 1.0400 1.0317 0.1558 0.2253 0.3768 0.1516 0.3116 0.3377 0.1951 0.0000 0.0000 
main 8.0000 3.0000 8.0000 6.0000 0.0000 6.0000 5.0000 1.0000 0.0414 0.2508 1.2539 0.0349 0.0588 b 0.1540 1.5039 1.1694 1.1611 0.2834 0.2506 0.2118 0.3001 0.2080 0.0000 0.0000 0.0000 0.0000 
main 8.0000 3.0000 5.0000 5.0000 0.0000 5.0000 4.0000 1.0000 0.0537 0.2510 1.0041 0.0349 0.0588 b 0.1800 1.2541 1.3694 1.3611 0.1995 0.2651 0.3202 0.2192 0.0000 0.0000 0.0000 0.0000 0.0000 
main 8.0000 3.0000 21.0000 10.0000 2.0000 10.0000 9.0000 2.0000 0.0919 0.2503 2.2531 0.0906 0.1145 b 0.2030 2.5031 1.3473 1.3390 0.1505 0.2876 0.2059 0.1629 0.3567 0.1904 0.3376 0.3860 0.1754 
main 8.0000 3.0000 2.0000 4.0000 0.0000 4.0000 3.0000 1.0000 0.0416 0.2514 0.7542 0.0349 0.0588 b 0.2350 1.0042 1.4413 1.4329 0.2408 0.2973 0.2161 0.0000 0.0000 0.0000 0.0000 0.0000 0.0000 
main 8.0000 3.0000 42.0000 10.0000 2.0000 10.0000 9.0000 2.0000 0.0924 0.2499 2.2493 0.0906 0.1145 b 0.1790 2.4993 1.4713 1.4630 0.3851 0.3390 0.1866 0.3754 0.1995 0.1689 0.2551 0.1837 0.1559 
main 8.0000 3.0000 25.0000 5.0000 0.0000 5.0000 4.0000 0.0000 0.0000 0.2500 1.0000 0.0000 0.0000 b 0.2470 1.2500 1.1027 1.0944 0.2500 0.2500 0.2500 0.2500 0.0000 0.0000 0.0000 0.0000 0.0000 
main 8.0000 3.0000 20.0000 10.0000 2.0000 10.0000 9.0000 1.0000 0.0489 0.2503 2.2527 0.0349 0.0588 b 0.1860 2.5027 1.0217 1.0134 0.1987 0.2441 0.3059 0.2562 0.2082 0.2679 0.3418 0.2289 0.2012 
main 8.0000 3.0000 61.0000 10.0000 2.0000 10.0000 9.0000 0.0000 0.0000 0.2500 2.2500 0.0000 0.0000 b 0.2380 2.5000 1.4404 1.4321 0.2500 0.2500 0.2500 0.2500 0.2500 0.2500 0.2500 0.2500 0.2500 
main 8.0000 3.0000 6.0000 5.0000 0.0000 5.0000 4.0000 2.0000 0.0975 0.2503 1.0010 0.0906 0.1145 b 0.2230 1.2510 1.1510 1.1427 0.1850 0.3566 0.1519 0.3075 0.0000 0.0000 0.0000 0.0000 0.0000 
main 8.0000 3.0000 47.0000 5.0000 0.0000 5.0000 4.0000 1.0000 0.0523 0.2488 0.9951 0.0349 0.0588 b 0.2050 1.2451 1.2941 1.2858 0.2301 0.3088 0.1869 0.2694 0.0000 0.0000 0.0000 0.0000 0.0000 
main 8.0000 3.0000 23.0000 4.0000 0.0000 4.0000 3.0000 1.0000 0.0465 0.2499 0.7497 0.0349 0.0588 b 0.2020 0.9997 1.1936 1.1853 0.2066 0.2441 0.2991 0.0000 0.0000 0.0000 0.0000 0.0000 0.0000 
main 8.0000 3.0000 30.0000 6.0000 0.0000 6.0000 5.0000 2.0000 0.1126 0.2494 1.2470 0.0906 0.1145 b 0.1890 1.4970 1.3146 1.3062 0.3822 0.1615 0.3618 0.1580 0.1836 0.0000 0.0000 0.0000 0.0000 
main 8.0000 3.0000 17.0000 9.0000 1.0000 9.0000 8.0000 1.0000 0.0526 0.2495 1.9959 0.0349 0.0588 b 0.1850 2.2459 1.1189 1.1106 0.3287 0.2664 0.1978 0.2604 0.2319 0.1841 0.3135 0.2132 0.0000 
main 8.0000 3.0000 60.0000 9.0000 1.0000 9.0000 8.0000 2.0000 0.0927 0.2503 2.0026 0.0906 0.1145 b 0.1980 2.2526 1.3922 1.3838 0.2870 0.1570 0.3763 0.1878 0.2934 0.1555 0.3688 0.1767 0.0000 
main 8.0000 3.0000 50.0000 6.0000 0.0000 6.0000 5.0000 1.0000 0.0573 0.2492 1.2461 0.0349 0.0588 b 0.1950 1.4961 1.2915 1.2832 0.3153 0.2661 0.1888 0.2860 0.1900 0.0000 0.0000 0.0000 0.0000 
main 8.0000 3.0000 13.0000 8.0000 1.0000 8.0000 7.0000 0.0000 0.0000 0.2500 1.7500 0.0000 0.0000 b 0.1580 2.0000 1.4401 1.4317 0.2500 0.2500 0.2500 0.2500 0.2500 0.2500 0.2500 0.0000 0.0000 
main 8.0000 3.0000 55.0000 8.0000 1.0000 8.0000 7.0000 0.0000 0.0000 0.2500 1.7500 0.0000 0.0000 b 0.1560 2.0000 1.1129 1.1046 0.2500 0.2500 0.2500 0.2500 0.2500 0.2500 0.2500 0.0000 0.0000 
main 8.0000 3.0000 56.0000 8.0000 1.0000 8.0000 7.0000 1.0000 0.0569 0.2501 1.7510 0.0349 0.0588 b 0.1560 2.0010 1.2894 1.2811 0.2967 0.2679 0.1910 0.3115 0.2779 0.1558 0.2501 0.0000 0.0000 
main 8.0000 3.0000 37.0000 9.0000 1.0000 9.0000 8.0000 0.0000 0.0000 0.2500 2.0000 0.0000 0.0000 b 0.2530 2.2500 1.3858 1.3775 0.2500 0.2500 0.2500 0.2500 0.2500 0.2500 0.2500 0.2500 0.0000 
main 8.0000 3.0000 59.0000 9.0000 1.0000 9.0000 8.0000 1.0000 0.0540 0.2499 1.9992 0.0349 0.0588 b 0.1770 2.2492 1.0310 1.0227 0.2605 0.1933 0.2413 0.2707 0.1878 0.2512 0.3613 0.2332 0.0000 
main 8.0000 3.0000 53.0000 7.0000 1.0000 7.0000 6.0000 1.0000 0.0537 0.2500 1.4999 0.0349 0.0588 b 0.3270 1.7499 1.2164 1.2081 0.3174 0.2093 0.2788 0.2424 0.2814 0.1705 0.0000 0.0000 0.0000 
main 8.0000 3.0000 35.0000 8.0000 1.0000 8.0000 7.0000 1.0000 0.0513 0.2495 1.7463 0.0349 0.0588 b 0.1540 1.9963 1.1824 1.1740 0.2146 0.2715 0.1849 0.3018 0.1985 0.3164 0.2585 0.0000 0.0000 
main 8.0000 3.0000 62.0000 10.0000 2.0000 10.0000 9.0000 1.0000 0.0522 0.2500 2.2498 0.0349 0.0588 b 0.1640 2.4998 1.3500 1.3417 0.2438 0.1770 0.2982 0.2407 0.3330 0.1782 0.2673 0.2274 0.2841 
main 8.0000 3.0000 43.0000 4.0000 0.0000 4.0000 3.0000 0.0000 0.0000 0.2500 0.7500 0.0000 0.0000 b 0.2640 1.0000 1.0332 1.0249 0.2500 0.2500 0.2500 0.0000 0.0000 0.0000 0.0000 0.0000 0.0000 
main 8.0000 3.0000 10.0000 7.0000 1.0000 7.0000 6.0000 0.0000 0.0000 0.2500 1.5000 0.0000 0.0000 b 0.2280 1.7500 1.3765 1.3681 0.2500 0.2500 0.2500 0.2500 0.2500 0.2500 0.0000 0.0000 0.0000 
main 8.0000 3.0000 36.0000 8.0000 1.0000 8.0000 7.0000 2.0000 0.0922 0.2506 1.7542 0.0906 0.1145 b 0.2040 2.0042 1.3425 1.3342 0.2075 0.3096 0.3648 0.1586 0.2040 0.1501 0.3596 0.0000 0.0000 
main 8.0000 3.0000 34.0000 8.0000 1.0000 8.0000 7.0000 0.0000 0.0000 0.2500 1.7500 0.0000 0.0000 b 0.1910 2.0000 1.4516 1.4433 0.2500 0.2500 0.2500 0.2500 0.2500 0.2500 0.2500 0.0000 0.0000 
main 8.0000 3.0000 38.0000 9.0000 1.0000 9.0000 8.0000 1.0000 0.0566 0.2497 1.9973 0.0349 0.0588 b 0.2210 2.2473 1.2399 1.2315 0.2088 0.3030 0.2659 0.1987 0.2669 0.1860 0.2194 0.3487 0.0000 
main 8.0000 3.0000 33.0000 7.0000 1.0000 7.0000 6.0000 2.0000 0.0916 0.2501 1.5006 0.0906 0.1145 b 0.1910 1.7506 1.2844 1.2760 0.1962 0.2862 0.3579 0.1509 0.3447 0.1646 0.0000 0.0000 0.0000 
main 8.0000 3.0000 40.0000 10.0000 2.0000 10.0000 9.0000 0.0000 0.0000 0.2500 2.2500 0.0000 0.0000 b 0.2010 2.5000 1.1683 1.1600 0.2500 0.2500 0.2500 0.2500 0.2500 0.2500 0.2500 0.2500 0.2500 
main 8.0000 3.0000 49.0000 6.0000 0.0000 6.0000 5.0000 0.0000 0.0000 0.2500 1.2500 0.0000 0.0000 b 0.3340 1.5000 1.0670 1.0587 0.2500 0.2500 0.2500 0.2500 0.2500 0.0000 0.0000 0.0000 0.0000 
main 8.0000 3.0000 4.0000 5.0000 0.0000 5.0000 4.0000 0.0000 0.0000 0.2500 1.0000 0.0000 0.0000 b 0.2840 1.2500 1.2422 1.2338 0.2500 0.2500 0.2500 0.2500 0.0000 0.0000 0.0000 0.0000 0.0000 
main 8.0000 3.0000 15.0000 8.0000 1.0000 8.0000 7.0000 2.0000 0.0993 0.2500 1.7500 0.0906 0.1145 b 0.2110 2.0000 1.3586 1.3502 0.3871 0.2297 0.1861 0.1593 0.3875 0.1567 0.2435 0.0000 0.0000 
main 8.0000 3.0000 26.0000 5.0000 0.0000 5.0000 4.0000 1.0000 0.0398 0.2498 0.9993 0.0349 0.0588 b 0.2210 1.2493 1.3294 1.3211 0.2597 0.2326 0.3001 0.2069 0.0000 0.0000 0.0000 0.0000 0.0000 
main 8.0000 3.0000 54.0000 7.0000 1.0000 7.0000 6.0000 2.0000 0.0943 0.2495 1.4968 0.0906 0.1145 b 0.2420 1.7468 1.1670 1.1586 0.2225 0.1566 0.2185 0.1734 0.3268 0.3989 0.0000 0.0000 0.0000 
main 8.0000 3.0000 31.0000 7.0000 1.0000 7.0000 6.0000 0.0000 0.0000 0.2500 1.5000 0.0000 0.0000 b 0.2290 1.7500 1.4290 1.4207 0.2500 0.2500 0.2500 0.2500 0.2500 0.2500 0.0000 0.0000 0.0000 
main 8.0000 3.0000 14.0000 8.0000 1.0000 8.0000 7.0000 1.0000 0.0561 0.2507 1.7547 0.0349 0.0588 b 0.2050 2.0047 1.3831 1.3747 0.2662 0.2402 0.2894 0.1644 0.2975 0.1877 0.3094 0.0000 0.0000 
main 8.0000 3.0000 19.0000 10.0000 2.0000 10.0000 9.0000 0.0000 0.0000 0.2500 2.2500 0.0000 0.0000 b 0.1580 2.5000 1.3042 1.2958 0.2500 0.2500 0.2500 0.2500 0.2500 0.2500 0.2500 0.2500 0.2500 
main 8.0000 3.0000 44.0000 4.0000 0.0000 4.0000 3.0000 1.0000 0.0452 0.2506 0.7518 0.0349 0.0588 b 0.2240 1.0018 1.2563 1.2479 0.2978 0.2076 0.2464 0.0000 0.0000 0.0000 0.0000 0.0000 0.0000 
main 8.0000 3.0000 28.0000 6.0000 0.0000 6.0000 5.0000 0.0000 0.0000 0.2500 1.2500 0.0000 0.0000 b 0.1940 1.5000 1.0979 1.0896 0.2500 0.2500 0.2500 0.2500 0.2500 0.0000 0.0000 0.0000 0.0000 
main 8.0000 3.0000 58.0000 9.0000 1.0000 9.0000 8.0000 0.0000 0.0000 0.2500 2.0000 0.0000 0.0000 b 0.2350 2.2500 1.1929 1.1845 0.2500 0.2500 0.2500 0.2500 0.2500 0.2500 0.2500 0.2500 0.0000 
main 8.0000 3.0000 52.0000 7.0000 1.0000 7.0000 6.0000 0.0000 0.0000 0.2500 1.5000 0.0000 0.0000 b 0.3300 1.7500 1.3139 1.3056 0.2500 0.2500 0.2500 0.2500 0.2500 0.2500 0.0000 0.0000 0.0000 
main 8.0000 3.0000 48.0000 5.0000 0.0000 5.0000 4.0000 2.0000 0.0941 0.2498 0.9993 0.0906 0.1145 b 0.3270 1.2493 1.4015 1.3931 0.3504 0.1854 0.3081 0.1554 0.0000 0.0000 0.0000 0.0000 0.0000 
main 8.0000 3.0000 63.0000 10.0000 2.0000 10.0000 9.0000 2.0000 0.1008 0.2505 2.2549 0.0906 0.1145 b 0.5310 2.5049 1.2455 1.2371 0.3750 0.3245 0.1883 0.3482 0.1509 0.1845 0.1575 0.3717 0.1543 
main 8.0000 3.0000 18.0000 9.0000 1.0000 9.0000 8.0000 2.0000 0.0921 0.2495 1.9964 0.0906 0.1145 b 0.3280 2.2464 1.4004 1.3920 0.3849 0.1608 0.3501 0.1616 0.2963 0.1670 0.2928 0.1829 0.0000 
main 8.0000 3.0000 32.0000 7.0000 1.0000 7.0000 6.0000 1.0000 0.0478 0.2506 1.5039 0.0349 0.0588 b 0.2420 1.7539 1.3807 1.3723 0.2510 0.2069 0.3377 0.2609 0.2097 0.2376 0.0000 0.0000 0.0000 
main 8.0000 3.0000 11.0000 7.0000 1.0000 7.0000 6.0000 1.0000 0.0364 0.2507 1.5041 0.0349 0.0588 b 0.2220 1.7541 1.3215 1.3132 0.2529 0.3027 0.2362 0.2766 0.2390 0.1969 0.0000 0.0000 0.0000 
main 8.0000 3.0000 16.0000 9.0000 1.0000 9.0000 8.0000 0.0000 0.0000 0.2500 2.0000 0.0000 0.0000 b 0.2280 2.2500 1.2044 1.1961 0.2500 0.2500 0.2500 0.2500 0.2500 0.2500 0.2500 0.2500 0.0000 
main 8.0000 3.0000 24.0000 4.0000 0.0000 4.0000 3.0000 2.0000 0.0994 0.2492 0.7475 0.0906 0.1145 b 0.2400 0.9975 1.1144 1.1060 0.1612 0.3570 0.2293 0.0000 0.0000 0.0000 0.0000 0.0000 0.0000 
main 8.0000 3.0000 41.0000 10.0000 2.0000 10.0000 9.0000 1.0000 0.0469 0.2495 2.2452 0.0349 0.0588 b 0.2960 2.4952 1.2793 1.2709 0.2251 0.2809 0.1870 0.2694 0.2370 0.1945 0.2869 0.2321 0.3322 
main 8.0000 3.0000 12.0000 7.0000 1.0000 7.0000 6.0000 2.0000 0.0966 0.2506 1.5035 0.0906 0.1145 b 0.2900 1.7535 1.1591 1.1508 0.1638 0.3565 0.1638 0.2589 0.3765 0.1840 0.0000 0.0000 0.0000 
main 8.0000 3.0000 46.0000 5.0000 0.0000 5.0000 4.0000 0.0000 0.0000 0.2500 1.0000 0.0000 0.0000 b 0.3100 1.2500 1.4539 1.4456 0.2500 0.2500 0.2500 0.2500 0.0000 0.0000 0.0000 0.0000 0.0000 
main 8.0000 4.0000 54.0000 7.0000 1.0000 7.0000 6.0000 2.0000 0.1011 0.2498 1.4986 0.0906 0.1145 b 0.2030 1.7486 1.0340 1.0257 0.1523 0.2648 0.3338 0.1579 0.1907 0.3992 0.0000 0.0000 0.0000 
main 8.0000 4.0000 35.0000 8.0000 1.0000 8.0000 7.0000 1.0000 0.0525 0.2495 1.7462 0.0349 0.0588 b 0.1650 1.9962 1.1807 1.1724 0.1995 0.2478 0.3302 0.2210 0.2974 0.2653 0.1850 0.0000 0.0000 
main 8.0000 4.0000 10.0000 7.0000 1.0000 7.0000 6.0000 0.0000 0.0000 0.2500 1.5000 0.0000 0.0000 b 0.1770 1.7500 1.2954 1.2870 0.2500 0.2500 0.2500 0.2500 0.2500 0.2500 0.0000 0.0000 0.0000 
main 8.0000 4.0000 33.0000 7.0000 1.0000 7.0000 6.0000 2.0000 0.0928 0.2508 1.5049 0.0906 0.1145 b 0.1740 1.7549 1.2261 1.2178 0.1593 0.3254 0.2879 0.1932 0.3786 0.1606 0.0000 0.0000 0.0000 
main 8.0000 4.0000 11.0000 7.0000 1.0000 7.0000 6.0000 1.0000 0.0553 0.2502 1.5013 0.0349 0.0588 b 0.1750 1.7513 1.3458 1.3374 0.3005 0.2238 0.2801 0.1789 0.2047 0.3134 0.0000 0.0000 0.0000 
main 8.0000 4.0000 29.0000 6.0000 0.0000 6.0000 5.0000 1.0000 0.0481 0.2500 1.2499 0.0349 0.0588 b 0.1580 1.4999 1.2006 1.1923 0.2510 0.3091 0.2476 0.1760 0.2662 0.0000 0.0000 0.0000 0.0000 
main 8.0000 4.0000 32.0000 7.0000 1.0000 7.0000 6.0000 1.0000 0.0520 0.2497 1.4985 0.0349 0.0588 b 0.1330 1.7485 1.2696 1.2612 0.2406 0.2133 0.3242 0.1939 0.3023 0.2241 0.0000 0.0000 0.0000 
main 8.0000 4.0000 20.0000 10.0000 2.0000 10.0000 9.0000 1.0000 0.0513 0.2501 2.2506 0.0349 0.0588 b 0.2990 2.5006 1.3438 1.3355 0.1505 0.2642 0.3090 0.2790 0.2510 0.1965 0.2752 0.2251 0.3002 
main 8.0000 4.0000 57.0000 8.0000 1.0000 8.0000 7.0000 2.0000 0.0977 0.2506 1.7544 0.0906 0.1145 b 0.1640 2.0044 1.2967 1.2883 0.1859 0.3517 0.1574 0.2139 0.3927 0.3020 0.1509 0.0000 0.0000 
main 8.0000 4.0000 21.0000 10.0000 2.0000 10.0000 9.0000 2.0000 0.0960 0.2497 2.2469 0.0906 0.1145 b 0.1830 2.4969 1.4971 1.4888 0.1621 0.2167 0.1676 0.3593 0.1537 0.3323 0.3961 0.2928 0.1665 
main 8.0000 4.0000 14.0000 8.0000 1.0000 8.0000 7.0000 1.0000 0.0489 0.2499 1.7493 0.0349 0.0588 b 0.1460 1.9993 1.3602 1.3518 0.1775 0.3128 0.2614 0.2108 0.2709 0.2962 0.2197 0.0000 0.0000 
main 8.0000 4.0000 28.0000 6.0000 0.0000 6.0000 5.0000 0.0000 0.0000 0.2500 1.2500 0.0000 0.0000 b 0.2630 1.5000 1.0851 1.0768 0.2500 0.2500 0.2500 0.2500 0.2500 0.0000 0.0000 0.0000 0.0000 
main 8.0000 4.0000 8.0000 6.0000 0.0000 6.0000 5.0000 1.0000 0.0571 0.2497 1.2483 0.0349 0.0588 b 0.1720 1.4983 1.3655 1.3572 0.2219 0.3281 0.2895 0.2194 0.1895 0.0000 0.0000 0.0000 0.0000 
main 8.0000 4.0000 61.0000 10.0000 2.0000 10.0000 9.0000 0.0000 0.0000 0.2500 2.2500 0.0000 0.0000 b 0.1690 2.5000 1.4617 1.4533 0.2500 0.2500 0.2500 0.2500 0.2500 0.2500 0.2500 0.2500 0.2500 
main 8.0000 4.0000 9.0000 6.0000 0.0000 6.0000 5.0000 2.0000 0.1124 0.2494 1.2469 0.0906 0.1145 b 0.2260 1.4969 1.2397 1.2313 0.3961 0.1698 0.3448 0.1553 0.1808 0.0000 0.0000 0.0000 0.0000 
main 8.0000 4.0000 51.0000 6.0000 0.0000 6.0000 5.0000 2.0000 0.0966 0.2490 1.2450 0.0906 0.1145 b 0.3520 1.4950 1.1869 1.1786 0.1575 0.2997 0.3838 0.2456 0.1584 0.0000 0.0000 0.0000 0.0000 
main 8.0000 4.0000 26.0000 5.0000 0.0000 5.0000 4.0000 1.0000 0.0541 0.2494 0.9977 0.0349 0.0588 b 0.2400 1.2477 1.2774 1.2691 0.2191 0.2546 0.2007 0.3234 0.0000 0.0000 0.0000 0.0000 0.0000 
main 8.0000 4.0000 59.0000 9.0000 1.0000 9.0000 8.0000 1.0000 0.0571 0.2502 2.0017 0.0349 0.0588 b 0.1490 2.2517 1.3792 1.3709 0.2218 0.1727 0.2218 0.2491 0.3073 0.2770 0.3463 0.2058 0.0000 
main 8.0000 4.0000 36.0000 8.0000 1.0000 8.0000 7.0000 2.0000 0.0920 0.2493 1.7452 0.0906 0.1145 b 0.1560 1.9952 1.1581 1.1497 0.1613 0.2392 0.1719 0.3969 0.1916 0.3562 0.2280 0.0000 0.0000 
main 8.0000 4.0000 3.0000 4.0000 0.0000 4.0000 3.0000 2.0000 0.0955 0.2488 0.7465 0.0906 0.1145 b 0.2160 0.9965 1.2266 1.2183 0.1657 0.2276 0.3532 0.0000 0.0000 0.0000 0.0000 0.0000 0.0000 
main 8.0000 4.0000 19.0000 10.0000 2.0000 10.0000 9.0000 0.0000 0.0000 0.2500 2.2500 0.0000 0.0000 b 0.2100 2.5000 1.4733 1.4650 0.2500 0.2500 0.2500 0.2500 0.2500 0.2500 0.2500 0.2500 0.2500 
main 8.0000 4.0000 63.0000 10.0000 2.0000 10.0000 9.0000 2.0000 0.0917 0.2503 2.2528 0.0906 0.1145 b 0.2280 2.5028 1.3452 1.3369 0.3665 0.1996 0.1709 0.2049 0.3957 0.2503 0.1760 0.3343 0.1545 
main 8.0000 4.0000 27.0000 5.0000 0.0000 5.0000 4.0000 2.0000 0.0952 0.2503 1.0011 0.0906 0.1145 b 0.2780 1.2511 1.0418 1.0335 0.1647 0.3659 0.1803 0.2901 0.0000 0.0000 0.0000 0.0000 0.0000 
main 8.0000 4.0000 13.0000 8.0000 1.0000 8.0000 7.0000 0.0000 0.0000 0.2500 1.7500 0.0000 0.0000 b 0.1590 2.0000 1.3185 1.3102 0.2500 0.2500 0.2500 0.2500 0.2500 0.2500 0.2500 0.0000 0.0000 
main 8.0000 4.0000 41.0000 10.0000 2.0000 10.0000 9.0000 1.0000 0.0580 0.2502 2.2517 0.0349 0.0588 b 0.1780 2.5017 1.0658 1.0574 0.2071 0.2958 0.2458 0.1707 0.2824 0.2571 0.1704 0.3409 0.2813 
main 8.0000 4.0000 18.0000 9.0000 1.0000 9.0000 8.0000 2.0000 0.0929 0.2500 1.9998 0.0906 0.1145 b 0.1720 2.2498 1.1807 1.1723 0.3798 0.1670 0.2727 0.1532 0.2061 0.3039 0.1541 0.3629 0.0000 
main 8.0000 4.0000 56.0000 8.0000 1.0000 8.0000 7.0000 1.0000 0.0528 0.2496 1.7475 0.0349 0.0588 b 0.1590 1.9975 1.0084 1.0001 0.1772 0.3333 0.2409 0.2775 0.2417 0.2792 0.1978 0.0000 0.0000 
main 8.0000 4.0000 25.0000 5.0000 0.0000 5.0000 4.0000 0.0000 0.0000 0.2500 1.0000 0.0000 0.0000 b 0.2290 1.2500 1.2820 1.2736 0.2500 0.2500 0.2500 0.2500 0.0000 0.0000 0.0000 0.0000 0.0000 
main 8.0000 4.0000 22.0000 4.0000 0.0000 4.0000 3.0000 0.0000 0.0000 0.2500 0.7500 0.0000 0.0000 b 0.2170 1.0000 1.3552 1.3469 0.2500 0.2500 0.2500 0.0000 0.0000 0.0000 0.0000 0.0000 0.0000 
main 8.0000 4.0000 50.0000 6.0000 0.0000 6.0000 5.0000 1.0000 0.0547 0.2510 1.2549 0.0349 0.0588 b 0.1750 1.5049 1.0131 1.0048 0.2246 0.2948 0.1717 0.2579 0.3059 0.0000 0.0000 0.0000 0.0000 
main 8.0000 4.0000 62.0000 10.0000 2.0000 10.0000 9.0000 1.0000 0.0542 0.2496 2.2464 0.0349 0.0588 b 0.1320 2.4964 1.1792 1.1709 0.2126 0.2426 0.2019 0.2670 0.2327 0.3501 0.3100 0.2539 0.1757 
main 8.0000 4.0000 49.0000 6.0000 0.0000 6.0000 5.0000 0.0000 0.0000 0.2500 1.2500 0.0000 0.0000 b 0.2610 1.5000 1.0784 1.0701 0.2500 0.2500 0.2500 0.2500 0.2500 0.0000 0.0000 0.0000 0.0000 
main 8.0000 4.0000 42.0000 10.0000 2.0000 10.0000 9.0000 2.0000 0.0911 0.2500 2.2499 0.0906 0.1145 b 0.1670 2.4999 1.1529 1.1446 0.3996 0.1507 0.2655 0.1744 0.2743 0.1705 0.3303 0.1566 0.3281 
main 8.0000 4.0000 53.0000 7.0000 1.0000 7.0000 6.0000 1.0000 0.0579 0.2508 1.5050 0.0349 0.0588 b 0.2070 1.7550 1.3787 1.3704 0.2051 0.3080 0.2301 0.3369 0.2302 0.1947 0.0000 0.0000 0.0000 
main 8.0000 4.0000 39.0000 9.0000 1.0000 9.0000 8.0000 2.0000 0.0939 0.2505 2.0038 0.0906 0.1145 b 0.1660 2.2538 1.2166 1.2082 0.1657 0.2504 0.3648 0.2088 0.1533 0.3407 0.1551 0.3649 0.0000 
main 8.0000 4.0000 48.0000 5.0000 0.0000 5.0000 4.0000 2.0000 0.1028 0.2506 1.0023 0.0906 0.1145 b 0.2350 1.2523 1.1706 1.1623 0.1760 0.2410 0.3988 0.1865 0.0000 0.0000 0.0000 0.0000 0.0000 
main 8.0000 4.0000 23.0000 4.0000 0.0000 4.0000 3.0000 1.0000 0.0452 0.2503 0.7510 0.0349 0.0588 b 0.2820 1.0010 1.4730 1.4646 0.2392 0.3000 0.2118 0.0000 0.0000 0.0000 0.0000 0.0000 0.0000 
main 8.0000 4.0000 34.0000 8.0000 1.0000 8.0000 7.0000 0.0000 0.0000 0.2500 1.7500 0.0000 0.0000 b 0.1370 2.0000 1.2393 1.2310 0.2500 0.2500 0.2500 0.2500 0.2500 0.2500 0.2500 0.0000 0.0000 
main 8.0000 4.0000 40.0000 10.0000 2.0000 10.0000 9.0000 0.0000 0.0000 0.2500 2.2500 0.0000 0.0000 b 0.1610 2.5000 1.3680 1.3596 0.2500 0.2500 0.2500 0.2500 0.2500 0.2500 0.2500 0.2500 0.2500 
main 8.0000 4.0000 16.0000 9.0000 1.0000 9.0000 8.0000 0.0000 0.0000 0.2500 2.0000 0.0000 0.0000 b 0.1850 2.2500 1.2869 1.2786 0.2500 0.2500 0.2500 0.2500 0.2500 0.2500 0.2500 0.2500 0.0000 
main 8.0000 4.0000 58.0000 9.0000 1.0000 9.0000 8.0000 0.0000 0.0000 0.2500 2.0000 0.0000 0.0000 b 0.2500 2.2500 1.3321 1.3238 0.2500 0.2500 0.2500 0.2500 0.2500 0.2500 0.2500 0.2500 0.0000 
main 8.0000 4.0000 60.0000 9.0000 1.0000 9.0000 8.0000 2.0000 0.0912 0.2504 2.0032 0.0906 0.1145 b 0.1410 2.2532 1.2496 1.2413 0.3284 0.1703 0.3787 0.1993 0.1681 0.2260 0.3630 0.1694 0.0000 
main 8.0000 4.0000 2.0000 4.0000 0.0000 4.0000 3.0000 1.0000 0.0451 0.2514 0.7543 0.0349 0.0588 b 0.2410 1.0043 1.0202 1.0119 0.2970 0.2068 0.2505 0.0000 0.0000 0.0000 0.0000 0.0000 0.0000 
main 8.0000 4.0000 45.0000 4.0000 0.0000 4.0000 3.0000 2.0000 0.1025 0.2516 0.7547 0.0906 0.1145 b 0.1990 1.0047 1.1144 1.1061 0.3628 0.2311 0.1609 0.0000 0.0000 0.0000 0.0000 0.0000 0.0000 
main 8.0000 4.0000 15.0000 8.0000 1.0000 8.0000 7.0000 2.0000 0.1016 0.2507 1.7550 0.0906 0.1145 b 0.1830 2.0050 1.0393 1.0310 0.1726 0.2187 0.2660 0.3879 0.1687 0.3894 0.1518 0.0000 0.0000 
main 8.0000 4.0000 5.0000 5.0000 0.0000 5.0000 4.0000 1.0000 0.0565 0.2503 1.0011 0.0349 0.0588 b 0.1920 1.2511 1.2178 1.2094 0.2100 0.3136 0.2817 0.1958 0.0000 0.0000 0.0000 0.0000 0.0000 
main 8.0000 4.0000 37.0000 9.0000 1.0000 9.0000 8.0000 0.0000 0.0000 0.2500 2.0000 0.0000 0.0000 b 0.1560 2.2500 1.3136 1.3053 0.2500 0.2500 0.2500 0.2500 0.2500 0.2500 0.2500 0.2500 0.0000 
main 8.0000 4.0000 12.0000 7.0000 1.0000 7.0000 6.0000 2.0000 0.0945 0.2494 1.4963 0.0906 0.1145 b 0.1470 1.7463 1.4171 1.4088 0.1608 0.2051 0.3657 0.2427 0.3635 0.1585 0.0000 0.0000 0.0000 
main 8.0000 4.0000 44.0000 4.0000 0.0000 4.0000 3.0000 1.0000 0.0549 0.2499 0.7496 0.0349 0.0588 b 0.1900 0.9996 1.0455 1.0372 0.2035 0.2357 0.3104 0.0000 0.0000 0.0000 0.0000 0.0000 0.0000 
main 8.0000 4.0000 30.0000 6.0000 0.0000 6.0000 5.0000 2.0000 0.0910 0.2503 1.2516 0.0906 0.1145 b 0.1750 1.5016 1.3252 1.3168 0.2260 0.1579 0.3619 0.3288 0.1770 0.0000 0.0000 0.0000 0.0000 
main 8.0000 4.0000 43.0000 4.0000 0.0000 4.0000 3.0000 0.0000 0.0000 0.2500 0.7500 0.0000 0.0000 b 0.2150 1.0000 1.3775 1.3692 0.2500 0.2500 0.2500 0.0000 0.0000 0.0000 0.0000 0.0000 0.0000 
main 8.0000 4.0000 47.0000 5.0000 0.0000 5.0000 4.0000 1.0000 0.0548 0.2502 1.0010 0.0349 0.0588 b 0.2180 1.2510 1.3197 1.3114 0.2180 0.3222 0.2619 0.1989 0.0000 0.0000 0.0000 0.0000 0.0000 
main 8.0000 4.0000 7.0000 6.0000 0.0000 6.0000 5.0000 0.0000 0.0000 0.2500 1.2500 0.0000 0.0000 b 0.1890 1.5000 1.3122 1.3039 0.2500 0.2500 0.2500 0.2500 0.2500 0.0000 0.0000 0.0000 0.0000 
main 8.0000 4.0000 38.0000 9.0000 1.0000 9.0000 8.0000 1.0000 0.0435 0.2496 1.9971 0.0349 0.0588 b 0.1730 2.2471 1.0439 1.0355 0.2155 0.2968 0.2166 0.1840 0.2993 0.2532 0.2926 0.2393 0.0000 
main 8.0000 4.0000 24.0000 4.0000 0.0000 4.0000 3.0000 2.0000 0.1103 0.2498 0.7493 0.0906 0.1145 b 0.2520 0.9993 1.2873 1.2790 0.3763 0.1995 0.1735 0.0000 0.0000 0.0000 0.0000 0.0000 0.0000 
main 8.0000 4.0000 4.0000 5.0000 0.0000 5.0000 4.0000 0.0000 0.0000 0.2500 1.0000 0.0000 0.0000 b 0.2210 1.2500 1.1346 1.1263 0.2500 0.2500 0.2500 0.2500 0.0000 0.0000 0.0000 0.0000 0.0000 
main 8.0000 4.0000 17.0000 9.0000 1.0000 9.0000 8.0000 1.0000 0.0573 0.2504 2.0034 0.0349 0.0588 b 0.1390 2.2534 1.3521 1.3438 0.2389 0.2986 0.1847 0.2764 0.2242 0.2954 0.1628 0.3223 0.0000 
main 8.0000 4.0000 55.0000 8.0000 1.0000 8.0000 7.0000 0.0000 0.0000 0.2500 1.7500 0.0000 0.0000 b 0.1840 2.0000 1.4255 1.4171 0.2500 0.2500 0.2500 0.2500 0.2500 0.2500 0.2500 0.0000 0.0000 
main 8.0000 4.0000 6.0000 5.0000 0.0000 5.0000 4.0000 2.0000 0.1024 0.2499 0.9994 0.0906 0.1145 b 0.1880 1.2494 1.0911 1.0828 0.3515 0.1610 0.3245 0.1625 0.0000 0.0000 0.0000 0.0000 0.0000 
main 8.0000 4.0000 1.0000 4.0000 0.0000 4.0000 3.0000 0.0000 0.0000 0.2500 0.7500 0.0000 0.0000 b 0.1540 1.0000 1.1461 1.1378 0.2500 0.2500 0.2500 0.0000 0.0000 0.0000 0.0000 0.0000 0.0000 
main 8.0000 4.0000 31.0000 7.0000 1.0000 7.0000 6.0000 0.0000 0.0000 0.2500 1.5000 0.0000 0.0000 b 0.1700 1.7500 1.1742 1.1659 0.2500 0.2500 0.2500 0.2500 0.2500 0.2500 0.0000 0.0000 0.0000 
main 8.0000 4.0000 52.0000 7.0000 1.0000 7.0000 6.0000 0.0000 0.0000 0.2500 1.5000 0.0000 0.0000 b 0.1400 1.7500 1.0669 1.0585 0.2500 0.2500 0.2500 0.2500 0.2500 0.2500 0.0000 0.0000 0.0000 
main 8.0000 4.0000 46.0000 5.0000 0.0000 5.0000 4.0000 0.0000 0.0000 0.2500 1.0000 0.0000 0.0000 b 0.3050 1.2500 1.3942 1.3858 0.2500 0.2500 0.2500 0.2500 0.0000 0.0000 0.0000 0.0000 0.0000 
main 8.0000 5.0000 25.0000 5.0000 0.0000 5.0000 4.0000 0.0000 0.0000 0.2500 1.0000 0.0000 0.0000 b 0.1800 1.2500 1.2823 1.2739 0.2500 0.2500 0.2500 0.2500 0.0000 0.0000 0.0000 0.0000 0.0000 
main 8.0000 5.0000 39.0000 9.0000 1.0000 9.0000 8.0000 2.0000 0.0976 0.2494 1.9952 0.0906 0.1145 b 0.1400 2.2452 1.1929 1.1846 0.2718 0.1578 0.3294 0.1570 0.3883 0.3510 0.1531 0.1869 0.0000 
main 8.0000 5.0000 28.0000 6.0000 0.0000 6.0000 5.0000 0.0000 0.0000 0.2500 1.2500 0.0000 0.0000 b 0.1640 1.5000 1.2028 1.1945 0.2500 0.2500 0.2500 0.2500 0.2500 0.0000 0.0000 0.0000 0.0000 
main 8.0000 5.0000 49.0000 6.0000 0.0000 6.0000 5.0000 0.0000 0.0000 0.2500 1.2500 0.0000 0.0000 b 0.1690 1.5000 1.4696 1.4612 0.2500 0.2500 0.2500 0.2500 0.2500 0.0000 0.0000 0.0000 0.0000 
main 8.0000 5.0000 50.0000 6.0000 0.0000 6.0000 5.0000 1.0000 0.0567 0.2502 1.2512 0.0349 0.0588 b 0.1600 1.5012 1.4270 1.4187 0.2108 0.2511 0.3466 0.2343 0.2084 0.0000 0.0000 0.0000 0.0000 
main 8.0000 5.0000 18.0000 9.0000 1.0000 9.0000 8.0000 2.0000 0.0914 0.2496 1.9967 0.0906 0.1145 b 0.1780 2.2467 1.1899 1.1815 0.2692 0.1839 0.3830 0.1641 0.1899 0.1589 0.2696 0.3780 0.0000 
main 8.0000 5.0000 59.0000 9.0000 1.0000 9.0000 8.0000 1.0000 0.0482 0.2496 1.9970 0.0349 0.0588 b 0.2310 2.2470 1.0557 1.0474 0.1819 0.2550 0.2221 0.2727 0.3089 0.1868 0.2704 0.2992 0.0000 
main 8.0000 5.0000 19.0000 10.0000 2.0000 10.0000 9.0000 0.0000 0.0000 0.2500 2.2500 0.0000 0.0000 b 0.3810 2.5000 1.1756 1.1672 0.2500 0.2500 0.2500 0.2500 0.2500 0.2500 0.2500 0.2500 0.2500 
main 8.0000 5.0000 35.0000 8.0000 1.0000 8.0000 7.0000 1.0000 0.0545 0.2502 1.7517 0.0349 0.0588 b 0.2850 2.0017 1.0780 1.0697 0.2156 0.2501 0.2042 0.3647 0.2543 0.2126 0.2503 0.0000 0.0000 
main 8.0000 5.0000 53.0000 7.0000 1.0000 7.0000 6.0000 1.0000 0.0496 0.2496 1.4979 0.0349 0.0588 b 0.1700 1.7479 1.4657 1.4574 0.2637 0.1979 0.2406 0.2828 0.1926 0.3203 0.0000 0.0000 0.0000 
main 8.0000 5.0000 1.0000 4.0000 0.0000 4.0000 3.0000 0.0000 0.0000 0.2500 0.7500 0.0000 0.0000 b 0.3810 1.0000 1.4584 1.4501 0.2500 0.2500 0.2500 0.0000 0.0000 0.0000 0.0000 0.0000 0.0000 
main 8.0000 5.0000 15.0000 8.0000 1.0000 8.0000 7.0000 2.0000 0.0912 0.2501 1.7508 0.0906 0.1145 b 0.1570 2.0008 1.1142 1.1059 0.1530 0.1794 0.2936 0.3789 0.2492 0.3405 0.1563 0.0000 0.0000 
main 8.0000 5.0000 34.0000 8.0000 1.0000 8.0000 7.0000 0.0000 0.0000 0.2500 1.7500 0.0000 0.0000 b 0.1670 2.0000 1.1177 1.1094 0.2500 0.2500 0.2500 0.2500 0.2500 0.2500 0.2500 0.0000 0.0000 
main 8.0000 5.0000 60.0000 9.0000 1.0000 9.0000 8.0000 2.0000 0.0963 0.2498 1.9987 0.0906 0.1145 b 0.2330 2.2487 1.3032 1.2948 0.3949 0.1597 0.2011 0.2628 0.1550 0.2509 0.1836 0.3907 0.0000 
main 8.0000 5.0000 14.0000 8.0000 1.0000 8.0000 7.0000 1.0000 0.0453 0.2494 1.7457 0.0349 0.0588 b 0.1770 1.9957 1.0765 1.0682 0.2506 0.3144 0.2742 0.2304 0.2713 0.1692 0.2356 0.0000 0.0000 
main 8.0000 5.0000 37.0000 9.0000 1.0000 9.0000 8.0000 0.0000 0.0000 0.2500 2.0000 0.0000 0.0000 b 0.1360 2.2500 1.0732 1.0648 0.2500 0.2500 0.2500 0.2500 0.2500 0.2500 0.2500 0.2500 0.0000 
main 8.0000 5.0000 20.0000 10.0000 2.0000 10.0000 9.0000 1.0000 0.0466 0.2500 2.2503 0.0349 0.0588 b 0.1380 2.5003 1.2943 1.2860 0.3132 0.1943 0.2529 0.2820 0.2364 0.1646 0.2609 0.2897 0.2564 
main 8.0000 5.0000 57.0000 8.0000 1.0000 8.0000 7.0000 2.0000 0.0954 0.2503 1.7521 0.0906 0.1145 b 0.1900 2.0021 1.1875 1.1791 0.2538 0.3613 0.1611 0.3769 0.1635 0.2837 0.1519 0.0000 0.0000 
main 8.0000 5.0000 9.0000 6.0000 0.0000 6.0000 5.0000 2.0000 0.1011 0.2509 1.2545 0.0906 0.1145 b 0.1840 1.5045 1.1335 1.1252 0.3605 0.1817 0.3589 0.1500 0.2035 0.0000 0.0000 0.0000 0.0000 
main 8.0000 5.0000 46.0000 5.0000 0.0000 5.0000 4.0000 0.0000 0.0000 0.2500 1.0000 0.0000 0.0000 b 0.2330 1.2500 1.3586 1.3502 0.2500 0.2500 0.2500 0.2500 0.0000 0.0000 0.0000 0.0000 0.0000 
main 8.0000 5.0000 36.0000 8.0000 1.0000 8.0000 7.0000 2.0000 0.0950 0.2498 1.7485 0.0906 0.1145 b 0.1850 1.9985 1.2488 1.2405 0.1589 0.3918 0.1908 0.2178 0.3782 0.1860 0.2249 0.0000 0.0000 
main 8.0000 5.0000 11.0000 7.0000 1.0000 7.0000 6.0000 1.0000 0.0507 0.2497 1.4983 0.0349 0.0588 b 0.2060 1.7483 1.3519 1.3435 0.2014 0.2797 0.2099 0.2842 0.2041 0.3189 0.0000 0.0000 0.0000 
main 8.0000 5.0000 42.0000 10.0000 2.0000 10.0000 9.0000 2.0000 0.0912 0.2500 2.2501 0.0906 0.1145 b 0.1790 2.5001 1.3500 1.3417 0.1507 0.3646 0.1663 0.3899 0.2550 0.3168 0.2611 0.1588 0.1869 
main 8.0000 5.0000 7.0000 6.0000 0.0000 6.0000 5.0000 0.0000 0.0000 0.2500 1.2500 0.0000 0.0000 b 0.1680 1.5000 1.2738 1.2655 0.2500 0.2500 0.2500 0.2500 0.2500 0.0000 0.0000 0.0000 0.0000 
main 8.0000 5.0000 51.0000 6.0000 0.0000 6.0000 5.0000 2.0000 0.0933 0.2491 1.2456 0.0906 0.1145 b 0.2070 1.4956 1.0758 1.0674 0.3335 0.1622 0.2223 0.1663 0.3612 0.0000 0.0000 0.0000 0.0000 
main 8.0000 5.0000 29.0000 6.0000 0.0000 6.0000 5.0000 1.0000 0.0559 0.2490 1.2450 0.0349 0.0588 b 0.1640 1.4950 1.0547 1.0464 0.2434 0.3338 0.2582 0.2304 0.1793 0.0000 0.0000 0.0000 0.0000 
main 8.0000 5.0000 58.0000 9.0000 1.0000 9.0000 8.0000 0.0000 0.0000 0.2500 2.0000 0.0000 0.0000 b 0.1930 2.2500 1.4747 1.4664 0.2500 0.2500 0.2500 0.2500 0.2500 0.2500 0.2500 0.2500 0.0000 
main 8.0000 5.0000 31.0000 7.0000 1.0000 7.0000 6.0000 0.0000 0.0000 0.2500 1.5000 0.0000 0.0000 b 0.2030 1.7500 1.2886 1.2803 0.2500 0.2500 0.2500 0.2500 0.2500 0.2500 0.0000 0.0000 0.0000 
main 8.0000 5.0000 10.0000 7.0000 1.0000 7.0000 6.0000 0.0000 0.0000 0.2500 1.5000 0.0000 0.0000 b 0.1800 1.7500 1.0991 1.0907 0.2500 0.2500 0.2500 0.2500 0.2500 0.2500 0.0000 0.0000 0.0000 
main 8.0000 5.0000 22.0000 4.0000 0.0000 4.0000 3.0000 0.0000 0.0000 0.2500 0.7500 0.0000 0.0000 b 0.2280 1.0000 1.1213 1.1129 0.2500 0.2500 0.2500 0.0000 0.0000 0.0000 0.0000 0.0000 0.0000 
main 8.0000 5.0000 24.0000 4.0000 0.0000 4.0000 3.0000 2.0000 0.1116 0.2509 0.7526 0.0906 0.1145 b 0.2510 1.0026 1.1003 1.0919 0.2315 0.1501 0.3709 0.0000 0.0000 0.0000 0.0000 0.0000 0.0000 
main 8.0000 5.0000 33.0000 7.0000 1.0000 7.0000 6.0000 2.0000 0.1008 0.2493 1.4955 0.0906 0.1145 b 0.2170 1.7455 1.1617 1.1533 0.1722 0.2095 0.1782 0.3885 0.1796 0.3677 0.0000 0.0000 0.0000 
main 8.0000 5.0000 38.0000 9.0000 1.0000 9.0000 8.0000 1.0000 0.0530 0.2504 2.0031 0.0349 0.0588 b 0.1770 2.2531 1.1015 1.0931 0.2344 0.2957 0.2148 0.1770 0.2181 0.2802 0.2396 0.3433 0.0000 
main 8.0000 5.0000 61.0000 10.0000 2.0000 10.0000 9.0000 0.0000 0.0000 0.2500 2.2500 0.0000 0.0000 b 0.2670 2.5000 1.3190 1.3106 0.2500 0.2500 0.2500 0.2500 0.2500 0.2500 0.2500 0.2500 0.2500 
main 8.0000 5.0000 5.0000 5.0000 0.0000 5.0000 4.0000 1.0000 0.0384 0.2503 1.0012 0.0349 0.0588 b 0.3550 1.2512 1.3568 1.3485 0.2606 0.2119 0.2994 0.2293 0.0000 0.0000 0.0000 0.0000 0.0000 
main 8.0000 5.0000 55.0000 8.0000 1.0000 8.0000 7.0000 0.0000 0.0000 0.2500 1.7500 0.0000 0.0000 b 0.2450 2.0000 1.0755 1.0672 0.2500 0.2500 0.2500 0.2500 0.2500 0.2500 0.2500 0.0000 0.0000 
main 8.0000 5.0000 8.0000 6.0000 0.0000 6.0000 5.0000 1.0000 0.0408 0.2502 1.2511 0.0349 0.0588 b 0.2160 1.5011 1.4144 1.4061 0.2149 0.2878 0.2419 0.2089 0.2975 0.0000 0.0000 0.0000 0.0000 
main 8.0000 5.0000 44.0000 4.0000 0.0000 4.0000 3.0000 1.0000 0.0447 0.2490 0.7470 0.0349 0.0588 b 0.4490 0.9970 1.4476 1.4393 0.1996 0.2866 0.2608 0.0000 0.0000 0.0000 0.0000 0.0000 0.0000 
main 8.0000 5.0000 17.0000 9.0000 1.0000 9.0000 8.0000 1.0000 0.0585 0.2504 2.0035 0.0349 0.0588 b 0.1700 2.2535 1.4751 1.4668 0.3492 0.2873 0.2006 0.2496 0.2222 0.3006 0.2221 0.1716 0.0000 
main 8.0000 5.0000 32.0000 7.0000 1.0000 7.0000 6.0000 1.0000 0.0577 0.2504 1.5021 0.0349 0.0588 b 0.1630 1.7521 1.3144 1.3061 0.2128 0.3131 0.2006 0.2816 0.3094 0.1845 0.0000 0.0000 0.0000 
main 8.0000 5.0000 62.0000 10.0000 2.0000 10.0000 9.0000 1.0000 0.0480 0.2504 2.2540 0.0349 0.0588 b 0.1350 2.5040 1.0901 1.0817 0.2182 0.1876 0.2967 0.2296 0.2893 0.1860 0.2828 0.2492 0.3148 
main 8.0000 5.0000 21.0000 10.0000 2.0000 10.0000 9.0000 2.0000 0.0918 0.2505 2.2544 0.0906 0.1145 b 0.5250 2.5044 1.2307 1.2224 0.1653 0.2538 0.3409 0.2170 0.1748 0.3690 0.1928 0.3866 0.1542 
main 8.0000 5.0000 47.0000 5.0000 0.0000 5.0000 4.0000 1.0000 0.0378 0.2488 0.9952 0.0349 0.0588 b 0.2300 1.2452 1.4935 1.4852 0.2674 0.2117 0.2927 0.2235 0.0000 0.0000 0.0000 0.0000 0.0000 
main 8.0000 5.0000 40.0000 10.0000 2.0000 10.0000 9.0000 0.0000 0.0000 0.2500 2.2500 0.0000 0.0000 b 0.1790 2.5000 1.4550 1.4467 0.2500 0.2500 0.2500 0.2500 0.2500 0.2500 0.2500 0.2500 0.2500 
main 8.0000 5.0000 23.0000 4.0000 0.0000 4.0000 3.0000 1.0000 0.0468 0.2485 0.7456 0.0349 0.0588 b 0.4200 0.9956 1.4457 1.4374 0.2131 0.3015 0.2309 0.0000 0.0000 0.0000 0.0000 0.0000 0.0000 
main 8.0000 5.0000 43.0000 4.0000 0.0000 4.0000 3.0000 0.0000 0.0000 0.2500 0.7500 0.0000 0.0000 b 0.3850 1.0000 1.0111 1.0028 0.2500 0.2500 0.2500 0.0000 0.0000 0.0000 0.0000 0.0000 0.0000 
main 8.0000 5.0000 56.0000 8.0000 1.0000 8.0000 7.0000 1.0000 0.0494 0.2503 1.7523 0.0349 0.0588 b 0.1750 2.0023 1.4589 1.4506 0.2653 0.1955 0.2340 0.2650 0.1851 0.2819 0.3256 0.0000 0.0000 
main 8.0000 5.0000 54.0000 7.0000 1.0000 7.0000 6.0000 2.0000 0.0950 0.2503 1.5017 0.0906 0.1145 b 0.1720 1.7517 1.3631 1.3548 0.1887 0.2656 0.1794 0.1509 0.3960 0.3210 0.0000 0.0000 0.0000 
main 8.0000 5.0000 63.0000 10.0000 2.0000 10.0000 9.0000 2.0000 0.1070 0.2496 2.2467 0.0906 0.1145 b 0.1500 2.4967 1.1399 1.1316 0.1669 0.2001 0.3812 0.1786 0.2036 0.3928 0.1631 0.3984 0.1620 
main 8.0000 5.0000 48.0000 5.0000 0.0000 5.0000 4.0000 2.0000 0.1084 0.2507 1.0026 0.0906 0.1145 b 0.2900 1.2526 1.3309 1.3226 0.1717 0.3805 0.1515 0.2990 0.0000 0.0000 0.0000 0.0000 0.0000 
main 8.0000 5.0000 41.0000 10.0000 2.0000 10.0000 9.0000 1.0000 0.0556 0.2496 2.2460 0.0349 0.0588 b 0.1650 2.4960 1.3089 1.3006 0.3203 0.2641 0.1624 0.2596 0.1645 0.2738 0.3003 0.2235 0.2775 
main 8.0000 5.0000 26.0000 5.0000 0.0000 5.0000 4.0000 1.0000 0.0498 0.2497 0.9986 0.0349 0.0588 b 0.2620 1.2486 1.4618 1.4535 0.2455 0.3094 0.2559 0.1878 0.0000 0.0000 0.0000 0.0000 0.0000 
main 8.0000 5.0000 27.0000 5.0000 0.0000 5.0000 4.0000 2.0000 0.0968 0.2512 1.0050 0.0906 0.1145 b 0.2160 1.2550 1.4920 1.4837 0.3809 0.1541 0.2606 0.2093 0.0000 0.0000 0.0000 0.0000 0.0000 
main 8.0000 5.0000 52.0000 7.0000 1.0000 7.0000 6.0000 0.0000 0.0000 0.2500 1.5000 0.0000 0.0000 b 0.2980 1.7500 1.0254 1.0170 0.2500 0.2500 0.2500 0.2500 0.2500 0.2500 0.0000 0.0000 0.0000 
main 8.0000 5.0000 45.0000 4.0000 0.0000 4.0000 3.0000 2.0000 0.0926 0.2484 0.7453 0.0906 0.1145 b 0.3580 0.9953 1.3123 1.3040 0.1617 0.3460 0.2376 0.0000 0.0000 0.0000 0.0000 0.0000 0.0000 
main 8.0000 5.0000 6.0000 5.0000 0.0000 5.0000 4.0000 2.0000 0.1053 0.2510 1.0042 0.0906 0.1145 b 0.2980 1.2542 1.3896 1.3813 0.2780 0.1663 0.3888 0.1710 0.0000 0.0000 0.0000 0.0000 0.0000 
main 8.0000 5.0000 2.0000 4.0000 0.0000 4.0000 3.0000 1.0000 0.0458 0.2507 0.7522 0.0349 0.0588 b 0.2700 1.0022 1.2934 1.2850 0.2410 0.2106 0.3006 0.0000 0.0000 0.0000 0.0000 0.0000 0.0000 
main 8.0000 5.0000 13.0000 8.0000 1.0000 8.0000 7.0000 0.0000 0.0000 0.2500 1.7500 0.0000 0.0000 b 0.2200 2.0000 1.0661 1.0578 0.2500 0.2500 0.2500 0.2500 0.2500 0.2500 0.2500 0.0000 0.0000 
main 8.0000 5.0000 3.0000 4.0000 0.0000 4.0000 3.0000 2.0000 0.1127 0.2491 0.7473 0.0906 0.1145 b 0.2230 0.9973 1.1582 1.1499 0.2080 0.1627 0.3765 0.0000 0.0000 0.0000 0.0000 0.0000 0.0000 
main 8.0000 5.0000 12.0000 7.0000 1.0000 7.0000 6.0000 2.0000 0.0934 0.2504 1.5024 0.0906 0.1145 b 0.2230 1.7524 1.1343 1.1259 0.3873 0.3250 0.2117 0.1537 0.2652 0.1597 0.0000 0.0000 0.0000 
main 8.0000 5.0000 30.0000 6.0000 0.0000 6.0000 5.0000 2.0000 0.0928 0.2494 1.2469 0.0906 0.1145 b 0.6180 1.4969 1.1018 1.0934 0.1935 0.3585 0.1557 0.3397 0.1995 0.0000 0.0000 0.0000 0.0000 
main 8.0000 5.0000 4.0000 5.0000 0.0000 5.0000 4.0000 0.0000 0.0000 0.2500 1.0000 0.0000 0.0000 b 0.2150 1.2500 1.0903 1.0819 0.2500 0.2500 0.2500 0.2500 0.0000 0.0000 0.0000 0.0000 0.0000 
main 8.0000 5.0000 16.0000 9.0000 1.0000 9.0000 8.0000 0.0000 0.0000 0.2500 2.0000 0.0000 0.0000 b 0.1710 2.2500 1.4759 1.4676 0.2500 0.2500 0.2500 0.2500 0.2500 0.2500 0.2500 0.2500 0.0000 
main 8.0000 6.0000 8.0000 6.0000 0.0000 6.0000 5.0000 1.0000 0.0487 0.2492 1.2459 0.0349 0.0588 b 0.1650 1.4959 1.3940 1.3857 0.2654 0.3008 0.2728 0.1733 0.2335 0.0000 0.0000 0.0000 0.0000 
main 8.0000 6.0000 55.0000 8.0000 1.0000 8.0000 7.0000 0.0000 0.0000 0.2500 1.7500 0.0000 0.0000 b 0.2080 2.0000 1.2337 1.2254 0.2500 0.2500 0.2500 0.2500 0.2500 0.2500 0.2500 0.0000 0.0000 
main 8.0000 6.0000 42.0000 10.0000 2.0000 10.0000 9.0000 2.0000 0.0933 0.2501 2.2509 0.0906 0.1145 b 0.1850 2.5009 1.2666 1.2583 0.1598 0.1896 0.3780 0.1684 0.3497 0.1614 0.3735 0.2614 0.2092 
main 8.0000 6.0000 60.0000 9.0000 1.0000 9.0000 8.0000 2.0000 0.0943 0.2505 2.0041 0.0906 0.1145 b 0.1830 2.2541 1.3961 1.3878 0.1637 0.3473 0.3009 0.3333 0.1562 0.3655 0.1836 0.1536 0.0000 
main 8.0000 6.0000 30.0000 6.0000 0.0000 6.0000 5.0000 2.0000 0.0975 0.2504 1.2518 0.0906 0.1145 b 0.4810 1.5018 1.3301 1.3217 0.1727 0.2003 0.3976 0.1787 0.3025 0.0000 0.0000 0.0000 0.0000 
main 8.0000 6.0000 18.0000 9.0000 1.0000 9.0000 8.0000 2.0000 0.0944 0.2495 1.9961 0.0906 0.1145 b 0.1570 2.2461 1.1591 1.1507 0.3655 0.2880 0.1587 0.1990 0.2573 0.1505 0.3975 0.1797 0.0000 
main 8.0000 6.0000 27.0000 5.0000 0.0000 5.0000 4.0000 2.0000 0.0910 0.2502 1.0008 0.0906 0.1145 b 0.1890 1.2508 1.2747 1.2664 0.3368 0.1546 0.3186 0.1907 0.0000 0.0000 0.0000 0.0000 0.0000 
main 8.0000 6.0000 45.0000 4.0000 0.0000 4.0000 3.0000 2.0000 0.0987 0.2484 0.7453 0.0906 0.1145 b 0.2410 0.9953 1.3940 1.3857 0.3589 0.1689 0.2174 0.0000 0.0000 0.0000 0.0000 0.0000 0.0000 
main 8.0000 6.0000 16.0000 9.0000 1.0000 9.0000 8.0000 0.0000 0.0000 0.2500 2.0000 0.0000 0.0000 b 0.0440 2.2500 1.3400 1.3316 0.2500 0.2500 0.2500 0.2500 0.2500 0.2500 0.2500 0.2500 0.0000 
main 8.0000 6.0000 50.0000 6.0000 0.0000 6.0000 5.0000 1.0000 0.0398 0.2506 1.2528 0.0349 0.0588 b 0.1730 1.5028 1.3550 1.3467 0.2826 0.2050 0.2553 0.2151 0.2947 0.0000 0.0000 0.0000 0.0000 
main 8.0000 6.0000 17.0000 9.0000 1.0000 9.0000 8.0000 1.0000 0.0585 0.2505 2.0041 0.0349 0.0588 b 0.3490 2.2541 1.1871 1.1787 0.2742 0.2381 0.1560 0.2969 0.2529 0.3491 0.2045 0.2324 0.0000 
main 8.0000 6.0000 4.0000 5.0000 0.0000 5.0000 4.0000 0.0000 0.0000 0.2500 1.0000 0.0000 0.0000 b 0.2820 1.2500 1.4256 1.4172 0.2500 0.2500 0.2500 0.2500 0.0000 0.0000 0.0000 0.0000 0.0000 
main 8.0000 6.0000 11.0000 7.0000 1.0000 7.0000 6.0000 1.0000 0.0491 0.2500 1.5000 0.0349 0.0588 b 0.1500 1.7500 1.2777 1.2694 0.2338 0.2602 0.3241 0.1806 0.2768 0.2245 0.0000 0.0000 0.0000 
main 8.0000 6.0000 25.0000 5.0000 0.0000 5.0000 4.0000 0.0000 0.0000 0.2500 1.0000 0.0000 0.0000 b 0.2210 1.2500 1.2513 1.2430 0.2500 0.2500 0.2500 0.2500 0.0000 0.0000 0.0000 0.0000 0.0000 
main 8.0000 6.0000 53.0000 7.0000 1.0000 7.0000 6.0000 1.0000 0.0554 0.2508 1.5049 0.0349 0.0588 b 0.1560 1.7549 1.1201 1.1118 0.2322 0.2696 0.3411 0.1788 0.2654 0.2178 0.0000 0.0000 0.0000 
main 8.0000 6.0000 7.0000 6.0000 0.0000 6.0000 5.0000 0.0000 0.0000 0.2500 1.2500 0.0000 0.0000 b 0.1620 1.5000 1.4727 1.4644 0.2500 0.2500 0.2500 0.2500 0.2500 0.0000 0.0000 0.0000 0.0000 
main 8.0000 6.0000 29.0000 6.0000 0.0000 6.0000 5.0000 1.0000 0.0542 0.2505 1.2525 0.0349 0.0588 b 0.1780 1.5025 1.3416 1.3333 0.2058 0.3033 0.1947 0.2377 0.3110 0.0000 0.0000 0.0000 0.0000 
main 8.0000 6.0000 41.0000 10.0000 2.0000 10.0000 9.0000 1.0000 0.0568 0.2502 2.2514 0.0349 0.0588 b 0.1540 2.5014 1.1691 1.1608 0.2757 0.2456 0.1648 0.3026 0.3504 0.1936 0.2457 0.2091 0.2639 
main 8.0000 6.0000 13.0000 8.0000 1.0000 8.0000 7.0000 0.0000 0.0000 0.2500 1.7500 0.0000 0.0000 b 0.1790 2.0000 1.2717 1.2634 0.2500 0.2500 0.2500 0.2500 0.2500 0.2500 0.2500 0.0000 0.0000 
main 8.0000 6.0000 51.0000 6.0000 0.0000 6.0000 5.0000 2.0000 0.1072 0.2508 1.2541 0.0906 0.1145 b 0.1810 1.5041 1.3468 1.3384 0.1941 0.1683 0.3931 0.3379 0.1607 0.0000 0.0000 0.0000 0.0000 
main 8.0000 6.0000 56.0000 8.0000 1.0000 8.0000 7.0000 1.0000 0.0574 0.2504 1.7528 0.0349 0.0588 b 0.1360 2.0028 1.2131 1.2048 0.2581 0.3170 0.1599 0.3161 0.2668 0.2044 0.2306 0.0000 0.0000 
main 8.0000 6.0000 48.0000 5.0000 0.0000 5.0000 4.0000 2.0000 0.0930 0.2502 1.0008 0.0906 0.1145 b 0.1900 1.2508 1.1282 1.1199 0.2007 0.2827 0.3643 0.1531 0.0000 0.0000 0.0000 0.0000 0.0000 
main 8.0000 6.0000 58.0000 9.0000 1.0000 9.0000 8.0000 0.0000 0.0000 0.2500 2.0000 0.0000 0.0000 b 0.1560 2.2500 1.4926 1.4842 0.2500 0.2500 0.2500 0.2500 0.2500 0.2500 0.2500 0.2500 0.0000 
main 8.0000 6.0000 24.0000 4.0000 0.0000 4.0000 3.0000 2.0000 0.1101 0.2512 0.7537 0.0906 0.1145 b 0.2170 1.0037 1.4023 1.3940 0.2021 0.3773 0.1742 0.0000 0.0000 0.0000 0.0000 0.0000 0.0000 
main 8.0000 6.0000 33.0000 7.0000 1.0000 7.0000 6.0000 2.0000 0.0947 0.2496 1.4979 0.0906 0.1145 b 0.1360 1.7479 1.3528 1.3445 0.1753 0.3652 0.1565 0.2723 0.3546 0.1740 0.0000 0.0000 0.0000 
main 8.0000 6.0000 52.0000 7.0000 1.0000 7.0000 6.0000 0.0000 0.0000 0.2500 1.5000 0.0000 0.0000 b 0.1610 1.7500 1.1573 1.1489 0.2500 0.2500 0.2500 0.2500 0.2500 0.2500 0.0000 0.0000 0.0000 
main 8.0000 6.0000 46.0000 5.0000 0.0000 5.0000 4.0000 0.0000 0.0000 0.2500 1.0000 0.0000 0.0000 b 0.2060 1.2500 1.0154 1.0071 0.2500 0.2500 0.2500 0.2500 0.0000 0.0000 0.0000 0.0000 0.0000 
main 8.0000 6.0000 44.0000 4.0000 0.0000 4.0000 3.0000 1.0000 0.0431 0.2484 0.7452 0.0349 0.0588 b 0.2390 0.9952 1.1139 1.1056 0.2433 0.2938 0.2081 0.0000 0.0000 0.0000 0.0000 0.0000 0.0000 
main 8.0000 6.0000 3.0000 4.0000 0.0000 4.0000 3.0000 2.0000 0.1142 0.2496 0.7489 0.0906 0.1145 b 0.2140 0.9989 1.0257 1.0174 0.1996 0.1690 0.3803 0.0000 0.0000 0.0000 0.0000 0.0000 0.0000 
main 8.0000 6.0000 5.0000 5.0000 0.0000 5.0000 4.0000 1.0000 0.0416 0.2495 0.9978 0.0349 0.0588 b 0.1680 1.2478 1.3275 1.3192 0.2093 0.2985 0.2687 0.2214 0.0000 0.0000 0.0000 0.0000 0.0000 
main 8.0000 6.0000 23.0000 4.0000 0.0000 4.0000 3.0000 1.0000 0.0473 0.2491 0.7473 0.0349 0.0588 b 0.1820 0.9973 1.1685 1.1602 0.2996 0.2420 0.2057 0.0000 0.0000 0.0000 0.0000 0.0000 0.0000 
main 8.0000 6.0000 20.0000 10.0000 2.0000 10.0000 9.0000 1.0000 0.0570 0.2498 2.2486 0.0349 0.0588 b 0.1680 2.4986 1.4543 1.4459 0.2896 0.1600 0.2571 0.3255 0.2198 0.3114 0.1811 0.2287 0.2754 
main 8.0000 6.0000 6.0000 5.0000 0.0000 5.0000 4.0000 2.0000 0.0984 0.2505 1.0021 0.0906 0.1145 b 0.1550 1.2521 1.3737 1.3654 0.2560 0.1543 0.3844 0.2074 0.0000 0.0000 0.0000 0.0000 0.0000 
main 8.0000 6.0000 43.0000 4.0000 0.0000 4.0000 3.0000 0.0000 0.0000 0.2500 0.7500 0.0000 0.0000 b 0.2550 1.0000 1.0385 1.0302 0.2500 0.2500 0.2500 0.0000 0.0000 0.0000 0.0000 0.0000 0.0000 
main 8.0000 6.0000 57.0000 8.0000 1.0000 8.0000 7.0000 2.0000 0.1005 0.2500 1.7500 0.0906 0.1145 b 0.1530 2.0000 1.0811 1.0727 0.1673 0.3033 0.1591 0.3499 0.3993 0.1531 0.2179 0.0000 0.0000 
main 8.0000 6.0000 61.0000 10.0000 2.0000 10.0000 9.0000 0.0000 0.0000 0.2500 2.2500 0.0000 0.0000 b 0.1560 2.5000 1.3211 1.3128 0.2500 0.2500 0.2500 0.2500 0.2500 0.2500 0.2500 0.2500 0.2500 
main 8.0000 6.0000 19.0000 10.0000 2.0000 10.0000 9.0000 0.0000 0.0000 0.2500 2.2500 0.0000 0.0000 b 0.1410 2.5000 1.2157 1.2073 0.2500 0.2500 0.2500 0.2500 0.2500 0.2500 0.2500 0.2500 0.2500 
main 8.0000 6.0000 47.0000 5.0000 0.0000 5.0000 4.0000 1.0000 0.0352 0.2504 1.0014 0.0349 0.0588 b 0.1930 1.2514 1.3605 1.3521 0.2748 0.2172 0.2862 0.2233 0.0000 0.0000 0.0000 0.0000 0.0000 
main 8.0000 6.0000 35.0000 8.0000 1.0000 8.0000 7.0000 1.0000 0.0586 0.2499 1.7490 0.0349 0.0588 b 0.1340 1.9990 1.1169 1.1085 0.2178 0.2432 0.3080 0.1724 0.2131 0.2506 0.3439 0.0000 0.0000 
main 8.0000 6.0000 22.0000 4.0000 0.0000 4.0000 3.0000 0.0000 0.0000 0.2500 0.7500 0.0000 0.0000 b 0.2970 1.0000 1.2953 1.2870 0.2500 0.2500 0.2500 0.0000 0.0000 0.0000 0.0000 0.0000 0.0000 
main 8.0000 6.0000 10.0000 7.0000 1.0000 7.0000 6.0000 0.0000 0.0000 0.2500 1.5000 0.0000 0.0000 b 0.1330 1.7500 1.1047 1.0964 0.2500 0.2500 0.2500 0.2500 0.2500 0.2500 0.0000 0.0000 0.0000 
main 8.0000 6.0000 32.0000 7.0000 1.0000 7.0000 6.0000 1.0000 0.0521 0.2507 1.5044 0.0349 0.0588 b 0.1480 1.7544 1.0360 1.0277 0.1731 0.2731 0.2334 0.2702 0.3270 0.2277 0.0000 0.0000 0.0000 
main 8.0000 6.0000 37.0000 9.0000 1.0000 9.0000 8.0000 0.0000 0.0000 0.2500 2.0000 0.0000 0.0000 b 0.3150 2.2500 1.1200 1.1117 0.2500 0.2500 0.2500 0.2500 0.2500 0.2500 0.2500 0.2500 0.0000 
main 8.0000 6.0000 54.0000 7.0000 1.0000 7.0000 6.0000 2.0000 0.0935 0.2499 1.4996 0.0906 0.1145 b 0.1520 1.7496 1.4807 1.4724 0.1555 0.2662 0.3176 0.3928 0.2035 0.1641 0.0000 0.0000 0.0000 
main 8.0000 6.0000 49.0000 6.0000 0.0000 6.0000 5.0000 0.0000 0.0000 0.2500 1.2500 0.0000 0.0000 b 0.1370 1.5000 1.4078 1.3994 0.2500 0.2500 0.2500 0.2500 0.2500 0.0000 0.0000 0.0000 0.0000 
main 8.0000 6.0000 21.0000 10.0000 2.0000 10.0000 9.0000 2.0000 0.0912 0.2495 2.2457 0.0906 0.1145 b 0.1630 2.4957 1.4630 1.4546 0.1586 0.2003 0.1565 0.3590 0.1927 0.3406 0.3722 0.1696 0.2963 
main 8.0000 6.0000 39.0000 9.0000 1.0000 9.0000 8.0000 2.0000 0.0946 0.2506 2.0049 0.0906 0.1145 b 0.1780 2.2549 1.2013 1.1929 0.1765 0.3531 0.1663 0.3481 0.1596 0.3027 0.1519 0.3468 0.0000 
main 8.0000 6.0000 34.0000 8.0000 1.0000 8.0000 7.0000 0.0000 0.0000 0.2500 1.7500 0.0000 0.0000 b 0.1800 2.0000 1.0423 1.0340 0.2500 0.2500 0.2500 0.2500 0.2500 0.2500 0.2500 0.0000 0.0000 
main 8.0000 6.0000 59.0000 9.0000 1.0000 9.0000 8.0000 1.0000 0.0399 0.2497 1.9972 0.0349 0.0588 b 0.1540 2.2472 1.2389 1.2306 0.2319 0.2596 0.1941 0.2821 0.2314 0.3137 0.2740 0.2105 0.0000 
main 8.0000 6.0000 36.0000 8.0000 1.0000 8.0000 7.0000 2.0000 0.0953 0.2502 1.7513 0.0906 0.1145 b 0.1810 2.0013 1.4096 1.4012 0.3098 0.1587 0.2160 0.1805 0.3340 0.1573 0.3948 0.0000 0.0000 
main 8.0000 6.0000 15.0000 8.0000 1.0000 8.0000 7.0000 2.0000 0.0920 0.2500 1.7498 0.0906 0.1145 b 0.1550 1.9998 1.4917 1.4834 0.1560 0.2368 0.3566 0.2859 0.1840 0.3755 0.1551 0.0000 0.0000 
main 8.0000 6.0000 1.0000 4.0000 0.0000 4.0000 3.0000 0.0000 0.0000 0.2500 0.7500 0.0000 0.0000 b 0.2270 1.0000 1.1438 1.1355 0.2500 0.2500 0.2500 0.0000 0.0000 0.0000 0.0000 0.0000 0.0000 
main 8.0000 6.0000 38.0000 9.0000 1.0000 9.0000 8.0000 1.0000 0.0553 0.2505 2.0039 0.0349 0.0588 b 0.1670 2.2539 1.2589 1.2506 0.3212 0.2025 0.2632 0.2973 0.1668 0.1991 0.2955 0.2582 0.0000 
main 8.0000 6.0000 40.0000 10.0000 2.0000 10.0000 9.0000 0.0000 0.0000 0.2500 2.2500 0.0000 0.0000 b 0.1530 2.5000 1.1199 1.1115 0.2500 0.2500 0.2500 0.2500 0.2500 0.2500 0.2500 0.2500 0.2500 
main 8.0000 6.0000 2.0000 4.0000 0.0000 4.0000 3.0000 1.0000 0.0471 0.2507 0.7522 0.0349 0.0588 b 0.2530 1.0022 1.4518 1.4435 0.2951 0.2014 0.2557 0.0000 0.0000 0.0000 0.0000 0.0000 0.0000 
main 8.0000 6.0000 62.0000 10.0000 2.0000 10.0000 9.0000 1.0000 0.0451 0.2501 2.2510 0.0349 0.0588 b 0.1580 2.5010 1.2688 1.2605 0.2163 0.2471 0.3081 0.2458 0.2826 0.2362 0.1657 0.3076 0.2416 
main 8.0000 6.0000 26.0000 5.0000 0.0000 5.0000 4.0000 1.0000 0.0485 0.2492 0.9967 0.0349 0.0588 b 0.2870 1.2467 1.0633 1.0549 0.2633 0.2280 0.3092 0.1962 0.0000 0.0000 0.0000 0.0000 0.0000 
main 8.0000 6.0000 12.0000 7.0000 1.0000 7.0000 6.0000 2.0000 0.0932 0.2493 1.4955 0.0906 0.1145 b 0.2120 1.7455 1.1106 1.1023 0.1554 0.3275 0.1607 0.3186 0.3541 0.1793 0.0000 0.0000 0.0000 
main 8.0000 6.0000 14.0000 8.0000 1.0000 8.0000 7.0000 1.0000 0.0559 0.2494 1.7455 0.0349 0.0588 b 0.1760 1.9955 1.2499 1.2415 0.2736 0.2046 0.2577 0.3408 0.2640 0.1632 0.2417 0.0000 0.0000 
main 8.0000 6.0000 28.0000 6.0000 0.0000 6.0000 5.0000 0.0000 0.0000 0.2500 1.2500 0.0000 0.0000 b 0.1740 1.5000 1.2496 1.2413 0.2500 0.2500 0.2500 0.2500 0.2500 0.0000 0.0000 0.0000 0.0000 
main 8.0000 6.0000 31.0000 7.0000 1.0000 7.0000 6.0000 0.0000 0.0000 0.2500 1.5000 0.0000 0.0000 b 0.1750 1.7500 1.0257 1.0174 0.2500 0.2500 0.2500 0.2500 0.2500 0.2500 0.0000 0.0000 0.0000 
main 8.0000 6.0000 9.0000 6.0000 0.0000 6.0000 5.0000 2.0000 0.0995 0.2503 1.2513 0.0906 0.1145 b 0.1760 1.5013 1.1372 1.1288 0.1569 0.2069 0.3255 0.1774 0.3846 0.0000 0.0000 0.0000 0.0000 
main 8.0000 6.0000 63.0000 10.0000 2.0000 10.0000 9.0000 2.0000 0.0977 0.2501 2.2508 0.0906 0.1145 b 0.1820 2.5008 1.3750 1.3667 0.1587 0.2101 0.1562 0.3904 0.1845 0.3042 0.1522 0.3142 0.3802 
main 8.0000 7.0000 63.0000 10.0000 2.0000 10.0000 9.0000 2.0000 0.0915 0.2495 2.2454 0.0906 0.1145 b 0.1610 2.4954 1.1341 1.1258 0.1933 0.1650 0.2697 0.1574 0.3552 0.1755 0.3468 0.1959 0.3866 
main 8.0000 7.0000 54.0000 7.0000 1.0000 7.0000 6.0000 2.0000 0.0989 0.2501 1.5008 0.0906 0.1145 b 0.2280 1.7508 1.1158 1.1074 0.3368 0.2359 0.1526 0.2271 0.3966 0.1517 0.0000 0.0000 0.0000 
main 8.0000 7.0000 24.0000 4.0000 0.0000 4.0000 3.0000 2.0000 0.0986 0.2487 0.7460 0.0906 0.1145 b 0.5040 0.9960 1.1142 1.1059 0.1625 0.2273 0.3563 0.0000 0.0000 0.0000 0.0000 0.0000 0.0000 
main 8.0000 7.0000 1.0000 4.0000 0.0000 4.0000 3.0000 0.0000 0.0000 0.2500 0.7500 0.0000 0.0000 b 0.2380 1.0000 1.4501 1.4417 0.2500 0.2500 0.2500 0.0000 0.0000 0.0000 0.0000 0.0000 0.0000 
main 8.0000 7.0000 25.0000 5.0000 0.0000 5.0000 4.0000 0.0000 0.0000 0.2500 1.0000 0.0000 0.0000 b 0.1780 1.2500 1.1018 1.0935 0.2500 0.2500 0.2500 0.2500 0.0000 0.0000 0.0000 0.0000 0.0000 
main 8.0000 7.0000 43.0000 4.0000 0.0000 4.0000 3.0000 0.0000 0.0000 0.2500 0.7500 0.0000 0.0000 b 0.2010 1.0000 1.1700 1.1617 0.2500 0.2500 0.2500 0.0000 0.0000 0.0000 0.0000 0.0000 0.0000 
main 8.0000 7.0000 12.0000 7.0000 1.0000 7.0000 6.0000 2.0000 0.0930 0.2506 1.5038 0.0906 0.1145 b 0.1490 1.7538 1.2375 1.2292 0.1792 0.2788 0.3904 0.1778 0.3171 0.1605 0.0000 0.0000 0.0000 
main 8.0000 7.0000 57.0000 8.0000 1.0000 8.0000 7.0000 2.0000 0.0946 0.2494 1.7458 0.0906 0.1145 b 0.1560 1.9958 1.3584 1.3501 0.3808 0.1634 0.2232 0.1788 0.2674 0.3722 0.1600 0.0000 0.0000 
main 8.0000 7.0000 8.0000 6.0000 0.0000 6.0000 5.0000 1.0000 0.0534 0.2497 1.2484 0.0349 0.0588 b 0.1450 1.4984 1.2839 1.2756 0.2263 0.2640 0.3193 0.2640 0.1748 0.0000 0.0000 0.0000 0.0000 
main 8.0000 7.0000 11.0000 7.0000 1.0000 7.0000 6.0000 1.0000 0.0568 0.2507 1.5043 0.0349 0.0588 b 0.1570 1.7543 1.4360 1.4277 0.2516 0.1954 0.2475 0.3030 0.1815 0.3252 0.0000 0.0000 0.0000 
main 8.0000 7.0000 20.0000 10.0000 2.0000 10.0000 9.0000 1.0000 0.0454 0.2504 2.2536 0.0349 0.0588 b 0.1500 2.5036 1.4501 1.4418 0.2431 0.2778 0.2503 0.1568 0.2180 0.2871 0.3128 0.2715 0.2362 
main 8.0000 7.0000 18.0000 9.0000 1.0000 9.0000 8.0000 2.0000 0.0946 0.2496 1.9967 0.0906 0.1145 b 0.1670 2.2467 1.0017 0.9933 0.1531 0.3463 0.1576 0.1932 0.1501 0.3596 0.2969 0.3399 0.0000 
main 8.0000 7.0000 9.0000 6.0000 0.0000 6.0000 5.0000 2.0000 0.0962 0.2494 1.2470 0.0906 0.1145 b 0.1940 1.4970 1.1568 1.1484 0.1515 0.3846 0.2562 0.1635 0.2912 0.0000 0.0000 0.0000 0.0000 
main 8.0000 7.0000 53.0000 7.0000 1.0000 7.0000 6.0000 1.0000 0.0560 0.2501 1.5005 0.0349 0.0588 b 0.1650 1.7505 1.3979 1.3895 0.2177 0.2874 0.2474 0.1723 0.3345 0.2412 0.0000 0.0000 0.0000 
main 8.0000 7.0000 42.0000 10.0000 2.0000 10.0000 9.0000 2.0000 0.1017 0.2504 2.2534 0.0906 0.1145 b 0.1940 2.5034 1.3077 1.2994 0.1503 0.3415 0.1550 0.3796 0.1670 0.3329 0.1613 0.3691 0.1966 
main 8.0000 7.0000 39.0000 9.0000 1.0000 9.0000 8.0000 2.0000 0.0927 0.2506 2.0049 0.0906 0.1145 b 0.1940 2.2549 1.0263 1.0180 0.2546 0.1512 0.3730 0.1549 0.2014 0.3143 0.1824 0.3731 0.0000 
main 8.0000 7.0000 26.0000 5.0000 0.0000 5.0000 4.0000 1.0000 0.0485 0.2510 1.0040 0.0349 0.0588 b 0.3150 1.2540 1.0010 0.9927 0.3126 0.2045 0.2656 0.2213 0.0000 0.0000 0.0000 0.0000 0.0000 
main 8.0000 7.0000 16.0000 9.0000 1.0000 9.0000 8.0000 0.0000 0.0000 0.2500 2.0000 0.0000 0.0000 b 0.1840 2.2500 1.1471 1.1388 0.2500 0.2500 0.2500 0.2500 0.2500 0.2500 0.2500 0.2500 0.0000 
main 8.0000 7.0000 32.0000 7.0000 1.0000 7.0000 6.0000 1.0000 0.0584 0.2494 1.4966 0.0349 0.0588 b 0.1920 1.7466 1.3523 1.3439 0.2864 0.2158 0.1582 0.2820 0.2345 0.3198 0.0000 0.0000 0.0000 
main 8.0000 7.0000 31.0000 7.0000 1.0000 7.0000 6.0000 0.0000 0.0000 0.2500 1.5000 0.0000 0.0000 b 0.2290 1.7500 1.0494 1.0411 0.2500 0.2500 0.2500 0.2500 0.2500 0.2500 0.0000 0.0000 0.0000 
main 8.0000 7.0000 56.0000 8.0000 1.0000 8.0000 7.0000 1.0000 0.0575 0.2500 1.7502 0.0349 0.0588 b 0.1710 2.0002 1.0637 1.0553 0.2378 0.1539 0.2545 0.2249 0.2580 0.3453 0.2757 0.0000 0.0000 
main 8.0000 7.0000 37.0000 9.0000 1.0000 9.0000 8.0000 0.0000 0.0000 0.2500 2.0000 0.0000 0.0000 b 0.1860 2.2500 1.4927 1.4844 0.2500 0.2500 0.2500 0.2500 0.2500 0.2500 0.2500 0.2500 0.0000 
main 8.0000 7.0000 14.0000 8.0000 1.0000 8.0000 7.0000 1.0000 0.0493 0.2503 1.7520 0.0349 0.0588 b 0.2030 2.0020 1.0618 1.0534 0.2417 0.2703 0.2285 0.1633 0.3208 0.2829 0.2446 0.0000 0.0000 
main 8.0000 7.0000 36.0000 8.0000 1.0000 8.0000 7.0000 2.0000 0.0958 0.2499 1.7490 0.0906 0.1145 b 0.1530 1.9990 1.4643 1.4560 0.3577 0.1625 0.2023 0.3368 0.1748 0.3581 0.1568 0.0000 0.0000 
main 8.0000 7.0000 50.0000 6.0000 0.0000 6.0000 5.0000 1.0000 0.0534 0.2494 1.2472 0.0349 0.0588 b 0.1590 1.4972 1.0511 1.0428 0.1732 0.2947 0.2522 0.2239 0.3031 0.0000 0.0000 0.0000 0.0000 
main 8.0000 7.0000 60.0000 9.0000 1.0000 9.0000 8.0000 2.0000 0.0952 0.2497 1.9972 0.0906 0.1145 b 0.4910 2.2472 1.4992 1.4909 0.3970 0.2115 0.1538 0.2598 0.1894 0.3904 0.2307 0.1647 0.0000 
main 8.0000 7.0000 59.0000 9.0000 1.0000 9.0000 8.0000 1.0000 0.0578 0.2502 2.0013 0.0349 0.0588 b 0.1770 2.2513 1.1179 1.1096 0.2434 0.2139 0.2786 0.2083 0.2777 0.1733 0.3631 0.2431 0.0000 
main 8.0000 7.0000 27.0000 5.0000 0.0000 5.0000 4.0000 2.0000 0.0970 0.2502 1.0009 0.0906 0.1145 b 0.2220 1.2509 1.3277 1.3194 0.2098 0.3925 0.1753 0.2233 0.0000 0.0000 0.0000 0.0000 0.0000 
main 8.0000 7.0000 51.0000 6.0000 0.0000 6.0000 5.0000 2.0000 0.0953 0.2501 1.2504 0.0906 0.1145 b 0.1850 1.5004 1.4612 1.4529 0.2126 0.1856 0.3289 0.1515 0.3718 0.0000 0.0000 0.0000 0.0000 
main 8.0000 7.0000 28.0000 6.0000 0.0000 6.0000 5.0000 0.0000 0.0000 0.2500 1.2500 0.0000 0.0000 b 0.1980 1.5000 1.0733 1.0650 0.2500 0.2500 0.2500 0.2500 0.2500 0.0000 0.0000 0.0000 0.0000 
main 8.0000 7.0000 58.0000 9.0000 1.0000 9.0000 8.0000 0.0000 0.0000 0.2500 2.0000 0.0000 0.0000 b 0.1700 2.2500 1.1169 1.1086 0.2500 0.2500 0.2500 0.2500 0.2500 0.2500 0.2500 0.2500 0.0000 
main 8.0000 7.0000 52.0000 7.0000 1.0000 7.0000 6.0000 0.0000 0.0000 0.2500 1.5000 0.0000 0.0000 b 0.1800 1.7500 1.2724 1.2641 0.2500 0.2500 0.2500 0.2500 0.2500 0.2500 0.0000 0.0000 0.0000 
main 8.0000 7.0000 4.0000 5.0000 0.0000 5.0000 4.0000 0.0000 0.0000 0.2500 1.0000 0.0000 0.0000 b 0.1910 1.2500 1.2412 1.2328 0.2500 0.2500 0.2500 0.2500 0.0000 0.0000 0.0000 0.0000 0.0000 
main 8.0000 7.0000 15.0000 8.0000 1.0000 8.0000 7.0000 2.0000 0.0955 0.2496 1.7471 0.0906 0.1145 b 0.1890 1.9971 1.3178 1.3095 0.1611 0.3607 0.2847 0.2197 0.1544 0.1804 0.3860 0.0000 0.0000 
main 8.0000 7.0000 23.0000 4.0000 0.0000 4.0000 3.0000 1.0000 0.0443 0.2494 0.7481 0.0349 0.0588 b 0.3030 0.9981 1.4511 1.4428 0.2912 0.2541 0.2029 0.0000 0.0000 0.0000 0.0000 0.0000 0.0000 
main 8.0000 7.0000 47.0000 5.0000 0.0000 5.0000 4.0000 1.0000 0.0483 0.2495 0.9979 0.0349 0.0588 b 0.1650 1.2479 1.1633 1.1550 0.2692 0.3061 0.2270 0.1956 0.0000 0.0000 0.0000 0.0000 0.0000 
main 8.0000 7.0000 34.0000 8.0000 1.0000 8.0000 7.0000 0.0000 0.0000 0.2500 1.7500 0.0000 0.0000 b 0.1740 2.0000 1.3095 1.3012 0.2500 0.2500 0.2500 0.2500 0.2500 0.2500 0.2500 0.0000 0.0000 
main 8.0000 7.0000 45.0000 4.0000 0.0000 4.0000 3.0000 2.0000 0.0908 0.2491 0.7472 0.0906 0.1145 b 0.2750 0.9972 1.0094 1.0011 0.3488 0.1712 0.2272 0.0000 0.0000 0.0000 0.0000 0.0000 0.0000 
main 8.0000 7.0000 5.0000 5.0000 0.0000 5.0000 4.0000 1.0000 0.0499 0.2507 1.0030 0.0349 0.0588 b 0.1990 1.2530 1.2761 1.2678 0.2980 0.2051 0.2897 0.2101 0.0000 0.0000 0.0000 0.0000 0.0000 
main 8.0000 7.0000 44.0000 4.0000 0.0000 4.0000 3.0000 1.0000 0.0473 0.2490 0.7471 0.0349 0.0588 b 0.2040 0.9971 1.3283 1.3199 0.2667 0.1955 0.2850 0.0000 0.0000 0.0000 0.0000 0.0000 0.0000 
main 8.0000 7.0000 61.0000 10.0000 2.0000 10.0000 9.0000 0.0000 0.0000 0.2500 2.2500 0.0000 0.0000 b 0.2250 2.5000 1.2197 1.2113 0.2500 0.2500 0.2500 0.2500 0.2500 0.2500 0.2500 0.2500 0.2500 
main 8.0000 7.0000 6.0000 5.0000 0.0000 5.0000 4.0000 2.0000 0.1070 0.2492 0.9967 0.0906 0.1145 b 0.2290 1.2467 1.0579 1.0495 0.1548 0.2596 0.3956 0.1868 0.0000 0.0000 0.0000 0.0000 0.0000 
main 8.0000 7.0000 30.0000 6.0000 0.0000 6.0000 5.0000 2.0000 0.0996 0.2502 1.2512 0.0906 0.1145 b 0.1660 1.5012 1.1367 1.1284 0.1520 0.2914 0.1699 0.3977 0.2401 0.0000 0.0000 0.0000 0.0000 
main 8.0000 7.0000 10.0000 7.0000 1.0000 7.0000 6.0000 0.0000 0.0000 0.2500 1.5000 0.0000 0.0000 b 0.3600 1.7500 1.0769 1.0685 0.2500 0.2500 0.2500 0.2500 0.2500 0.2500 0.0000 0.0000 0.0000 
main 8.0000 7.0000 46.0000 5.0000 0.0000 5.0000 4.0000 0.0000 0.0000 0.2500 1.0000 0.0000 0.0000 b 0.2060 1.2500 1.1485 1.1401 0.2500 0.2500 0.2500 0.2500 0.0000 0.0000 0.0000 0.0000 0.0000 
main 8.0000 7.0000 62.0000 10.0000 2.0000 10.0000 9.0000 1.0000 0.0557 0.2505 2.2547 0.0349 0.0588 b 0.1340 2.5047 1.2949 1.2865 0.2679 0.3560 0.2727 0.2471 0.1660 0.2845 0.2501 0.1894 0.2210 
main 8.0000 7.0000 21.0000 10.0000 2.0000 10.0000 9.0000 2.0000 0.0919 0.2505 2.2542 0.0906 0.1145 b 0.1530 2.5042 1.0789 1.0705 0.1739 0.3972 0.1690 0.3062 0.2463 0.1720 0.3704 0.1523 0.2669 
main 8.0000 7.0000 40.0000 10.0000 2.0000 10.0000 9.0000 0.0000 0.0000 0.2500 2.2500 0.0000 0.0000 b 0.1770 2.5000 1.4010 1.3926 0.2500 0.2500 0.2500 0.2500 0.2500 0.2500 0.2500 0.2500 0.2500 
main 8.0000 7.0000 55.0000 8.0000 1.0000 8.0000 7.0000 0.0000 0.0000 0.2500 1.7500 0.0000 0.0000 b 0.1810 2.0000 1.3994 1.3911 0.2500 0.2500 0.2500 0.2500 0.2500 0.2500 0.2500 0.0000 0.0000 
main 8.0000 7.0000 19.0000 10.0000 2.0000 10.0000 9.0000 0.0000 0.0000 0.2500 2.2500 0.0000 0.0000 b 0.3810 2.5000 1.2143 1.2060 0.2500 0.2500 0.2500 0.2500 0.2500 0.2500 0.2500 0.2500 0.2500 
main 8.0000 7.0000 48.0000 5.0000 0.0000 5.0000 4.0000 2.0000 0.0964 0.2512 1.0046 0.0906 0.1145 b 0.2710 1.2546 1.3920 1.3836 0.1842 0.2589 0.1769 0.3846 0.0000 0.0000 0.0000 0.0000 0.0000 
main 8.0000 7.0000 49.0000 6.0000 0.0000 6.0000 5.0000 0.0000 0.0000 0.2500 1.2500 0.0000 0.0000 b 0.1780 1.5000 1.0338 1.0254 0.2500 0.2500 0.2500 0.2500 0.2500 0.0000 0.0000 0.0000 0.0000 
main 8.0000 7.0000 7.0000 6.0000 0.0000 6.0000 5.0000 0.0000 0.0000 0.2500 1.2500 0.0000 0.0000 b 0.2090 1.5000 1.4380 1.4297 0.2500 0.2500 0.2500 0.2500 0.2500 0.0000 0.0000 0.0000 0.0000 
main 8.0000 7.0000 3.0000 4.0000 0.0000 4.0000 3.0000 2.0000 0.0949 0.2513 0.7538 0.0906 0.1145 b 0.2350 1.0038 1.2994 1.2911 0.1853 0.3600 0.2084 0.0000 0.0000 0.0000 0.0000 0.0000 0.0000 
main 8.0000 7.0000 33.0000 7.0000 1.0000 7.0000 6.0000 2.0000 0.0937 0.2498 1.4990 0.0906 0.1145 b 0.1610 1.7490 1.4945 1.4862 0.3868 0.1505 0.2497 0.2196 0.1615 0.3309 0.0000 0.0000 0.0000 
main 8.0000 7.0000 17.0000 9.0000 1.0000 9.0000 8.0000 1.0000 0.0543 0.2506 2.0049 0.0349 0.0588 b 0.2270 2.2549 1.3198 1.3115 0.1566 0.2833 0.2583 0.2253 0.2523 0.2067 0.3308 0.2915 0.0000 
main 8.0000 7.0000 22.0000 4.0000 0.0000 4.0000 3.0000 0.0000 0.0000 0.2500 0.7500 0.0000 0.0000 b 0.2080 1.0000 1.4802 1.4719 0.2500 0.2500 0.2500 0.0000 0.0000 0.0000 0.0000 0.0000 0.0000 
main 8.0000 7.0000 2.0000 4.0000 0.0000 4.0000 3.0000 1.0000 0.0524 0.2507 0.7521 0.0349 0.0588 b 0.2200 1.0021 1.3654 1.3570 0.2063 0.3086 0.2373 0.0000 0.0000 0.0000 0.0000 0.0000 0.0000 
main 8.0000 7.0000 35.0000 8.0000 1.0000 8.0000 7.0000 1.0000 0.0527 0.2494 1.7459 0.0349 0.0588 b 0.5740 1.9959 1.3562 1.3478 0.2560 0.1916 0.3085 0.2107 0.3207 0.2639 0.1944 0.0000 0.0000 
main 8.0000 7.0000 13.0000 8.0000 1.0000 8.0000 7.0000 0.0000 0.0000 0.2500 1.7500 0.0000 0.0000 b 0.1780 2.0000 1.1404 1.1320 0.2500 0.2500 0.2500 0.2500 0.2500 0.2500 0.2500 0.0000 0.0000 
main 8.0000 7.0000 38.0000 9.0000 1.0000 9.0000 8.0000 1.0000 0.0587 0.2504 2.0030 0.0349 0.0588 b 0.1820 2.2530 1.2927 1.2844 0.2251 0.1962 0.2600 0.1724 0.2285 0.3164 0.2566 0.3477 0.0000 
main 8.0000 7.0000 29.0000 6.0000 0.0000 6.0000 5.0000 1.0000 0.0579 0.2500 1.2498 0.0349 0.0588 b 0.3390 1.4998 1.1352 1.1269 0.2571 0.2032 0.3308 0.2728 0.1860 0.0000 0.0000 0.0000 0.0000 
main 8.0000 7.0000 41.0000 10.0000 2.0000 10.0000 9.0000 1.0000 0.0522 0.2504 2.2540 0.0349 0.0588 b 0.1790 2.5040 1.1755 1.1671 0.1563 0.2765 0.3085 0.2584 0.2298 0.1959 0.3179 0.2755 0.2352 
main 8.0000 8.0000 59.0000 9.0000 1.0000 9.0000 8.0000 1.0000 0.0532 0.2501 2.0005 0.0349 0.0588 b 0.2620 2.2505 1.0835 1.0752 0.2650 0.2345 0.3322 0.2448 0.2113 0.3145 0.2286 0.1695 0.0000 
main 8.0000 8.0000 9.0000 6.0000 0.0000 6.0000 5.0000 2.0000 0.1047 0.2501 1.2503 0.0906 0.1145 b 0.1960 1.5003 1.3805 1.3722 0.1764 0.3998 0.2071 0.3159 0.1510 0.0000 0.0000 0.0000 0.0000 
main 8.0000 8.0000 18.0000 9.0000 1.0000 9.0000 8.0000 2.0000 0.0942 0.2504 2.0030 0.0906 0.1145 b 0.2610 2.2530 1.4358 1.4275 0.3436 0.1784 0.1521 0.2214 0.3678 0.1663 0.3711 0.2023 0.0000 
main 8.0000 8.0000 40.0000 10.0000 2.0000 10.0000 9.0000 0.0000 0.0000 0.2500 2.2500 0.0000 0.0000 b 0.1830 2.5000 1.3339 1.3256 0.2500 0.2500 0.2500 0.2500 0.2500 0.2500 0.2500 0.2500 0.2500 
main 8.0000 8.0000 22.0000 4.0000 0.0000 4.0000 3.0000 0.0000 0.0000 0.2500 0.7500 0.0000 0.0000 b 0.2700 1.0000 1.3130 1.3046 0.2500 0.2500 0.2500 0.0000 0.0000 0.0000 0.0000 0.0000 0.0000 
main 8.0000 8.0000 10.0000 7.0000 1.0000 7.0000 6.0000 0.0000 0.0000 0.2500 1.5000 0.0000 0.0000 b 0.2350 1.7500 1.3217 1.3133 0.2500 0.2500 0.2500 0.2500 0.2500 0.2500 0.0000 0.0000 0.0000 
main 8.0000 8.0000 17.0000 9.0000 1.0000 9.0000 8.0000 1.0000 0.0574 0.2494 1.9953 0.0349 0.0588 b 0.2710 2.2453 1.1976 1.1892 0.2267 0.1950 0.2923 0.3264 0.1695 0.2784 0.2057 0.3013 0.0000 
main 8.0000 8.0000 12.0000 7.0000 1.0000 7.0000 6.0000 2.0000 0.0931 0.2506 1.5037 0.0906 0.1145 b 0.5070 1.7537 1.1337 1.1254 0.3443 0.1583 0.2856 0.3639 0.1950 0.1565 0.0000 0.0000 0.0000 
main 8.0000 8.0000 5.0000 5.0000 0.0000 5.0000 4.0000 1.0000 0.0582 0.2494 0.9976 0.0349 0.0588 b 0.3490 1.2476 1.2670 1.2587 0.3102 0.2734 0.2409 0.1731 0.0000 0.0000 0.0000 0.0000 0.0000 
main 8.0000 8.0000 48.0000 5.0000 0.0000 5.0000 4.0000 2.0000 0.0968 0.2508 1.0034 0.0906 0.1145 b 0.3920 1.2534 1.3521 1.3438 0.2598 0.3832 0.1965 0.1639 0.0000 0.0000 0.0000 0.0000 0.0000 
main 8.0000 8.0000 52.0000 7.0000 1.0000 7.0000 6.0000 0.0000 0.0000 0.2500 1.5000 0.0000 0.0000 b 0.1640 1.7500 1.2213 1.2129 0.2500 0.2500 0.2500 0.2500 0.2500 0.2500 0.0000 0.0000 0.0000 
main 8.0000 8.0000 49.0000 6.0000 0.0000 6.0000 5.0000 0.0000 0.0000 0.2500 1.2500 0.0000 0.0000 b 0.1920 1.5000 1.1452 1.1368 0.2500 0.2500 0.2500 0.2500 0.2500 0.0000 0.0000 0.0000 0.0000 
main 8.0000 8.0000 46.0000 5.0000 0.0000 5.0000 4.0000 0.0000 0.0000 0.2500 1.0000 0.0000 0.0000 b 0.1990 1.2500 1.0434 1.0351 0.2500 0.2500 0.2500 0.2500 0.0000 0.0000 0.0000 0.0000 0.0000 
main 8.0000 8.0000 26.0000 5.0000 0.0000 5.0000 4.0000 1.0000 0.0547 0.2493 0.9973 0.0349 0.0588 b 0.2150 1.2473 1.0376 1.0292 0.2190 0.3095 0.1897 0.2790 0.0000 0.0000 0.0000 0.0000 0.0000 
main 8.0000 8.0000 6.0000 5.0000 0.0000 5.0000 4.0000 2.0000 0.1034 0.2493 0.9971 0.0906 0.1145 b 0.1680 1.2471 1.2511 1.2428 0.2455 0.1798 0.3967 0.1752 0.0000 0.0000 0.0000 0.0000 0.0000 
main 8.0000 8.0000 60.0000 9.0000 1.0000 9.0000 8.0000 2.0000 0.0906 0.2504 2.0032 0.0906 0.1145 b 0.1080 2.2532 1.2365 1.2282 0.3838 0.1845 0.2934 0.1568 0.2134 0.3748 0.1630 0.2335 0.0000 
main 8.0000 8.0000 45.0000 4.0000 0.0000 4.0000 3.0000 2.0000 0.0995 0.2501 0.7503 0.0906 0.1145 b 0.2660 1.0003 1.0406 1.0323 0.2505 0.3494 0.1504 0.0000 0.0000 0.0000 0.0000 0.0000 0.0000 
main 8.0000 8.0000 54.0000 7.0000 1.0000 7.0000 6.0000 2.0000 0.0927 0.2503 1.5019 0.0906 0.1145 b 0.2020 1.7519 1.2843 1.2760 0.3452 0.1792 0.2480 0.3798 0.1946 0.1551 0.0000 0.0000 0.0000 
main 8.0000 8.0000 11.0000 7.0000 1.0000 7.0000 6.0000 1.0000 0.0585 0.2499 1.4994 0.0349 0.0588 b 0.2050 1.7494 1.0509 1.0425 0.1860 0.2415 0.2763 0.3325 0.2803 0.1828 0.0000 0.0000 0.0000 
main 8.0000 8.0000 30.0000 6.0000 0.0000 6.0000 5.0000 2.0000 0.0952 0.2494 1.2472 0.0906 0.1145 b 0.1690 1.4972 1.1003 1.0920 0.2569 0.2827 0.1644 0.3876 0.1556 0.0000 0.0000 0.0000 0.0000 
main 8.0000 8.0000 33.0000 7.0000 1.0000 7.0000 6.0000 2.0000 0.0937 0.2495 1.4972 0.0906 0.1145 b 0.2020 1.7472 1.0798 1.0715 0.1806 0.1549 0.3775 0.1927 0.2394 0.3520 0.0000 0.0000 0.0000 
main 8.0000 8.0000 14.0000 8.0000 1.0000 8.0000 7.0000 1.0000 0.0436 0.2498 1.7487 0.0349 0.0588 b 0.1390 1.9987 1.4036 1.3952 0.2295 0.2676 0.2387 0.2113 0.3104 0.1938 0.2975 0.0000 0.0000 
main 8.0000 8.0000 57.0000 8.0000 1.0000 8.0000 7.0000 2.0000 0.0931 0.2506 1.7544 0.0906 0.1145 b 0.2310 2.0044 1.3687 1.3603 0.1784 0.3732 0.2197 0.1871 0.2474 0.1612 0.3874 0.0000 0.0000 
main 8.0000 8.0000 32.0000 7.0000 1.0000 7.0000 6.0000 1.0000 0.0483 0.2507 1.5042 0.0349 0.0588 b 0.2030 1.7542 1.3209 1.3126 0.2086 0.3324 0.2619 0.2159 0.2722 0.2132 0.0000 0.0000 0.0000 
main 8.0000 8.0000 51.0000 6.0000 0.0000 6.0000 5.0000 2.0000 0.1007 0.2509 1.2547 0.0906 0.1145 b 0.3900 1.5047 1.4662 1.4579 0.1642 0.3599 0.1720 0.3609 0.1978 0.0000 0.0000 0.0000 0.0000 
main 8.0000 8.0000 35.0000 8.0000 1.0000 8.0000 7.0000 1.0000 0.0485 0.2498 1.7484 0.0349 0.0588 b 0.1810 1.9984 1.2967 1.2884 0.2223 0.1731 0.2982 0.2215 0.2728 0.3116 0.2490 0.0000 0.0000 
main 8.0000 8.0000 34.0000 8.0000 1.0000 8.0000 7.0000 0.0000 0.0000 0.2500 1.7500 0.0000 0.0000 b 0.2220 2.0000 1.0470 1.0387 0.2500 0.2500 0.2500 0.2500 0.2500 0.2500 0.2500 0.0000 0.0000 
main 8.0000 8.0000 41.0000 10.0000 2.0000 10.0000 9.0000 1.0000 0.0475 0.2501 2.2505 0.0349 0.0588 b 0.1680 2.5005 1.0849 1.0766 0.2854 0.1998 0.1738 0.2852 0.2339 0.3125 0.2591 0.2116 0.2892 
main 8.0000 8.0000 31.0000 7.0000 1.0000 7.0000 6.0000 0.0000 0.0000 0.2500 1.5000 0.0000 0.0000 NA TO 1.7500 1.4564 1.4481 0.2500 0.2500 0.2500 0.2500 0.2500 0.2500 0.0000 0.0000 0.0000 
main 8.0000 8.0000 4.0000 5.0000 0.0000 5.0000 4.0000 0.0000 0.0000 0.2500 1.0000 0.0000 0.0000 b 0.2100 1.2500 1.4554 1.4471 0.2500 0.2500 0.2500 0.2500 0.0000 0.0000 0.0000 0.0000 0.0000 
main 8.0000 8.0000 42.0000 10.0000 2.0000 10.0000 9.0000 2.0000 0.0966 0.2500 2.2496 0.0906 0.1145 b 0.1810 2.4996 1.4574 1.4490 0.1538 0.2380 0.3737 0.2256 0.1835 0.1515 0.3669 0.1785 0.3781 
main 8.0000 8.0000 43.0000 4.0000 0.0000 4.0000 3.0000 0.0000 0.0000 0.2500 0.7500 0.0000 0.0000 b 0.3370 1.0000 1.2048 1.1965 0.2500 0.2500 0.2500 0.0000 0.0000 0.0000 0.0000 0.0000 0.0000 
main 8.0000 8.0000 7.0000 6.0000 0.0000 6.0000 5.0000 0.0000 0.0000 0.2500 1.2500 0.0000 0.0000 b 0.1730 1.5000 1.3358 1.3275 0.2500 0.2500 0.2500 0.2500 0.2500 0.0000 0.0000 0.0000 0.0000 
main 8.0000 8.0000 3.0000 4.0000 0.0000 4.0000 3.0000 2.0000 0.0956 0.2511 0.7533 0.0906 0.1145 b 0.2050 1.0033 1.3178 1.3095 0.1834 0.2095 0.3605 0.0000 0.0000 0.0000 0.0000 0.0000 0.0000 
main 8.0000 8.0000 63.0000 10.0000 2.0000 10.0000 9.0000 2.0000 0.0931 0.2500 2.2503 0.0906 0.1145 b 0.1360 2.5003 1.0588 1.0504 0.2951 0.3783 0.1670 0.2766 0.1516 0.2549 0.1712 0.3914 0.1643 
main 8.0000 8.0000 55.0000 8.0000 1.0000 8.0000 7.0000 0.0000 0.0000 0.2500 1.7500 0.0000 0.0000 b 0.2130 2.0000 1.3894 1.3811 0.2500 0.2500 0.2500 0.2500 0.2500 0.2500 0.2500 0.0000 0.0000 
main 8.0000 8.0000 53.0000 7.0000 1.0000 7.0000 6.0000 1.0000 0.0545 0.2500 1.5001 0.0349 0.0588 b 0.1860 1.7501 1.1499 1.1415 0.2713 0.1960 0.2593 0.1787 0.2671 0.3276 0.0000 0.0000 0.0000 
main 8.0000 8.0000 2.0000 4.0000 0.0000 4.0000 3.0000 1.0000 0.0468 0.2509 0.7527 0.0349 0.0588 b 0.2650 1.0027 1.1076 1.0993 0.2374 0.2124 0.3029 0.0000 0.0000 0.0000 0.0000 0.0000 0.0000 
main 8.0000 8.0000 47.0000 5.0000 0.0000 5.0000 4.0000 1.0000 0.0445 0.2496 0.9985 0.0349 0.0588 b 0.2870 1.2485 1.4327 1.4244 0.2193 0.2551 0.2137 0.3104 0.0000 0.0000 0.0000 0.0000 0.0000 
main 8.0000 8.0000 44.0000 4.0000 0.0000 4.0000 3.0000 1.0000 0.0458 0.2494 0.7482 0.0349 0.0588 b 0.3480 0.9982 1.2412 1.2328 0.2098 0.2996 0.2388 0.0000 0.0000 0.0000 0.0000 0.0000 0.0000 
main 8.0000 8.0000 28.0000 6.0000 0.0000 6.0000 5.0000 0.0000 0.0000 0.2500 1.2500 0.0000 0.0000 b 0.2100 1.5000 1.0511 1.0428 0.2500 0.2500 0.2500 0.2500 0.2500 0.0000 0.0000 0.0000 0.0000 
main 8.0000 8.0000 38.0000 9.0000 1.0000 9.0000 8.0000 1.0000 0.0582 0.2501 2.0007 0.0349 0.0588 b 0.1460 2.2507 1.1895 1.1812 0.3007 0.2078 0.2749 0.2411 0.1725 0.2937 0.3281 0.1819 0.0000 
main 8.0000 8.0000 21.0000 10.0000 2.0000 10.0000 9.0000 2.0000 0.0921 0.2498 2.2484 0.0906 0.1145 b 0.1740 2.4984 1.0207 1.0123 0.3039 0.1940 0.3691 0.2880 0.1693 0.3986 0.1700 0.1975 0.1581 
main 8.0000 8.0000 36.0000 8.0000 1.0000 8.0000 7.0000 2.0000 0.1008 0.2505 1.7537 0.0906 0.1145 b 0.1670 2.0037 1.4446 1.4362 0.2813 0.1997 0.1583 0.3938 0.1822 0.3764 0.1619 0.0000 0.0000 
main 8.0000 8.0000 20.0000 10.0000 2.0000 10.0000 9.0000 1.0000 0.0510 0.2495 2.2454 0.0349 0.0588 b 0.1730 2.4954 1.2305 1.2222 0.1857 0.2727 0.1843 0.2442 0.2185 0.3385 0.2986 0.2690 0.2338 
main 8.0000 8.0000 23.0000 4.0000 0.0000 4.0000 3.0000 1.0000 0.0540 0.2496 0.7487 0.0349 0.0588 b 0.3000 0.9987 1.0076 0.9992 0.2976 0.1911 0.2600 0.0000 0.0000 0.0000 0.0000 0.0000 0.0000 
main 8.0000 8.0000 61.0000 10.0000 2.0000 10.0000 9.0000 0.0000 0.0000 0.2500 2.2500 0.0000 0.0000 b 0.1650 2.5000 1.1846 1.1762 0.2500 0.2500 0.2500 0.2500 0.2500 0.2500 0.2500 0.2500 0.2500 
main 8.0000 8.0000 37.0000 9.0000 1.0000 9.0000 8.0000 0.0000 0.0000 0.2500 2.0000 0.0000 0.0000 b 0.2970 2.2500 1.0037 0.9954 0.2500 0.2500 0.2500 0.2500 0.2500 0.2500 0.2500 0.2500 0.0000 
main 8.0000 8.0000 15.0000 8.0000 1.0000 8.0000 7.0000 2.0000 0.0993 0.2495 1.7463 0.0906 0.1145 b 0.6320 1.9963 1.2029 1.1945 0.3687 0.1512 0.2034 0.1590 0.3608 0.3309 0.1724 0.0000 0.0000 
main 8.0000 8.0000 58.0000 9.0000 1.0000 9.0000 8.0000 0.0000 0.0000 0.2500 2.0000 0.0000 0.0000 b 0.1570 2.2500 1.0692 1.0608 0.2500 0.2500 0.2500 0.2500 0.2500 0.2500 0.2500 0.2500 0.0000 
main 8.0000 8.0000 24.0000 4.0000 0.0000 4.0000 3.0000 2.0000 0.1127 0.2514 0.7542 0.0906 0.1145 b 0.2520 1.0042 1.1258 1.1175 0.3805 0.1720 0.2017 0.0000 0.0000 0.0000 0.0000 0.0000 0.0000 
main 8.0000 8.0000 29.0000 6.0000 0.0000 6.0000 5.0000 1.0000 0.0581 0.2508 1.2538 0.0349 0.0588 b 0.2200 1.5038 1.0183 1.0100 0.3016 0.2226 0.3052 0.1664 0.2579 0.0000 0.0000 0.0000 0.0000 
main 8.0000 8.0000 13.0000 8.0000 1.0000 8.0000 7.0000 0.0000 0.0000 0.2500 1.7500 0.0000 0.0000 b 0.4200 2.0000 1.2604 1.2521 0.2500 0.2500 0.2500 0.2500 0.2500 0.2500 0.2500 0.0000 0.0000 
main 8.0000 8.0000 39.0000 9.0000 1.0000 9.0000 8.0000 2.0000 0.0962 0.2506 2.0049 0.0906 0.1145 b 0.4960 2.2549 1.2623 1.2539 0.2069 0.3855 0.3107 0.1803 0.2087 0.1680 0.3876 0.1571 0.0000 
main 8.0000 8.0000 19.0000 10.0000 2.0000 10.0000 9.0000 0.0000 0.0000 0.2500 2.2500 0.0000 0.0000 b 0.1600 2.5000 1.1843 1.1760 0.2500 0.2500 0.2500 0.2500 0.2500 0.2500 0.2500 0.2500 0.2500 
main 8.0000 8.0000 8.0000 6.0000 0.0000 6.0000 5.0000 1.0000 0.0528 0.2502 1.2512 0.0349 0.0588 b 0.2010 1.5012 1.1908 1.1825 0.2505 0.2857 0.2581 0.2950 0.1618 0.0000 0.0000 0.0000 0.0000 
main 8.0000 8.0000 1.0000 4.0000 0.0000 4.0000 3.0000 0.0000 0.0000 0.2500 0.7500 0.0000 0.0000 b 0.5430 1.0000 1.3365 1.3281 0.2500 0.2500 0.2500 0.0000 0.0000 0.0000 0.0000 0.0000 0.0000 
main 8.0000 8.0000 50.0000 6.0000 0.0000 6.0000 5.0000 1.0000 0.0448 0.2496 1.2480 0.0349 0.0588 b 0.1540 1.4980 1.1564 1.1481 0.2896 0.1893 0.2498 0.2958 0.2235 0.0000 0.0000 0.0000 0.0000 
main 8.0000 8.0000 25.0000 5.0000 0.0000 5.0000 4.0000 0.0000 0.0000 0.2500 1.0000 0.0000 0.0000 b 0.1910 1.2500 1.1895 1.1811 0.2500 0.2500 0.2500 0.2500 0.0000 0.0000 0.0000 0.0000 0.0000 
main 8.0000 8.0000 16.0000 9.0000 1.0000 9.0000 8.0000 0.0000 0.0000 0.2500 2.0000 0.0000 0.0000 b 0.1540 2.2500 1.1090 1.1006 0.2500 0.2500 0.2500 0.2500 0.2500 0.2500 0.2500 0.2500 0.0000 
main 8.0000 8.0000 62.0000 10.0000 2.0000 10.0000 9.0000 1.0000 0.0586 0.2496 2.2468 0.0349 0.0588 b 0.1470 2.4968 1.3947 1.3863 0.3052 0.1912 0.2376 0.1934 0.2876 0.1736 0.3458 0.2793 0.2329 
main 8.0000 8.0000 27.0000 5.0000 0.0000 5.0000 4.0000 2.0000 0.1070 0.2510 1.0038 0.0906 0.1145 b 0.3540 1.2538 1.2767 1.2683 0.2777 0.1847 0.1514 0.3900 0.0000 0.0000 0.0000 0.0000 0.0000 
main 8.0000 8.0000 56.0000 8.0000 1.0000 8.0000 7.0000 1.0000 0.0539 0.2494 1.7460 0.0349 0.0588 b 0.1640 1.9960 1.1035 1.0952 0.3471 0.2394 0.2056 0.2521 0.1785 0.2453 0.2782 0.0000 0.0000 
