group subNo block index seqDur shortLong nTargets nIOI rhythmicVarTAG seqSTD seqMeanIOI seqSumIOI Lowbound Upbound pressedKey rt seqDuration startInterval trialDuration IOI1 IOI2 IOI3 IOI4 IOI5 IOI6 IOI7 IOI8 IOI9 
run 1.0000 1.0000 11.0000 7.0000 1.0000 7.0000 6.0000 1.0000 0.0513 0.2506 1.5034 0.0349 0.0588 m 0.1410 1.7534 1.1828 2.9290 0.3155 0.2038 0.2882 0.2260 0.1889 0.2809 0.0000 0.0000 0.0000 
run 1.0000 1.0000 13.0000 8.0000 1.0000 8.0000 7.0000 0.0000 0.0000 0.2500 1.7500 0.0000 0.0000 m 0.1580 2.0000 1.0952 3.0924 0.2500 0.2500 0.2500 0.2500 0.2500 0.2500 0.2500 0.0000 0.0000 
run 1.0000 1.0000 38.0000 4.0000 0.0000 4.0000 3.0000 1.0000 0.0519 0.2492 0.7476 0.0349 0.0588 m 0.1550 0.9976 1.0270 2.0231 0.2920 0.2642 0.1915 0.0000 0.0000 0.0000 0.0000 0.0000 0.0000 
run 1.0000 1.0000 22.0000 5.0000 0.0000 5.0000 4.0000 0.0000 0.0000 0.2500 1.0000 0.0000 0.0000 m 0.1560 1.2500 1.0805 2.3254 0.2500 0.2500 0.2500 0.2500 0.0000 0.0000 0.0000 0.0000 0.0000 
run 1.0000 1.0000 28.0000 7.0000 1.0000 7.0000 6.0000 0.0000 0.0000 0.2500 1.5000 0.0000 0.0000 m 0.1370 1.7500 1.0544 2.7922 0.2500 0.2500 0.2500 0.2500 0.2500 0.2500 0.0000 0.0000 0.0000 
run 1.0000 1.0000 53.0000 9.0000 1.0000 9.0000 8.0000 1.0000 0.0530 0.2496 1.9972 0.0349 0.0588 m 0.1710 2.2472 1.0954 3.3393 0.2985 0.2317 0.2684 0.2291 0.1517 0.2870 0.3139 0.2169 0.0000 
run 1.0000 1.0000 37.0000 4.0000 0.0000 4.0000 3.0000 0.0000 0.0000 0.2500 0.7500 0.0000 0.0000 m 0.1650 1.0000 1.0633 2.0587 0.2500 0.2500 0.2500 0.0000 0.0000 0.0000 0.0000 0.0000 0.0000 
run 1.0000 1.0000 10.0000 7.0000 1.0000 7.0000 6.0000 0.0000 0.0000 0.2500 1.5000 0.0000 0.0000 m 0.1340 1.7500 1.1570 2.8921 0.2500 0.2500 0.2500 0.2500 0.2500 0.2500 0.0000 0.0000 0.0000 
run 1.0000 1.0000 35.0000 9.0000 1.0000 9.0000 8.0000 1.0000 0.0584 0.2497 1.9979 0.0349 0.0588 m 0.1450 2.2479 1.4322 3.6734 0.2572 0.3163 0.2761 0.3199 0.2039 0.1538 0.2034 0.2672 0.0000 
run 1.0000 1.0000 51.0000 8.0000 1.0000 8.0000 7.0000 2.0000 0.0940 0.2493 1.7450 0.0906 0.1145 m 0.1700 1.9950 1.1117 3.1037 0.1531 0.3713 0.1858 0.3096 0.2016 0.3583 0.1654 0.0000 0.0000 
run 1.0000 1.0000 5.0000 5.0000 0.0000 5.0000 4.0000 1.0000 0.0550 0.2497 0.9989 0.0349 0.0588 m 0.2330 1.2489 1.3227 2.5577 0.2742 0.3133 0.2223 0.1891 0.0000 0.0000 0.0000 0.0000 0.0000 
run 1.0000 1.0000 14.0000 8.0000 1.0000 8.0000 7.0000 1.0000 0.0534 0.2497 1.7479 0.0349 0.0588 m 0.1550 1.9979 1.3866 3.3735 0.2084 0.3400 0.2005 0.2955 0.2203 0.2710 0.2122 0.0000 0.0000 
run 1.0000 1.0000 36.0000 9.0000 1.0000 9.0000 8.0000 2.0000 0.0938 0.2503 2.0024 0.0906 0.1145 m 0.2020 2.2524 1.4800 3.7281 0.3070 0.1656 0.2577 0.1954 0.1650 0.3705 0.1576 0.3835 0.0000 
run 1.0000 1.0000 26.0000 6.0000 0.0000 6.0000 5.0000 1.0000 0.0563 0.2504 1.2519 0.0349 0.0588 m 0.1660 1.5019 1.2605 2.7609 0.2955 0.2525 0.3131 0.1776 0.2131 0.0000 0.0000 0.0000 0.0000 
run 1.0000 1.0000 50.0000 8.0000 1.0000 8.0000 7.0000 1.0000 0.0582 0.2494 1.7456 0.0349 0.0588 m 0.1770 1.9956 1.0320 3.0211 0.2273 0.2566 0.2998 0.2170 0.3302 0.1520 0.2627 0.0000 0.0000 
run 1.0000 1.0000 1.0000 4.0000 0.0000 4.0000 3.0000 0.0000 0.0000 0.2500 0.7500 0.0000 0.0000 m 0.2380 1.0000 1.0026 1.9922 0.2500 0.2500 0.2500 0.0000 0.0000 0.0000 0.0000 0.0000 0.0000 
run 1.0000 1.0000 43.0000 6.0000 0.0000 6.0000 5.0000 0.0000 0.0000 0.2500 1.2500 0.0000 0.0000 m 0.1300 1.5000 1.0809 2.5755 0.2500 0.2500 0.2500 0.2500 0.2500 0.0000 0.0000 0.0000 0.0000 
run 1.0000 1.0000 39.0000 4.0000 0.0000 4.0000 3.0000 2.0000 0.1020 0.2496 0.7487 0.0906 0.1145 m 0.1910 0.9987 1.4791 2.4743 0.1563 0.2340 0.3585 0.0000 0.0000 0.0000 0.0000 0.0000 0.0000 
run 1.0000 1.0000 27.0000 6.0000 0.0000 6.0000 5.0000 2.0000 0.0938 0.2500 1.2501 0.0906 0.1145 m 0.1630 1.5001 1.4738 2.9592 0.1607 0.3158 0.2282 0.1693 0.3761 0.0000 0.0000 0.0000 0.0000 
run 1.0000 1.0000 54.0000 9.0000 1.0000 9.0000 8.0000 2.0000 0.0936 0.2495 1.9964 0.0906 0.1145 m 0.1640 2.2464 1.0586 3.3052 0.1672 0.3456 0.1635 0.3919 0.1618 0.2884 0.1749 0.3030 0.0000 
run 1.0000 1.0000 52.0000 9.0000 1.0000 9.0000 8.0000 0.0000 0.0000 0.2500 2.0000 0.0000 0.0000 m 0.1800 2.2500 1.0801 3.3255 0.2500 0.2500 0.2500 0.2500 0.2500 0.2500 0.2500 0.2500 0.0000 
run 1.0000 1.0000 31.0000 8.0000 1.0000 8.0000 7.0000 0.0000 0.0000 0.2500 1.7500 0.0000 0.0000 m 0.1420 2.0000 1.2593 3.2590 0.2500 0.2500 0.2500 0.2500 0.2500 0.2500 0.2500 0.0000 0.0000 
run 1.0000 1.0000 45.0000 6.0000 0.0000 6.0000 5.0000 2.0000 0.0991 0.2500 1.2498 0.0906 0.1145 m 0.1770 1.4998 1.0005 2.4920 0.2840 0.1572 0.2511 0.1608 0.3967 0.0000 0.0000 0.0000 0.0000 
run 1.0000 1.0000 16.0000 9.0000 1.0000 9.0000 8.0000 0.0000 0.0000 0.2500 2.0000 0.0000 0.0000 m 0.1470 2.2500 1.3990 3.6424 0.2500 0.2500 0.2500 0.2500 0.2500 0.2500 0.2500 0.2500 0.0000 
run 1.0000 1.0000 23.0000 5.0000 0.0000 5.0000 4.0000 1.0000 0.0494 0.2495 0.9979 0.0349 0.0588 m 0.1960 1.2479 1.0913 2.3233 0.3003 0.2002 0.2827 0.2147 0.0000 0.0000 0.0000 0.0000 0.0000 
run 1.0000 1.0000 4.0000 5.0000 0.0000 5.0000 4.0000 0.0000 0.0000 0.2500 1.0000 0.0000 0.0000 m 0.1550 1.2500 1.4902 2.7258 0.2500 0.2500 0.2500 0.2500 0.0000 0.0000 0.0000 0.0000 0.0000 
run 1.0000 1.0000 17.0000 9.0000 1.0000 9.0000 8.0000 1.0000 0.0568 0.2498 1.9982 0.0349 0.0588 m 0.1360 2.2482 1.3789 3.6239 0.3294 0.2376 0.1965 0.2608 0.2884 0.1912 0.3113 0.1829 0.0000 
run 1.0000 1.0000 12.0000 7.0000 1.0000 7.0000 6.0000 2.0000 0.0923 0.2506 1.5034 0.0906 0.1145 m 0.1570 1.7534 1.2289 2.9789 0.2346 0.3891 0.1921 0.1545 0.1958 0.3372 0.0000 0.0000 0.0000 
run 1.0000 1.0000 25.0000 6.0000 0.0000 6.0000 5.0000 0.0000 0.0000 0.2500 1.2500 0.0000 0.0000 m 0.1780 1.5000 1.3160 2.8090 0.2500 0.2500 0.2500 0.2500 0.2500 0.0000 0.0000 0.0000 0.0000 
run 1.0000 1.0000 2.0000 4.0000 0.0000 4.0000 3.0000 1.0000 0.0389 0.2485 0.7455 0.0349 0.0588 m 0.2010 0.9955 1.3720 2.3545 0.2876 0.2099 0.2479 0.0000 0.0000 0.0000 0.0000 0.0000 0.0000 
run 1.0000 1.0000 15.0000 8.0000 1.0000 8.0000 7.0000 2.0000 0.0948 0.2498 1.7488 0.0906 0.1145 m 0.1560 1.9988 1.0162 3.0075 0.1581 0.3935 0.3134 0.1666 0.3155 0.1517 0.2500 0.0000 0.0000 
run 1.0000 1.0000 49.0000 8.0000 1.0000 8.0000 7.0000 0.0000 0.0000 0.2500 1.7500 0.0000 0.0000 m 0.1760 2.0000 1.4578 3.4423 0.2500 0.2500 0.2500 0.2500 0.2500 0.2500 0.2500 0.0000 0.0000 
run 1.0000 1.0000 47.0000 7.0000 1.0000 7.0000 6.0000 1.0000 0.0552 0.2503 1.5016 0.0349 0.0588 m 0.1890 1.7516 1.4645 3.2108 0.3241 0.2368 0.3042 0.1820 0.2497 0.2048 0.0000 0.0000 0.0000 
run 1.0000 1.0000 9.0000 6.0000 0.0000 6.0000 5.0000 2.0000 0.0937 0.2492 1.2460 0.0906 0.1145 m 0.1590 1.4960 1.3326 2.8216 0.3702 0.1991 0.3285 0.1605 0.1877 0.0000 0.0000 0.0000 0.0000 
run 1.0000 1.0000 42.0000 5.0000 0.0000 5.0000 4.0000 2.0000 0.0938 0.2511 1.0043 0.0906 0.1145 m 0.1580 1.2543 1.1087 2.3633 0.3887 0.2261 0.1792 0.2103 0.0000 0.0000 0.0000 0.0000 0.0000 
run 1.0000 1.0000 18.0000 9.0000 1.0000 9.0000 8.0000 2.0000 0.0935 0.2505 2.0036 0.0906 0.1145 m 0.1750 2.2536 1.4932 3.7461 0.1530 0.2020 0.2890 0.3951 0.3558 0.1677 0.2806 0.1603 0.0000 
run 1.0000 1.0000 6.0000 5.0000 0.0000 5.0000 4.0000 2.0000 0.1066 0.2499 0.9995 0.0906 0.1145 m 0.1620 1.2495 1.2208 2.4585 0.2758 0.1608 0.3898 0.1732 0.0000 0.0000 0.0000 0.0000 0.0000 
run 1.0000 1.0000 48.0000 7.0000 1.0000 7.0000 6.0000 2.0000 0.0957 0.2506 1.5033 0.0906 0.1145 m 0.2720 1.7533 1.0311 2.7789 0.1746 0.3319 0.1557 0.2087 0.4000 0.2324 0.0000 0.0000 0.0000 
run 1.0000 1.0000 30.0000 7.0000 1.0000 7.0000 6.0000 2.0000 0.1012 0.2496 1.4975 0.0906 0.1145 m 0.1670 1.7475 1.4759 3.2232 0.1881 0.3795 0.1610 0.3734 0.1662 0.2294 0.0000 0.0000 0.0000 
run 1.0000 1.0000 32.0000 8.0000 1.0000 8.0000 7.0000 1.0000 0.0552 0.2504 1.7527 0.0349 0.0588 m 0.1600 2.0027 1.0737 3.0615 0.2620 0.3303 0.2444 0.1834 0.3112 0.2249 0.1965 0.0000 0.0000 
run 1.0000 1.0000 40.0000 5.0000 0.0000 5.0000 4.0000 0.0000 0.0000 0.2500 1.0000 0.0000 0.0000 m 0.2580 1.2500 1.4665 2.7091 0.2500 0.2500 0.2500 0.2500 0.0000 0.0000 0.0000 0.0000 0.0000 
run 1.0000 1.0000 19.0000 4.0000 0.0000 4.0000 3.0000 0.0000 0.0000 0.2500 0.7500 0.0000 0.0000 m 0.1820 1.0000 1.3660 2.3591 0.2500 0.2500 0.2500 0.0000 0.0000 0.0000 0.0000 0.0000 0.0000 
run 1.0000 1.0000 29.0000 7.0000 1.0000 7.0000 6.0000 1.0000 0.0562 0.2498 1.4987 0.0349 0.0588 m 0.1590 1.7487 1.4927 3.2411 0.2604 0.1825 0.3412 0.2347 0.2744 0.2055 0.0000 0.0000 0.0000 
run 1.0000 1.0000 46.0000 7.0000 1.0000 7.0000 6.0000 0.0000 0.0000 0.2500 1.5000 0.0000 0.0000 m 0.1940 1.7500 1.3304 3.0754 0.2500 0.2500 0.2500 0.2500 0.2500 0.2500 0.0000 0.0000 0.0000 
run 1.0000 1.0000 41.0000 5.0000 0.0000 5.0000 4.0000 1.0000 0.0484 0.2505 1.0022 0.0349 0.0588 m 0.2170 1.2522 1.0897 2.3278 0.2981 0.1981 0.2846 0.2214 0.0000 0.0000 0.0000 0.0000 0.0000 
run 1.0000 1.0000 7.0000 6.0000 0.0000 6.0000 5.0000 0.0000 0.0000 0.2500 1.2500 0.0000 0.0000 m 0.2150 1.5000 1.4224 2.9090 0.2500 0.2500 0.2500 0.2500 0.2500 0.0000 0.0000 0.0000 0.0000 
run 1.0000 1.0000 8.0000 6.0000 0.0000 6.0000 5.0000 1.0000 0.0575 0.2498 1.2489 0.0349 0.0588 m 0.1970 1.4989 1.0732 2.5577 0.2732 0.2990 0.2024 0.2993 0.1750 0.0000 0.0000 0.0000 0.0000 
run 1.0000 1.0000 21.0000 4.0000 0.0000 4.0000 3.0000 2.0000 0.1027 0.2491 0.7472 0.0906 0.1145 m 0.1610 0.9972 1.3992 2.3896 0.3553 0.2414 0.1504 0.0000 0.0000 0.0000 0.0000 0.0000 0.0000 
run 1.0000 1.0000 33.0000 8.0000 1.0000 8.0000 7.0000 2.0000 0.0928 0.2500 1.7503 0.0906 0.1145 m 0.1640 2.0003 1.0446 3.0424 0.1789 0.3533 0.1562 0.2585 0.1925 0.3994 0.2114 0.0000 0.0000 
run 1.0000 1.0000 20.0000 4.0000 0.0000 4.0000 3.0000 1.0000 0.0578 0.2508 0.7524 0.0349 0.0588 m 0.1510 1.0024 1.4802 2.4782 0.2237 0.3171 0.2116 0.0000 0.0000 0.0000 0.0000 0.0000 0.0000 
run 1.0000 1.0000 34.0000 9.0000 1.0000 9.0000 8.0000 0.0000 0.0000 0.2500 2.0000 0.0000 0.0000 m 0.1880 2.2500 1.1442 3.3924 0.2500 0.2500 0.2500 0.2500 0.2500 0.2500 0.2500 0.2500 0.0000 
run 1.0000 1.0000 24.0000 5.0000 0.0000 5.0000 4.0000 2.0000 0.1016 0.2507 1.0028 0.0906 0.1145 m 0.1530 1.2528 1.3376 2.5785 0.1849 0.3885 0.2649 0.1645 0.0000 0.0000 0.0000 0.0000 0.0000 
run 1.0000 1.0000 44.0000 6.0000 0.0000 6.0000 5.0000 1.0000 0.0564 0.2503 1.2516 0.0349 0.0588 m 0.2300 1.5016 1.3133 2.8107 0.2700 0.1670 0.2729 0.2260 0.3158 0.0000 0.0000 0.0000 0.0000 
run 1.0000 1.0000 3.0000 4.0000 0.0000 4.0000 3.0000 2.0000 0.0999 0.2488 0.7463 0.0906 0.1145 m 0.2040 0.9963 1.3634 2.3554 0.2349 0.3548 0.1566 0.0000 0.0000 0.0000 0.0000 0.0000 0.0000 
run 1.0000 2.0000 34.0000 9.0000 1.0000 9.0000 8.0000 0.0000 0.0000 0.2500 2.0000 0.0000 0.0000 m 0.1490 2.2500 1.1930 3.4422 0.2500 0.2500 0.2500 0.2500 0.2500 0.2500 0.2500 0.2500 0.0000 
run 1.0000 2.0000 37.0000 4.0000 0.0000 4.0000 3.0000 0.0000 0.0000 0.2500 0.7500 0.0000 0.0000 m 0.1480 1.0000 1.2052 2.1921 0.2500 0.2500 0.2500 0.0000 0.0000 0.0000 0.0000 0.0000 0.0000 
run 1.0000 2.0000 11.0000 7.0000 1.0000 7.0000 6.0000 1.0000 0.0373 0.2496 1.4975 0.0349 0.0588 m 0.1610 1.7475 1.2559 2.9898 0.2968 0.2183 0.2804 0.2150 0.2713 0.2157 0.0000 0.0000 0.0000 
run 1.0000 2.0000 47.0000 7.0000 1.0000 7.0000 6.0000 1.0000 0.0481 0.2504 1.5024 0.0349 0.0588  0.0000 1.7524 1.3687 3.1114 0.2270 0.3157 0.1893 0.2961 0.2544 0.2199 0.0000 0.0000 0.0000 
run 1.0000 2.0000 30.0000 7.0000 1.0000 7.0000 6.0000 2.0000 0.0919 0.2497 1.4979 0.0906 0.1145 m 0.2370 1.7479 1.2280 2.9736 0.2023 0.1680 0.3081 0.2570 0.1633 0.3992 0.0000 0.0000 0.0000 
run 1.0000 2.0000 23.0000 5.0000 0.0000 5.0000 4.0000 1.0000 0.0584 0.2508 1.0031 0.0349 0.0588 m 0.2110 1.2531 1.4641 2.7121 0.2464 0.2086 0.3347 0.2134 0.0000 0.0000 0.0000 0.0000 0.0000 
run 1.0000 2.0000 39.0000 4.0000 0.0000 4.0000 3.0000 2.0000 0.0956 0.2487 0.7462 0.0906 0.1145 m 0.1810 0.9962 1.4699 2.4553 0.2514 0.1518 0.3429 0.0000 0.0000 0.0000 0.0000 0.0000 0.0000 
run 1.0000 2.0000 33.0000 8.0000 1.0000 8.0000 7.0000 2.0000 0.1037 0.2494 1.7459 0.0906 0.1145 m 0.2010 1.9959 1.0545 3.0381 0.3929 0.2722 0.1708 0.2097 0.1508 0.3859 0.1637 0.0000 0.0000 
run 1.0000 2.0000 24.0000 5.0000 0.0000 5.0000 4.0000 2.0000 0.1054 0.2504 1.0015 0.0906 0.1145 m 0.1610 1.2515 1.0365 2.2770 0.1726 0.3967 0.2580 0.1742 0.0000 0.0000 0.0000 0.0000 0.0000 
run 1.0000 2.0000 2.0000 4.0000 0.0000 4.0000 3.0000 1.0000 0.0380 0.2491 0.7473 0.0349 0.0588 m 0.1930 0.9973 1.3607 2.3563 0.2083 0.2835 0.2555 0.0000 0.0000 0.0000 0.0000 0.0000 0.0000 
run 1.0000 2.0000 3.0000 4.0000 0.0000 4.0000 3.0000 2.0000 0.1061 0.2488 0.7463 0.0906 0.1145 m 0.1720 0.9963 1.2516 2.2387 0.1754 0.3704 0.2005 0.0000 0.0000 0.0000 0.0000 0.0000 0.0000 
run 1.0000 2.0000 41.0000 5.0000 0.0000 5.0000 4.0000 1.0000 0.0543 0.2490 0.9961 0.0349 0.0588 m 0.1580 1.2461 1.4436 2.6884 0.2395 0.2704 0.3072 0.1789 0.0000 0.0000 0.0000 0.0000 0.0000 
run 1.0000 2.0000 15.0000 8.0000 1.0000 8.0000 7.0000 2.0000 0.0930 0.2503 1.7520 0.0906 0.1145 m 0.1290 2.0020 1.4876 3.4778 0.3203 0.1842 0.3240 0.1646 0.2143 0.3897 0.1549 0.0000 0.0000 
run 1.0000 2.0000 32.0000 8.0000 1.0000 8.0000 7.0000 1.0000 0.0551 0.2498 1.7489 0.0349 0.0588 m 0.1470 1.9989 1.1078 3.0910 0.1848 0.2486 0.2080 0.2450 0.2813 0.3534 0.2278 0.0000 0.0000 
run 1.0000 2.0000 14.0000 8.0000 1.0000 8.0000 7.0000 1.0000 0.0500 0.2499 1.7496 0.0349 0.0588 m 0.1530 1.9996 1.1903 3.1752 0.3003 0.1657 0.2423 0.2975 0.2529 0.2840 0.2069 0.0000 0.0000 
run 1.0000 2.0000 51.0000 8.0000 1.0000 8.0000 7.0000 2.0000 0.1017 0.2498 1.7488 0.0906 0.1145 m 0.2190 1.9988 1.0753 3.0743 0.1605 0.3686 0.1596 0.1855 0.3969 0.2930 0.1846 0.0000 0.0000 
run 1.0000 2.0000 19.0000 4.0000 0.0000 4.0000 3.0000 0.0000 0.0000 0.2500 0.7500 0.0000 0.0000 m 0.1500 1.0000 1.2028 2.1922 0.2500 0.2500 0.2500 0.0000 0.0000 0.0000 0.0000 0.0000 0.0000 
run 1.0000 2.0000 18.0000 9.0000 1.0000 9.0000 8.0000 2.0000 0.0941 0.2501 2.0010 0.0906 0.1145 m 0.1630 2.2510 1.3134 3.5599 0.1972 0.1668 0.3609 0.1525 0.2655 0.3027 0.3916 0.1638 0.0000 
run 1.0000 2.0000 48.0000 7.0000 1.0000 7.0000 6.0000 2.0000 0.0908 0.2500 1.4998 0.0906 0.1145 m 0.1770 1.7498 1.4416 3.1756 0.2118 0.1742 0.2328 0.3351 0.3857 0.1602 0.0000 0.0000 0.0000 
run 1.0000 2.0000 31.0000 8.0000 1.0000 8.0000 7.0000 0.0000 0.0000 0.2500 1.7500 0.0000 0.0000 m 0.1610 2.0000 1.4980 3.4924 0.2500 0.2500 0.2500 0.2500 0.2500 0.2500 0.2500 0.0000 0.0000 
run 1.0000 2.0000 8.0000 6.0000 0.0000 6.0000 5.0000 1.0000 0.0450 0.2494 1.2471 0.0349 0.0588 m 0.1630 1.4971 1.0511 2.5393 0.1950 0.3058 0.2652 0.2127 0.2683 0.0000 0.0000 0.0000 0.0000 
run 1.0000 2.0000 43.0000 6.0000 0.0000 6.0000 5.0000 0.0000 0.0000 0.2500 1.2500 0.0000 0.0000 m 0.1780 1.5000 1.4483 2.9425 0.2500 0.2500 0.2500 0.2500 0.2500 0.0000 0.0000 0.0000 0.0000 
run 1.0000 2.0000 16.0000 9.0000 1.0000 9.0000 8.0000 0.0000 0.0000 0.2500 2.0000 0.0000 0.0000 m 0.2090 2.2500 1.4711 3.7092 0.2500 0.2500 0.2500 0.2500 0.2500 0.2500 0.2500 0.2500 0.0000 
run 1.0000 2.0000 27.0000 6.0000 0.0000 6.0000 5.0000 2.0000 0.0944 0.2507 1.2533 0.0906 0.1145 m 0.1430 1.5033 1.0265 2.5287 0.1536 0.3227 0.1614 0.3648 0.2507 0.0000 0.0000 0.0000 0.0000 
run 1.0000 2.0000 17.0000 9.0000 1.0000 9.0000 8.0000 1.0000 0.0461 0.2497 1.9979 0.0349 0.0588 m 0.1960 2.2479 1.2070 3.4402 0.2096 0.3000 0.2341 0.2984 0.1851 0.2428 0.3057 0.2221 0.0000 
run 1.0000 2.0000 42.0000 5.0000 0.0000 5.0000 4.0000 2.0000 0.0980 0.2508 1.0030 0.0906 0.1145 m 0.1730 1.2530 1.0466 2.2951 0.3843 0.1545 0.2098 0.2544 0.0000 0.0000 0.0000 0.0000 0.0000 
run 1.0000 2.0000 54.0000 9.0000 1.0000 9.0000 8.0000 2.0000 0.1052 0.2496 1.9966 0.0906 0.1145 m 0.1770 2.2466 1.3165 3.5556 0.1911 0.3919 0.1745 0.3921 0.3379 0.1513 0.1941 0.1636 0.0000 
run 1.0000 2.0000 40.0000 5.0000 0.0000 5.0000 4.0000 0.0000 0.0000 0.2500 1.0000 0.0000 0.0000 m 0.1890 1.2500 1.4216 2.6590 0.2500 0.2500 0.2500 0.2500 0.0000 0.0000 0.0000 0.0000 0.0000 
run 1.0000 2.0000 22.0000 5.0000 0.0000 5.0000 4.0000 0.0000 0.0000 0.2500 1.0000 0.0000 0.0000 m 0.1680 1.2500 1.1826 2.4256 0.2500 0.2500 0.2500 0.2500 0.0000 0.0000 0.0000 0.0000 0.0000 
run 1.0000 2.0000 38.0000 4.0000 0.0000 4.0000 3.0000 1.0000 0.0522 0.2503 0.7509 0.0349 0.0588 m 0.1630 1.0009 1.0767 2.0763 0.1936 0.2963 0.2609 0.0000 0.0000 0.0000 0.0000 0.0000 0.0000 
run 1.0000 2.0000 21.0000 4.0000 0.0000 4.0000 3.0000 2.0000 0.0936 0.2498 0.7494 0.0906 0.1145 m 0.1800 0.9994 1.1098 2.1081 0.3521 0.2288 0.1685 0.0000 0.0000 0.0000 0.0000 0.0000 0.0000 
run 1.0000 2.0000 35.0000 9.0000 1.0000 9.0000 8.0000 1.0000 0.0578 0.2504 2.0030 0.0349 0.0588 m 0.1970 2.2530 1.0562 3.2951 0.2211 0.2834 0.2124 0.2955 0.2480 0.1704 0.3532 0.2190 0.0000 
run 1.0000 2.0000 1.0000 4.0000 0.0000 4.0000 3.0000 0.0000 0.0000 0.2500 0.7500 0.0000 0.0000 m 0.1660 1.0000 1.4966 2.4924 0.2500 0.2500 0.2500 0.0000 0.0000 0.0000 0.0000 0.0000 0.0000 
run 1.0000 2.0000 13.0000 8.0000 1.0000 8.0000 7.0000 0.0000 0.0000 0.2500 1.7500 0.0000 0.0000 m 0.1620 2.0000 1.2201 3.2091 0.2500 0.2500 0.2500 0.2500 0.2500 0.2500 0.2500 0.0000 0.0000 
run 1.0000 2.0000 36.0000 9.0000 1.0000 9.0000 8.0000 2.0000 0.0928 0.2496 1.9965 0.0906 0.1145 m 0.2290 2.2465 1.1650 3.4054 0.3323 0.1860 0.1557 0.3834 0.1620 0.1873 0.3544 0.2354 0.0000 
run 1.0000 2.0000 53.0000 9.0000 1.0000 9.0000 8.0000 1.0000 0.0427 0.2502 2.0020 0.0349 0.0588 m 0.2420 2.2520 1.0687 3.3107 0.2762 0.2156 0.2613 0.2197 0.2993 0.2662 0.1748 0.2890 0.0000 
run 1.0000 2.0000 45.0000 6.0000 0.0000 6.0000 5.0000 2.0000 0.0973 0.2498 1.2489 0.0906 0.1145 m 0.1490 1.4989 1.0630 2.5579 0.2306 0.1578 0.3465 0.1581 0.3559 0.0000 0.0000 0.0000 0.0000 
run 1.0000 2.0000 12.0000 7.0000 1.0000 7.0000 6.0000 2.0000 0.0958 0.2495 1.4972 0.0906 0.1145 m 0.1490 1.7472 1.4038 3.1396 0.3096 0.1537 0.1867 0.3097 0.3800 0.1575 0.0000 0.0000 0.0000 
run 1.0000 2.0000 10.0000 7.0000 1.0000 7.0000 6.0000 0.0000 0.0000 0.2500 1.5000 0.0000 0.0000 m 0.1740 1.7500 1.3839 3.1256 0.2500 0.2500 0.2500 0.2500 0.2500 0.2500 0.0000 0.0000 0.0000 
run 1.0000 2.0000 25.0000 6.0000 0.0000 6.0000 5.0000 0.0000 0.0000 0.2500 1.2500 0.0000 0.0000 m 0.1660 1.5000 1.2196 2.7090 0.2500 0.2500 0.2500 0.2500 0.2500 0.0000 0.0000 0.0000 0.0000 
run 1.0000 2.0000 46.0000 7.0000 1.0000 7.0000 6.0000 0.0000 0.0000 0.2500 1.5000 0.0000 0.0000 m 0.1790 1.7500 1.4604 3.2090 0.2500 0.2500 0.2500 0.2500 0.2500 0.2500 0.0000 0.0000 0.0000 
run 1.0000 2.0000 26.0000 6.0000 0.0000 6.0000 5.0000 1.0000 0.0509 0.2499 1.2494 0.0349 0.0588 m 0.1690 1.4994 1.0753 2.5750 0.2572 0.3128 0.2637 0.1718 0.2438 0.0000 0.0000 0.0000 0.0000 
run 1.0000 2.0000 44.0000 6.0000 0.0000 6.0000 5.0000 1.0000 0.0426 0.2493 1.2467 0.0349 0.0588 m 0.1860 1.4967 1.0242 2.5054 0.2158 0.2776 0.2201 0.3107 0.2225 0.0000 0.0000 0.0000 0.0000 
run 1.0000 2.0000 50.0000 8.0000 1.0000 8.0000 7.0000 1.0000 0.0513 0.2502 1.7514 0.0349 0.0588 m 0.1840 2.0014 1.1451 3.1435 0.2043 0.2424 0.2953 0.3279 0.2366 0.2663 0.1786 0.0000 0.0000 
run 1.0000 2.0000 9.0000 6.0000 0.0000 6.0000 5.0000 2.0000 0.0955 0.2507 1.2533 0.0906 0.1145 m 0.1850 1.5033 1.0030 2.4953 0.1744 0.2989 0.3864 0.1514 0.2421 0.0000 0.0000 0.0000 0.0000 
run 1.0000 2.0000 49.0000 8.0000 1.0000 8.0000 7.0000 0.0000 0.0000 0.2500 1.7500 0.0000 0.0000 m 0.1710 2.0000 1.0160 3.0089 0.2500 0.2500 0.2500 0.2500 0.2500 0.2500 0.2500 0.0000 0.0000 
run 1.0000 2.0000 28.0000 7.0000 1.0000 7.0000 6.0000 0.0000 0.0000 0.2500 1.5000 0.0000 0.0000 m 0.1900 1.7500 1.4947 3.2424 0.2500 0.2500 0.2500 0.2500 0.2500 0.2500 0.0000 0.0000 0.0000 
run 1.0000 2.0000 6.0000 5.0000 0.0000 5.0000 4.0000 2.0000 0.0912 0.2498 0.9991 0.0906 0.1145 m 0.1440 1.2491 1.4248 2.6582 0.2795 0.1902 0.3648 0.1646 0.0000 0.0000 0.0000 0.0000 0.0000 
run 1.0000 2.0000 52.0000 9.0000 1.0000 9.0000 8.0000 0.0000 0.0000 0.2500 2.0000 0.0000 0.0000 m 0.1490 2.2500 1.2005 3.4424 0.2500 0.2500 0.2500 0.2500 0.2500 0.2500 0.2500 0.2500 0.0000 
run 1.0000 2.0000 29.0000 7.0000 1.0000 7.0000 6.0000 1.0000 0.0465 0.2507 1.5043 0.0349 0.0588 m 0.1370 1.7543 1.0886 2.8297 0.1859 0.2876 0.2211 0.2612 0.2346 0.3139 0.0000 0.0000 0.0000 
run 1.0000 2.0000 20.0000 4.0000 0.0000 4.0000 3.0000 1.0000 0.0437 0.2506 0.7518 0.0349 0.0588 m 0.1820 1.0018 1.4347 2.4275 0.2364 0.2997 0.2158 0.0000 0.0000 0.0000 0.0000 0.0000 0.0000 
run 1.0000 2.0000 5.0000 5.0000 0.0000 5.0000 4.0000 1.0000 0.0498 0.2497 0.9990 0.0349 0.0588 m 0.1450 1.2490 1.1753 2.4244 0.2370 0.1864 0.2740 0.3016 0.0000 0.0000 0.0000 0.0000 0.0000 
run 1.0000 2.0000 4.0000 5.0000 0.0000 5.0000 4.0000 0.0000 0.0000 0.2500 1.0000 0.0000 0.0000 m 0.1470 1.2500 1.2472 2.4923 0.2500 0.2500 0.2500 0.2500 0.0000 0.0000 0.0000 0.0000 0.0000 
run 1.0000 2.0000 7.0000 6.0000 0.0000 6.0000 5.0000 0.0000 0.0000 0.2500 1.2500 0.0000 0.0000 m 0.1570 1.5000 1.2360 2.7255 0.2500 0.2500 0.2500 0.2500 0.2500 0.0000 0.0000 0.0000 0.0000 
run 1.0000 3.0000 24.0000 5.0000 0.0000 5.0000 4.0000 2.0000 0.1057 0.2501 1.0002 0.0906 0.1145 m 0.1710 1.2502 1.0704 2.3091 0.1672 0.3953 0.2616 0.1763 0.0000 0.0000 0.0000 0.0000 0.0000 
run 1.0000 3.0000 1.0000 4.0000 0.0000 4.0000 3.0000 0.0000 0.0000 0.2500 0.7500 0.0000 0.0000 m 0.1540 1.0000 1.1792 2.1755 0.2500 0.2500 0.2500 0.0000 0.0000 0.0000 0.0000 0.0000 0.0000 
run 1.0000 3.0000 17.0000 9.0000 1.0000 9.0000 8.0000 1.0000 0.0578 0.2502 2.0019 0.0349 0.0588 m 0.1270 2.2519 1.1516 3.3942 0.1665 0.2506 0.2846 0.1840 0.2779 0.3432 0.2737 0.2213 0.0000 
run 1.0000 3.0000 37.0000 4.0000 0.0000 4.0000 3.0000 0.0000 0.0000 0.2500 0.7500 0.0000 0.0000 m 0.1470 1.0000 1.1320 2.1256 0.2500 0.2500 0.2500 0.0000 0.0000 0.0000 0.0000 0.0000 0.0000 
run 1.0000 3.0000 18.0000 9.0000 1.0000 9.0000 8.0000 2.0000 0.0910 0.2499 1.9994 0.0906 0.1145 m 0.1800 2.2494 1.3330 3.5751 0.2067 0.3355 0.3885 0.1555 0.2228 0.1555 0.3396 0.1953 0.0000 
run 1.0000 3.0000 6.0000 5.0000 0.0000 5.0000 4.0000 2.0000 0.0941 0.2499 0.9997 0.0906 0.1145 m 0.1600 1.2497 1.1781 2.4253 0.1640 0.3828 0.2122 0.2408 0.0000 0.0000 0.0000 0.0000 0.0000 
run 1.0000 3.0000 15.0000 8.0000 1.0000 8.0000 7.0000 2.0000 0.0908 0.2493 1.7452 0.0906 0.1145 m 0.1940 1.9952 1.2505 3.2374 0.1671 0.3540 0.1849 0.3796 0.1832 0.2928 0.1836 0.0000 0.0000 
run 1.0000 3.0000 22.0000 5.0000 0.0000 5.0000 4.0000 0.0000 0.0000 0.2500 1.0000 0.0000 0.0000 m 0.1590 1.2500 1.1763 2.4255 0.2500 0.2500 0.2500 0.2500 0.0000 0.0000 0.0000 0.0000 0.0000 
run 1.0000 3.0000 30.0000 7.0000 1.0000 7.0000 6.0000 2.0000 0.1018 0.2504 1.5026 0.0906 0.1145 m 0.1700 1.7526 1.0785 2.8281 0.1536 0.2318 0.3860 0.1632 0.3674 0.2007 0.0000 0.0000 0.0000 
run 1.0000 3.0000 23.0000 5.0000 0.0000 5.0000 4.0000 1.0000 0.0393 0.2489 0.9955 0.0349 0.0588 m 0.1880 1.2455 1.2533 2.4878 0.2442 0.2975 0.2015 0.2522 0.0000 0.0000 0.0000 0.0000 0.0000 
run 1.0000 3.0000 21.0000 4.0000 0.0000 4.0000 3.0000 2.0000 0.1011 0.2500 0.7500 0.0906 0.1145 m 0.1740 1.0000 1.4647 2.4591 0.3632 0.1688 0.2181 0.0000 0.0000 0.0000 0.0000 0.0000 0.0000 
run 1.0000 3.0000 28.0000 7.0000 1.0000 7.0000 6.0000 0.0000 0.0000 0.2500 1.5000 0.0000 0.0000 m 0.1800 1.7500 1.0535 2.7922 0.2500 0.2500 0.2500 0.2500 0.2500 0.2500 0.0000 0.0000 0.0000 
run 1.0000 3.0000 43.0000 6.0000 0.0000 6.0000 5.0000 0.0000 0.0000 0.2500 1.2500 0.0000 0.0000 m 0.1880 1.5000 1.3951 2.8924 0.2500 0.2500 0.2500 0.2500 0.2500 0.0000 0.0000 0.0000 0.0000 
run 1.0000 3.0000 26.0000 6.0000 0.0000 6.0000 5.0000 1.0000 0.0526 0.2493 1.2467 0.0349 0.0588 m 0.1640 1.4967 1.0383 2.5221 0.2033 0.2465 0.2961 0.1923 0.3086 0.0000 0.0000 0.0000 0.0000 
run 1.0000 3.0000 50.0000 8.0000 1.0000 8.0000 7.0000 1.0000 0.0391 0.2501 1.7508 0.0349 0.0588 m 0.1600 2.0008 1.2369 3.2264 0.2895 0.2336 0.2715 0.2123 0.2472 0.3006 0.1961 0.0000 0.0000 
run 1.0000 3.0000 9.0000 6.0000 0.0000 6.0000 5.0000 2.0000 0.1003 0.2508 1.2540 0.0906 0.1145 m 0.1640 1.5040 1.1438 2.6463 0.1518 0.3272 0.1507 0.3717 0.2526 0.0000 0.0000 0.0000 0.0000 
run 1.0000 3.0000 36.0000 9.0000 1.0000 9.0000 8.0000 2.0000 0.0915 0.2501 2.0008 0.0906 0.1145 m 0.1730 2.2508 1.3663 3.6097 0.1596 0.2480 0.2206 0.1843 0.3851 0.2319 0.3956 0.1758 0.0000 
run 1.0000 3.0000 27.0000 6.0000 0.0000 6.0000 5.0000 2.0000 0.0919 0.2499 1.2493 0.0906 0.1145 m 0.1470 1.4993 1.4710 2.9585 0.1731 0.2725 0.1712 0.2376 0.3949 0.0000 0.0000 0.0000 0.0000 
run 1.0000 3.0000 20.0000 4.0000 0.0000 4.0000 3.0000 1.0000 0.0437 0.2512 0.7537 0.0349 0.0588 m 0.1560 1.0037 1.1218 2.1126 0.2145 0.2397 0.2995 0.0000 0.0000 0.0000 0.0000 0.0000 0.0000 
run 1.0000 3.0000 38.0000 4.0000 0.0000 4.0000 3.0000 1.0000 0.0578 0.2511 0.7534 0.0349 0.0588 m 0.1800 1.0034 1.1692 2.1624 0.1861 0.2967 0.2706 0.0000 0.0000 0.0000 0.0000 0.0000 0.0000 
run 1.0000 3.0000 12.0000 7.0000 1.0000 7.0000 6.0000 2.0000 0.0928 0.2494 1.4961 0.0906 0.1145 m 0.1870 1.7461 1.3921 3.1383 0.1679 0.2712 0.1562 0.1978 0.3083 0.3947 0.0000 0.0000 0.0000 
run 1.0000 3.0000 2.0000 4.0000 0.0000 4.0000 3.0000 1.0000 0.0556 0.2516 0.7549 0.0349 0.0588 m 0.1660 1.0049 1.2502 2.2470 0.3123 0.2032 0.2394 0.0000 0.0000 0.0000 0.0000 0.0000 0.0000 
run 1.0000 3.0000 19.0000 4.0000 0.0000 4.0000 3.0000 0.0000 0.0000 0.2500 0.7500 0.0000 0.0000 m 0.1650 1.0000 1.1447 2.1421 0.2500 0.2500 0.2500 0.0000 0.0000 0.0000 0.0000 0.0000 0.0000 
run 1.0000 3.0000 34.0000 9.0000 1.0000 9.0000 8.0000 0.0000 0.0000 0.2500 2.0000 0.0000 0.0000 m 0.3880 2.2500 1.2989 3.5424 0.2500 0.2500 0.2500 0.2500 0.2500 0.2500 0.2500 0.2500 0.0000 
run 1.0000 3.0000 47.0000 7.0000 1.0000 7.0000 6.0000 1.0000 0.0562 0.2505 1.5032 0.0349 0.0588 m 0.1540 1.7532 1.3738 3.1121 0.1772 0.2718 0.3171 0.2599 0.2895 0.1877 0.0000 0.0000 0.0000 
run 1.0000 3.0000 8.0000 6.0000 0.0000 6.0000 5.0000 1.0000 0.0525 0.2494 1.2470 0.0349 0.0588 m 0.1520 1.4970 1.1338 2.6225 0.2249 0.1776 0.2547 0.3186 0.2711 0.0000 0.0000 0.0000 0.0000 
run 1.0000 3.0000 5.0000 5.0000 0.0000 5.0000 4.0000 1.0000 0.0422 0.2495 0.9981 0.0349 0.0588 m 0.1630 1.2481 1.0104 2.2569 0.2464 0.2076 0.3078 0.2364 0.0000 0.0000 0.0000 0.0000 0.0000 
run 1.0000 3.0000 45.0000 6.0000 0.0000 6.0000 5.0000 2.0000 0.0915 0.2493 1.2463 0.0906 0.1145 m 0.1590 1.4963 1.3763 2.8720 0.1929 0.3237 0.1851 0.3713 0.1733 0.0000 0.0000 0.0000 0.0000 
run 1.0000 3.0000 29.0000 7.0000 1.0000 7.0000 6.0000 1.0000 0.0464 0.2499 1.4992 0.0349 0.0588 m 0.1380 1.7492 1.3159 3.0580 0.2104 0.2544 0.2917 0.2010 0.3163 0.2253 0.0000 0.0000 0.0000 
run 1.0000 3.0000 52.0000 9.0000 1.0000 9.0000 8.0000 0.0000 0.0000 0.2500 2.0000 0.0000 0.0000 m 0.0960 2.2500 1.1350 3.3756 0.2500 0.2500 0.2500 0.2500 0.2500 0.2500 0.2500 0.2500 0.0000 
run 1.0000 3.0000 10.0000 7.0000 1.0000 7.0000 6.0000 0.0000 0.0000 0.2500 1.5000 0.0000 0.0000 m 0.1130 1.7500 1.2470 2.9923 0.2500 0.2500 0.2500 0.2500 0.2500 0.2500 0.0000 0.0000 0.0000 
run 1.0000 3.0000 35.0000 9.0000 1.0000 9.0000 8.0000 1.0000 0.0551 0.2499 1.9989 0.0349 0.0588 m 0.1480 2.2489 1.4092 3.6578 0.1679 0.3310 0.2725 0.3037 0.2255 0.2745 0.2271 0.1968 0.0000 
run 1.0000 3.0000 13.0000 8.0000 1.0000 8.0000 7.0000 0.0000 0.0000 0.2500 1.7500 0.0000 0.0000 m 0.1200 2.0000 1.0701 3.0589 0.2500 0.2500 0.2500 0.2500 0.2500 0.2500 0.2500 0.0000 0.0000 
run 1.0000 3.0000 41.0000 5.0000 0.0000 5.0000 4.0000 1.0000 0.0460 0.2497 0.9988 0.0349 0.0588 m 0.1710 1.2488 1.4266 2.6746 0.2306 0.1971 0.2674 0.3037 0.0000 0.0000 0.0000 0.0000 0.0000 
run 1.0000 3.0000 40.0000 5.0000 0.0000 5.0000 4.0000 0.0000 0.0000 0.2500 1.0000 0.0000 0.0000 m 0.1950 1.2500 1.0875 2.3255 0.2500 0.2500 0.2500 0.2500 0.0000 0.0000 0.0000 0.0000 0.0000 
run 1.0000 3.0000 11.0000 7.0000 1.0000 7.0000 6.0000 1.0000 0.0579 0.2504 1.5024 0.0349 0.0588 m 0.1420 1.7524 1.1125 2.8613 0.3172 0.2818 0.2379 0.1528 0.2287 0.2840 0.0000 0.0000 0.0000 
run 1.0000 3.0000 25.0000 6.0000 0.0000 6.0000 5.0000 0.0000 0.0000 0.2500 1.2500 0.0000 0.0000 m 0.1100 1.5000 1.4335 2.9257 0.2500 0.2500 0.2500 0.2500 0.2500 0.0000 0.0000 0.0000 0.0000 
run 1.0000 3.0000 54.0000 9.0000 1.0000 9.0000 8.0000 2.0000 0.0908 0.2495 1.9963 0.0906 0.1145 m 0.1650 2.2463 1.4955 3.7387 0.1662 0.2331 0.1539 0.3738 0.1829 0.3946 0.2311 0.2608 0.0000 
run 1.0000 3.0000 14.0000 8.0000 1.0000 8.0000 7.0000 1.0000 0.0576 0.2504 1.7527 0.0349 0.0588 m 0.1600 2.0027 1.0540 3.0448 0.2197 0.3250 0.2014 0.2599 0.2283 0.1874 0.3309 0.0000 0.0000 
run 1.0000 3.0000 3.0000 4.0000 0.0000 4.0000 3.0000 2.0000 0.1097 0.2507 0.7521 0.0906 0.1145 m 0.1740 1.0021 1.0332 2.0277 0.2282 0.3699 0.1540 0.0000 0.0000 0.0000 0.0000 0.0000 0.0000 
run 1.0000 3.0000 46.0000 7.0000 1.0000 7.0000 6.0000 0.0000 0.0000 0.2500 1.5000 0.0000 0.0000 m 0.1400 1.7500 1.4110 3.1589 0.2500 0.2500 0.2500 0.2500 0.2500 0.2500 0.0000 0.0000 0.0000 
run 1.0000 3.0000 16.0000 9.0000 1.0000 9.0000 8.0000 0.0000 0.0000 0.2500 2.0000 0.0000 0.0000 m 0.1600 2.2500 1.1371 3.3756 0.2500 0.2500 0.2500 0.2500 0.2500 0.2500 0.2500 0.2500 0.0000 
run 1.0000 3.0000 7.0000 6.0000 0.0000 6.0000 5.0000 0.0000 0.0000 0.2500 1.2500 0.0000 0.0000 m 0.1460 1.5000 1.4168 2.9090 0.2500 0.2500 0.2500 0.2500 0.2500 0.0000 0.0000 0.0000 0.0000 
run 1.0000 3.0000 42.0000 5.0000 0.0000 5.0000 4.0000 2.0000 0.0993 0.2509 1.0038 0.0906 0.1145 m 0.1630 1.2538 1.4689 2.7128 0.3637 0.1728 0.3049 0.1624 0.0000 0.0000 0.0000 0.0000 0.0000 
run 1.0000 3.0000 44.0000 6.0000 0.0000 6.0000 5.0000 1.0000 0.0526 0.2506 1.2532 0.0349 0.0588 m 0.1360 1.5032 1.1120 2.6121 0.3133 0.2027 0.2602 0.2856 0.1914 0.0000 0.0000 0.0000 0.0000 
run 1.0000 3.0000 39.0000 4.0000 0.0000 4.0000 3.0000 2.0000 0.0979 0.2491 0.7474 0.0906 0.1145 m 0.1560 0.9974 1.2961 2.2896 0.1664 0.2239 0.3571 0.0000 0.0000 0.0000 0.0000 0.0000 0.0000 
run 1.0000 3.0000 49.0000 8.0000 1.0000 8.0000 7.0000 0.0000 0.0000 0.2500 1.7500 0.0000 0.0000 m 0.1220 2.0000 1.1595 3.1587 0.2500 0.2500 0.2500 0.2500 0.2500 0.2500 0.2500 0.0000 0.0000 
run 1.0000 3.0000 33.0000 8.0000 1.0000 8.0000 7.0000 2.0000 0.0910 0.2500 1.7500 0.0906 0.1145 m 0.1470 2.0000 1.3579 3.3422 0.1607 0.2552 0.3625 0.2117 0.1608 0.2138 0.3853 0.0000 0.0000 
run 1.0000 3.0000 51.0000 8.0000 1.0000 8.0000 7.0000 2.0000 0.0908 0.2505 1.7538 0.0906 0.1145 m 0.1570 2.0038 1.4404 3.4294 0.3165 0.2483 0.1539 0.3583 0.1719 0.3474 0.1575 0.0000 0.0000 
run 1.0000 3.0000 31.0000 8.0000 1.0000 8.0000 7.0000 0.0000 0.0000 0.2500 1.7500 0.0000 0.0000 m 0.2450 2.0000 1.3361 3.3256 0.2500 0.2500 0.2500 0.2500 0.2500 0.2500 0.2500 0.0000 0.0000 
run 1.0000 3.0000 4.0000 5.0000 0.0000 5.0000 4.0000 0.0000 0.0000 0.2500 1.0000 0.0000 0.0000 m 0.1430 1.2500 1.0000 2.2422 0.2500 0.2500 0.2500 0.2500 0.0000 0.0000 0.0000 0.0000 0.0000 
run 1.0000 3.0000 48.0000 7.0000 1.0000 7.0000 6.0000 2.0000 0.0912 0.2506 1.5033 0.0906 0.1145 m 0.1590 1.7533 1.1945 2.9456 0.2095 0.1798 0.2338 0.3197 0.3987 0.1619 0.0000 0.0000 0.0000 
run 1.0000 3.0000 32.0000 8.0000 1.0000 8.0000 7.0000 1.0000 0.0507 0.2503 1.7522 0.0349 0.0588 m 0.1900 2.0022 1.1629 3.1610 0.2624 0.2960 0.2116 0.3279 0.2170 0.1827 0.2545 0.0000 0.0000 
run 1.0000 3.0000 53.0000 9.0000 1.0000 9.0000 8.0000 1.0000 0.0480 0.2505 2.0042 0.0349 0.0588 m 0.1490 2.2542 1.0319 3.2797 0.2352 0.2942 0.2034 0.3087 0.2613 0.1868 0.2119 0.3028 0.0000 
run 1.0000 4.0000 16.0000 9.0000 1.0000 9.0000 8.0000 0.0000 0.0000 0.2500 2.0000 0.0000 0.0000 m 0.1520 2.2500 1.3389 3.5756 0.2500 0.2500 0.2500 0.2500 0.2500 0.2500 0.2500 0.2500 0.0000 
run 1.0000 4.0000 22.0000 5.0000 0.0000 5.0000 4.0000 0.0000 0.0000 0.2500 1.0000 0.0000 0.0000 m 0.1370 1.2500 1.0904 2.3254 0.2500 0.2500 0.2500 0.2500 0.0000 0.0000 0.0000 0.0000 0.0000 
run 1.0000 4.0000 19.0000 4.0000 0.0000 4.0000 3.0000 0.0000 0.0000 0.2500 0.7500 0.0000 0.0000 m 0.1240 1.0000 1.0880 2.0756 0.2500 0.2500 0.2500 0.0000 0.0000 0.0000 0.0000 0.0000 0.0000 
run 1.0000 4.0000 23.0000 5.0000 0.0000 5.0000 4.0000 1.0000 0.0464 0.2506 1.0023 0.0349 0.0588 m 0.1480 1.2523 1.1253 2.3778 0.2845 0.1989 0.2243 0.2946 0.0000 0.0000 0.0000 0.0000 0.0000 
run 1.0000 4.0000 26.0000 6.0000 0.0000 6.0000 5.0000 1.0000 0.0386 0.2501 1.2506 0.0349 0.0588 m 0.1540 1.5006 1.4825 2.9763 0.2969 0.2200 0.2645 0.2015 0.2677 0.0000 0.0000 0.0000 0.0000 
run 1.0000 4.0000 24.0000 5.0000 0.0000 5.0000 4.0000 2.0000 0.1041 0.2495 0.9979 0.0906 0.1145 m 0.2140 1.2479 1.3962 2.6404 0.3888 0.1910 0.2657 0.1524 0.0000 0.0000 0.0000 0.0000 0.0000 
run 1.0000 4.0000 5.0000 5.0000 0.0000 5.0000 4.0000 1.0000 0.0425 0.2508 1.0032 0.0349 0.0588 m 0.1360 1.2532 1.2073 2.4454 0.2512 0.2967 0.2612 0.1941 0.0000 0.0000 0.0000 0.0000 0.0000 
run 1.0000 4.0000 53.0000 9.0000 1.0000 9.0000 8.0000 1.0000 0.0587 0.2500 2.0003 0.0349 0.0588 m 0.2020 2.2503 1.0136 3.2591 0.2327 0.2042 0.3373 0.2588 0.1534 0.2700 0.3126 0.2313 0.0000 
run 1.0000 4.0000 37.0000 4.0000 0.0000 4.0000 3.0000 0.0000 0.0000 0.2500 0.7500 0.0000 0.0000 m 0.1400 1.0000 1.2706 2.2589 0.2500 0.2500 0.2500 0.0000 0.0000 0.0000 0.0000 0.0000 0.0000 
run 1.0000 4.0000 27.0000 6.0000 0.0000 6.0000 5.0000 2.0000 0.0994 0.2490 1.2451 0.0906 0.1145 m 0.1520 1.4951 1.1801 2.6706 0.3287 0.1848 0.1523 0.1990 0.3802 0.0000 0.0000 0.0000 0.0000 
run 1.0000 4.0000 17.0000 9.0000 1.0000 9.0000 8.0000 1.0000 0.0526 0.2506 2.0047 0.0349 0.0588 m 0.1590 2.2547 1.1088 3.3634 0.2306 0.1918 0.2385 0.3336 0.2767 0.1784 0.3010 0.2540 0.0000 
run 1.0000 4.0000 3.0000 4.0000 0.0000 4.0000 3.0000 2.0000 0.1056 0.2513 0.7538 0.0906 0.1145 m 0.1630 1.0038 1.0462 2.0460 0.3685 0.2217 0.1636 0.0000 0.0000 0.0000 0.0000 0.0000 0.0000 
run 1.0000 4.0000 11.0000 7.0000 1.0000 7.0000 6.0000 1.0000 0.0573 0.2495 1.4973 0.0349 0.0588 m 0.1660 1.7473 1.4922 3.2397 0.1887 0.2294 0.3573 0.2483 0.2231 0.2504 0.0000 0.0000 0.0000 
run 1.0000 4.0000 34.0000 9.0000 1.0000 9.0000 8.0000 0.0000 0.0000 0.2500 2.0000 0.0000 0.0000 m 0.1390 2.2500 1.4960 3.7425 0.2500 0.2500 0.2500 0.2500 0.2500 0.2500 0.2500 0.2500 0.0000 
run 1.0000 4.0000 44.0000 6.0000 0.0000 6.0000 5.0000 1.0000 0.0553 0.2499 1.2494 0.0349 0.0588 m 0.1310 1.4994 1.0758 2.5749 0.2141 0.1877 0.2887 0.2357 0.3232 0.0000 0.0000 0.0000 0.0000 
run 1.0000 4.0000 10.0000 7.0000 1.0000 7.0000 6.0000 0.0000 0.0000 0.2500 1.5000 0.0000 0.0000 m 0.1300 1.7500 1.4143 3.1590 0.2500 0.2500 0.2500 0.2500 0.2500 0.2500 0.0000 0.0000 0.0000 
run 1.0000 4.0000 12.0000 7.0000 1.0000 7.0000 6.0000 2.0000 0.0988 0.2507 1.5039 0.0906 0.1145 m 0.1320 1.7539 1.1356 2.8794 0.2298 0.1732 0.2025 0.3773 0.1514 0.3696 0.0000 0.0000 0.0000 
run 1.0000 4.0000 38.0000 4.0000 0.0000 4.0000 3.0000 1.0000 0.0526 0.2488 0.7463 0.0349 0.0588 m 0.1760 0.9963 1.2681 2.2551 0.2050 0.2343 0.3071 0.0000 0.0000 0.0000 0.0000 0.0000 0.0000 
run 1.0000 4.0000 41.0000 5.0000 0.0000 5.0000 4.0000 1.0000 0.0395 0.2505 1.0019 0.0349 0.0588 m 0.1460 1.2519 1.4179 2.6608 0.2353 0.3046 0.2116 0.2504 0.0000 0.0000 0.0000 0.0000 0.0000 
run 1.0000 4.0000 43.0000 6.0000 0.0000 6.0000 5.0000 0.0000 0.0000 0.2500 1.2500 0.0000 0.0000 m 0.1520 1.5000 1.1112 2.6088 0.2500 0.2500 0.2500 0.2500 0.2500 0.0000 0.0000 0.0000 0.0000 
run 1.0000 4.0000 32.0000 8.0000 1.0000 8.0000 7.0000 1.0000 0.0573 0.2502 1.7513 0.0349 0.0588 m 0.1550 2.0013 1.4328 3.4270 0.2415 0.1502 0.2613 0.2945 0.2571 0.3300 0.2167 0.0000 0.0000 
run 1.0000 4.0000 54.0000 9.0000 1.0000 9.0000 8.0000 2.0000 0.1011 0.2503 2.0026 0.0906 0.1145 m 0.1380 2.2526 1.1148 3.3614 0.3973 0.1871 0.2122 0.3073 0.1975 0.1560 0.3919 0.1533 0.0000 
run 1.0000 4.0000 2.0000 4.0000 0.0000 4.0000 3.0000 1.0000 0.0362 0.2512 0.7536 0.0349 0.0588 m 0.1390 1.0036 1.3672 2.3627 0.2372 0.2924 0.2241 0.0000 0.0000 0.0000 0.0000 0.0000 0.0000 
run 1.0000 4.0000 8.0000 6.0000 0.0000 6.0000 5.0000 1.0000 0.0553 0.2498 1.2489 0.0349 0.0588 m 0.1230 1.4989 1.4305 2.9245 0.1648 0.3087 0.2566 0.2849 0.2339 0.0000 0.0000 0.0000 0.0000 
run 1.0000 4.0000 29.0000 7.0000 1.0000 7.0000 6.0000 1.0000 0.0559 0.2492 1.4954 0.0349 0.0588 m 0.1550 1.7454 1.4470 3.1878 0.1921 0.2187 0.2978 0.2482 0.2049 0.3337 0.0000 0.0000 0.0000 
run 1.0000 4.0000 40.0000 5.0000 0.0000 5.0000 4.0000 0.0000 0.0000 0.2500 1.0000 0.0000 0.0000 m 0.1330 1.2500 1.4415 2.6756 0.2500 0.2500 0.2500 0.2500 0.0000 0.0000 0.0000 0.0000 0.0000 
run 1.0000 4.0000 45.0000 6.0000 0.0000 6.0000 5.0000 2.0000 0.0908 0.2490 1.2452 0.0906 0.1145 m 0.2710 1.4952 1.2578 2.7375 0.3507 0.1520 0.3370 0.1784 0.2271 0.0000 0.0000 0.0000 0.0000 
run 1.0000 4.0000 13.0000 8.0000 1.0000 8.0000 7.0000 0.0000 0.0000 0.2500 1.7500 0.0000 0.0000 m 0.1470 2.0000 1.1228 3.1089 0.2500 0.2500 0.2500 0.2500 0.2500 0.2500 0.2500 0.0000 0.0000 
run 1.0000 4.0000 15.0000 8.0000 1.0000 8.0000 7.0000 2.0000 0.0934 0.2501 1.7505 0.0906 0.1145 m 0.1430 2.0005 1.3970 3.3928 0.1566 0.3879 0.2758 0.1644 0.3379 0.2701 0.1577 0.0000 0.0000 
run 1.0000 4.0000 20.0000 4.0000 0.0000 4.0000 3.0000 1.0000 0.0402 0.2514 0.7542 0.0349 0.0588 m 0.1660 1.0042 1.4243 2.4133 0.2084 0.2577 0.2881 0.0000 0.0000 0.0000 0.0000 0.0000 0.0000 
run 1.0000 4.0000 52.0000 9.0000 1.0000 9.0000 8.0000 0.0000 0.0000 0.2500 2.0000 0.0000 0.0000 m 0.1270 2.2500 1.2087 3.4591 0.2500 0.2500 0.2500 0.2500 0.2500 0.2500 0.2500 0.2500 0.0000 
run 1.0000 4.0000 30.0000 7.0000 1.0000 7.0000 6.0000 2.0000 0.1010 0.2494 1.4965 0.0906 0.1145 m 0.1560 1.7465 1.2981 3.0387 0.1638 0.3449 0.2677 0.3897 0.1787 0.1516 0.0000 0.0000 0.0000 
run 1.0000 4.0000 6.0000 5.0000 0.0000 5.0000 4.0000 2.0000 0.0953 0.2506 1.0023 0.0906 0.1145 m 0.1400 1.2523 1.2981 2.5447 0.2778 0.3708 0.1523 0.2014 0.0000 0.0000 0.0000 0.0000 0.0000 
run 1.0000 4.0000 21.0000 4.0000 0.0000 4.0000 3.0000 2.0000 0.0924 0.2502 0.7505 0.0906 0.1145 m 0.1450 1.0005 1.2482 2.2427 0.2136 0.1816 0.3552 0.0000 0.0000 0.0000 0.0000 0.0000 0.0000 
run 1.0000 4.0000 25.0000 6.0000 0.0000 6.0000 5.0000 0.0000 0.0000 0.2500 1.2500 0.0000 0.0000 m 0.1350 1.5000 1.1537 2.6422 0.2500 0.2500 0.2500 0.2500 0.2500 0.0000 0.0000 0.0000 0.0000 
run 1.0000 4.0000 36.0000 9.0000 1.0000 9.0000 8.0000 2.0000 0.0914 0.2497 1.9974 0.0906 0.1145 m 0.1970 2.2474 1.3580 3.5897 0.3374 0.1569 0.3911 0.3081 0.1748 0.2820 0.1578 0.1892 0.0000 
run 1.0000 4.0000 50.0000 8.0000 1.0000 8.0000 7.0000 1.0000 0.0557 0.2502 1.7515 0.0349 0.0588 m 0.1290 2.0015 1.1872 3.1772 0.2310 0.2023 0.3376 0.1776 0.2356 0.3007 0.2666 0.0000 0.0000 
run 1.0000 4.0000 47.0000 7.0000 1.0000 7.0000 6.0000 1.0000 0.0581 0.2508 1.5045 0.0349 0.0588 m 0.1460 1.7545 1.1680 2.9134 0.2725 0.2398 0.3280 0.2901 0.2055 0.1686 0.0000 0.0000 0.0000 
run 1.0000 4.0000 28.0000 7.0000 1.0000 7.0000 6.0000 0.0000 0.0000 0.2500 1.5000 0.0000 0.0000 m 0.1550 1.7500 1.3876 3.1257 0.2500 0.2500 0.2500 0.2500 0.2500 0.2500 0.0000 0.0000 0.0000 
run 1.0000 4.0000 18.0000 9.0000 1.0000 9.0000 8.0000 2.0000 0.0939 0.2497 1.9975 0.0906 0.1145 m 0.1170 2.2475 1.0273 3.2730 0.1664 0.2150 0.1505 0.3949 0.2190 0.1914 0.3821 0.2784 0.0000 
run 1.0000 4.0000 1.0000 4.0000 0.0000 4.0000 3.0000 0.0000 0.0000 0.2500 0.7500 0.0000 0.0000 m 0.1450 1.0000 1.2966 2.2921 0.2500 0.2500 0.2500 0.0000 0.0000 0.0000 0.0000 0.0000 0.0000 
run 1.0000 4.0000 42.0000 5.0000 0.0000 5.0000 4.0000 2.0000 0.1014 0.2494 0.9976 0.0906 0.1145 m 0.1670 1.2476 1.3679 2.6066 0.2395 0.1943 0.1688 0.3950 0.0000 0.0000 0.0000 0.0000 0.0000 
run 1.0000 4.0000 51.0000 8.0000 1.0000 8.0000 7.0000 2.0000 0.0993 0.2494 1.7458 0.0906 0.1145 m 0.1930 1.9958 1.0872 3.0712 0.1512 0.3687 0.1629 0.3038 0.3784 0.1652 0.2156 0.0000 0.0000 
run 1.0000 4.0000 33.0000 8.0000 1.0000 8.0000 7.0000 2.0000 0.0947 0.2502 1.7514 0.0906 0.1145 m 0.1400 2.0014 1.4184 3.4104 0.1624 0.2725 0.2363 0.3510 0.3952 0.1810 0.1530 0.0000 0.0000 
run 1.0000 4.0000 14.0000 8.0000 1.0000 8.0000 7.0000 1.0000 0.0453 0.2505 1.7534 0.0349 0.0588 m 0.1570 2.0034 1.0996 3.0957 0.2545 0.3256 0.2725 0.2454 0.2178 0.1796 0.2581 0.0000 0.0000 
run 1.0000 4.0000 39.0000 4.0000 0.0000 4.0000 3.0000 2.0000 0.1129 0.2489 0.7467 0.0906 0.1145 m 0.1760 0.9967 1.2944 2.2890 0.3766 0.2077 0.1624 0.0000 0.0000 0.0000 0.0000 0.0000 0.0000 
run 1.0000 4.0000 7.0000 6.0000 0.0000 6.0000 5.0000 0.0000 0.0000 0.2500 1.2500 0.0000 0.0000 m 0.2600 1.5000 1.3166 2.8089 0.2500 0.2500 0.2500 0.2500 0.2500 0.0000 0.0000 0.0000 0.0000 
run 1.0000 4.0000 31.0000 8.0000 1.0000 8.0000 7.0000 0.0000 0.0000 0.2500 1.7500 0.0000 0.0000 m 0.1390 2.0000 1.0445 3.0421 0.2500 0.2500 0.2500 0.2500 0.2500 0.2500 0.2500 0.0000 0.0000 
run 1.0000 4.0000 4.0000 5.0000 0.0000 5.0000 4.0000 0.0000 0.0000 0.2500 1.0000 0.0000 0.0000 m 0.1830 1.2500 1.2532 2.4924 0.2500 0.2500 0.2500 0.2500 0.0000 0.0000 0.0000 0.0000 0.0000 
run 1.0000 4.0000 48.0000 7.0000 1.0000 7.0000 6.0000 2.0000 0.1009 0.2495 1.4969 0.0906 0.1145 m 0.1810 1.7469 1.0291 2.7724 0.1621 0.3947 0.1888 0.2159 0.1762 0.3592 0.0000 0.0000 0.0000 
run 1.0000 4.0000 46.0000 7.0000 1.0000 7.0000 6.0000 0.0000 0.0000 0.2500 1.5000 0.0000 0.0000 m 0.1500 1.7500 1.1069 2.8421 0.2500 0.2500 0.2500 0.2500 0.2500 0.2500 0.0000 0.0000 0.0000 
run 1.0000 4.0000 49.0000 8.0000 1.0000 8.0000 7.0000 0.0000 0.0000 0.2500 1.7500 0.0000 0.0000 m 0.1800 2.0000 1.3721 3.3590 0.2500 0.2500 0.2500 0.2500 0.2500 0.2500 0.2500 0.0000 0.0000 
run 1.0000 4.0000 9.0000 6.0000 0.0000 6.0000 5.0000 2.0000 0.0916 0.2500 1.2502 0.0906 0.1145 m 0.1250 1.5002 1.0049 2.4922 0.3534 0.1554 0.1982 0.3433 0.1998 0.0000 0.0000 0.0000 0.0000 
run 1.0000 4.0000 35.0000 9.0000 1.0000 9.0000 8.0000 1.0000 0.0472 0.2501 2.0009 0.0349 0.0588 m 0.9540 2.2509 1.1784 3.4265 0.3192 0.2282 0.2896 0.1947 0.2553 0.1927 0.2279 0.2932 0.0000 
run 1.0000 5.0000 18.0000 9.0000 1.0000 9.0000 8.0000 2.0000 0.0918 0.2500 2.0003 0.0906 0.1145 m 0.1400 2.2503 1.2698 3.5093 0.1832 0.1507 0.3792 0.1683 0.2834 0.2055 0.2451 0.3848 0.0000 
run 1.0000 5.0000 32.0000 8.0000 1.0000 8.0000 7.0000 1.0000 0.0494 0.2495 1.7468 0.0349 0.0588 m 0.1660 1.9968 1.3191 3.3057 0.2763 0.2018 0.2550 0.1904 0.3128 0.2101 0.3004 0.0000 0.0000 
run 1.0000 5.0000 50.0000 8.0000 1.0000 8.0000 7.0000 1.0000 0.0555 0.2504 1.7525 0.0349 0.0588 m 0.1560 2.0025 1.1678 3.1612 0.2232 0.3230 0.2960 0.2533 0.2857 0.1664 0.2050 0.0000 0.0000 
run 1.0000 5.0000 34.0000 9.0000 1.0000 9.0000 8.0000 0.0000 0.0000 0.2500 2.0000 0.0000 0.0000 m 0.1240 2.2500 1.0777 3.3255 0.2500 0.2500 0.2500 0.2500 0.2500 0.2500 0.2500 0.2500 0.0000 
run 1.0000 5.0000 42.0000 5.0000 0.0000 5.0000 4.0000 2.0000 0.1065 0.2493 0.9970 0.0906 0.1145 m 0.1660 1.2470 1.4724 2.7060 0.1687 0.3042 0.3721 0.1521 0.0000 0.0000 0.0000 0.0000 0.0000 
run 1.0000 5.0000 17.0000 9.0000 1.0000 9.0000 8.0000 1.0000 0.0455 0.2497 1.9972 0.0349 0.0588 m 0.1900 2.2472 1.2546 3.4893 0.2415 0.2101 0.2534 0.2067 0.3129 0.2605 0.1978 0.3144 0.0000 
run 1.0000 5.0000 40.0000 5.0000 0.0000 5.0000 4.0000 0.0000 0.0000 0.2500 1.0000 0.0000 0.0000 m 0.1480 1.2500 1.3079 2.5423 0.2500 0.2500 0.2500 0.2500 0.0000 0.0000 0.0000 0.0000 0.0000 
run 1.0000 5.0000 49.0000 8.0000 1.0000 8.0000 7.0000 0.0000 0.0000 0.2500 1.7500 0.0000 0.0000 m 0.1860 2.0000 1.1773 3.1755 0.2500 0.2500 0.2500 0.2500 0.2500 0.2500 0.2500 0.0000 0.0000 
run 1.0000 5.0000 19.0000 4.0000 0.0000 4.0000 3.0000 0.0000 0.0000 0.2500 0.7500 0.0000 0.0000 m 0.1650 1.0000 1.2883 2.2757 0.2500 0.2500 0.2500 0.0000 0.0000 0.0000 0.0000 0.0000 0.0000 
run 1.0000 5.0000 31.0000 8.0000 1.0000 8.0000 7.0000 0.0000 0.0000 0.2500 1.7500 0.0000 0.0000 m 0.1220 2.0000 1.3855 3.3756 0.2500 0.2500 0.2500 0.2500 0.2500 0.2500 0.2500 0.0000 0.0000 
run 1.0000 5.0000 51.0000 8.0000 1.0000 8.0000 7.0000 2.0000 0.0949 0.2502 1.7517 0.0906 0.1145 m 0.1730 2.0017 1.0801 3.0773 0.2703 0.3943 0.1620 0.2335 0.1726 0.3560 0.1628 0.0000 0.0000 
run 1.0000 5.0000 1.0000 4.0000 0.0000 4.0000 3.0000 0.0000 0.0000 0.2500 0.7500 0.0000 0.0000 m 0.1990 1.0000 1.1288 2.1255 0.2500 0.2500 0.2500 0.0000 0.0000 0.0000 0.0000 0.0000 0.0000 
run 1.0000 5.0000 39.0000 4.0000 0.0000 4.0000 3.0000 2.0000 0.1095 0.2507 0.7522 0.0906 0.1145 m 0.1760 1.0022 1.0436 2.0444 0.1963 0.3768 0.1792 0.0000 0.0000 0.0000 0.0000 0.0000 0.0000 
run 1.0000 5.0000 35.0000 9.0000 1.0000 9.0000 8.0000 1.0000 0.0575 0.2503 2.0022 0.0349 0.0588 m 0.1300 2.2522 1.2216 3.4613 0.2944 0.2666 0.1515 0.1784 0.3159 0.2611 0.2896 0.2447 0.0000 
run 1.0000 5.0000 14.0000 8.0000 1.0000 8.0000 7.0000 1.0000 0.0559 0.2498 1.7489 0.0349 0.0588 m 0.1410 1.9989 1.2624 3.2577 0.2095 0.2597 0.3279 0.1658 0.2747 0.2155 0.2957 0.0000 0.0000 
run 1.0000 5.0000 33.0000 8.0000 1.0000 8.0000 7.0000 2.0000 0.0923 0.2494 1.7459 0.0906 0.1145 m 0.1780 1.9959 1.4071 3.3882 0.1871 0.3416 0.3777 0.1533 0.2183 0.3102 0.1576 0.0000 0.0000 
run 1.0000 5.0000 41.0000 5.0000 0.0000 5.0000 4.0000 1.0000 0.0565 0.2510 1.0038 0.0349 0.0588 m 0.1730 1.2538 1.4098 2.6629 0.2357 0.2693 0.3165 0.1823 0.0000 0.0000 0.0000 0.0000 0.0000 
run 1.0000 5.0000 22.0000 5.0000 0.0000 5.0000 4.0000 0.0000 0.0000 0.2500 1.0000 0.0000 0.0000 m 0.1690 1.2500 1.1648 2.4089 0.2500 0.2500 0.2500 0.2500 0.0000 0.0000 0.0000 0.0000 0.0000 
run 1.0000 5.0000 36.0000 9.0000 1.0000 9.0000 8.0000 2.0000 0.0926 0.2496 1.9967 0.0906 0.1145 m 0.1820 2.2467 1.1089 3.3556 0.1905 0.2325 0.1732 0.3833 0.1845 0.3828 0.1564 0.2934 0.0000 
run 1.0000 5.0000 53.0000 9.0000 1.0000 9.0000 8.0000 1.0000 0.0568 0.2503 2.0023 0.0349 0.0588 m 0.1720 2.2523 1.2931 3.5445 0.3148 0.2128 0.1559 0.2388 0.2793 0.2124 0.2636 0.3246 0.0000 
run 1.0000 5.0000 54.0000 9.0000 1.0000 9.0000 8.0000 2.0000 0.0976 0.2497 1.9975 0.0906 0.1145 m 0.1710 2.2475 1.4819 3.7233 0.1589 0.3315 0.1979 0.1677 0.1960 0.3744 0.1824 0.3887 0.0000 
run 1.0000 5.0000 9.0000 6.0000 0.0000 6.0000 5.0000 2.0000 0.0966 0.2496 1.2478 0.0906 0.1145 m 0.1530 1.4978 1.3147 2.8067 0.1692 0.2233 0.1546 0.3712 0.3295 0.0000 0.0000 0.0000 0.0000 
run 1.0000 5.0000 24.0000 5.0000 0.0000 5.0000 4.0000 2.0000 0.1003 0.2511 1.0042 0.0906 0.1145 m 0.1740 1.2542 1.1459 2.3964 0.1706 0.2555 0.3910 0.1871 0.0000 0.0000 0.0000 0.0000 0.0000 
run 1.0000 5.0000 3.0000 4.0000 0.0000 4.0000 3.0000 2.0000 0.0978 0.2515 0.7546 0.0906 0.1145 m 0.1760 1.0046 1.0961 2.0968 0.1667 0.3585 0.2294 0.0000 0.0000 0.0000 0.0000 0.0000 0.0000 
run 1.0000 5.0000 21.0000 4.0000 0.0000 4.0000 3.0000 2.0000 0.1045 0.2495 0.7486 0.0906 0.1145 m 0.1680 0.9986 1.3206 2.3077 0.2218 0.3651 0.1618 0.0000 0.0000 0.0000 0.0000 0.0000 0.0000 
run 1.0000 5.0000 45.0000 6.0000 0.0000 6.0000 5.0000 2.0000 0.1071 0.2504 1.2518 0.0906 0.1145 m 0.1620 1.5018 1.3783 2.8775 0.1521 0.3664 0.1711 0.3666 0.1955 0.0000 0.0000 0.0000 0.0000 
run 1.0000 5.0000 29.0000 7.0000 1.0000 7.0000 6.0000 1.0000 0.0499 0.2503 1.5017 0.0349 0.0588 m 0.1310 1.7517 1.1342 2.8773 0.2988 0.2542 0.1783 0.2111 0.3084 0.2509 0.0000 0.0000 0.0000 
run 1.0000 5.0000 5.0000 5.0000 0.0000 5.0000 4.0000 1.0000 0.0571 0.2488 0.9950 0.0349 0.0588 m 0.1600 1.2450 1.0383 2.2706 0.1977 0.2819 0.3122 0.2032 0.0000 0.0000 0.0000 0.0000 0.0000 
run 1.0000 5.0000 10.0000 7.0000 1.0000 7.0000 6.0000 0.0000 0.0000 0.2500 1.5000 0.0000 0.0000 m 0.1440 1.7500 1.3478 3.0923 0.2500 0.2500 0.2500 0.2500 0.2500 0.2500 0.0000 0.0000 0.0000 
run 1.0000 5.0000 52.0000 9.0000 1.0000 9.0000 8.0000 0.0000 0.0000 0.2500 2.0000 0.0000 0.0000 m 0.1140 2.2500 1.2696 3.5088 0.2500 0.2500 0.2500 0.2500 0.2500 0.2500 0.2500 0.2500 0.0000 
run 1.0000 5.0000 23.0000 5.0000 0.0000 5.0000 4.0000 1.0000 0.0458 0.2508 1.0030 0.0349 0.0588 m 0.1420 1.2530 1.4349 2.6786 0.3033 0.1966 0.2343 0.2688 0.0000 0.0000 0.0000 0.0000 0.0000 
run 1.0000 5.0000 28.0000 7.0000 1.0000 7.0000 6.0000 0.0000 0.0000 0.2500 1.5000 0.0000 0.0000 m 0.1350 1.7500 1.3878 3.1255 0.2500 0.2500 0.2500 0.2500 0.2500 0.2500 0.0000 0.0000 0.0000 
run 1.0000 5.0000 44.0000 6.0000 0.0000 6.0000 5.0000 1.0000 0.0478 0.2508 1.2539 0.0349 0.0588 m 0.1620 1.5039 1.3877 2.8796 0.2466 0.1875 0.2269 0.3104 0.2824 0.0000 0.0000 0.0000 0.0000 
run 1.0000 5.0000 12.0000 7.0000 1.0000 7.0000 6.0000 2.0000 0.0938 0.2507 1.5039 0.0906 0.1145 m 0.1560 1.7539 1.1181 2.8628 0.1680 0.3630 0.2231 0.3749 0.1743 0.2005 0.0000 0.0000 0.0000 
run 1.0000 5.0000 2.0000 4.0000 0.0000 4.0000 3.0000 1.0000 0.0386 0.2516 0.7547 0.0349 0.0588 m 0.1750 1.0047 1.0734 2.0635 0.2811 0.2079 0.2656 0.0000 0.0000 0.0000 0.0000 0.0000 0.0000 
run 1.0000 5.0000 38.0000 4.0000 0.0000 4.0000 3.0000 1.0000 0.0514 0.2488 0.7465 0.0349 0.0588 m 0.1800 0.9965 1.4279 2.4223 0.1927 0.2936 0.2602 0.0000 0.0000 0.0000 0.0000 0.0000 0.0000 
run 1.0000 5.0000 13.0000 8.0000 1.0000 8.0000 7.0000 0.0000 0.0000 0.2500 1.7500 0.0000 0.0000 m 0.1180 2.0000 1.0592 3.0590 0.2500 0.2500 0.2500 0.2500 0.2500 0.2500 0.2500 0.0000 0.0000 
run 1.0000 5.0000 20.0000 4.0000 0.0000 4.0000 3.0000 1.0000 0.0449 0.2495 0.7486 0.0349 0.0588 m 0.1980 0.9986 1.0154 2.0073 0.2518 0.2933 0.2035 0.0000 0.0000 0.0000 0.0000 0.0000 0.0000 
run 1.0000 5.0000 27.0000 6.0000 0.0000 6.0000 5.0000 2.0000 0.0938 0.2509 1.2546 0.0906 0.1145 m 0.1760 1.5046 1.1420 2.6468 0.1694 0.2380 0.1563 0.3175 0.3735 0.0000 0.0000 0.0000 0.0000 
run 1.0000 5.0000 7.0000 6.0000 0.0000 6.0000 5.0000 0.0000 0.0000 0.2500 1.2500 0.0000 0.0000 m 0.1460 1.5000 1.1599 2.6589 0.2500 0.2500 0.2500 0.2500 0.2500 0.0000 0.0000 0.0000 0.0000 
run 1.0000 5.0000 16.0000 9.0000 1.0000 9.0000 8.0000 0.0000 0.0000 0.2500 2.0000 0.0000 0.0000 m 0.1230 2.2500 1.0847 3.3255 0.2500 0.2500 0.2500 0.2500 0.2500 0.2500 0.2500 0.2500 0.0000 
run 1.0000 5.0000 26.0000 6.0000 0.0000 6.0000 5.0000 1.0000 0.0484 0.2509 1.2546 0.0349 0.0588 m 0.1460 1.5046 1.4866 2.9804 0.2923 0.2166 0.2525 0.1899 0.3033 0.0000 0.0000 0.0000 0.0000 
run 1.0000 5.0000 25.0000 6.0000 0.0000 6.0000 5.0000 0.0000 0.0000 0.2500 1.2500 0.0000 0.0000 m 0.1550 1.5000 1.0549 2.5422 0.2500 0.2500 0.2500 0.2500 0.2500 0.0000 0.0000 0.0000 0.0000 
run 1.0000 5.0000 47.0000 7.0000 1.0000 7.0000 6.0000 1.0000 0.0567 0.2501 1.5007 0.0349 0.0588 m 0.1520 1.7507 1.2620 3.0096 0.2424 0.2092 0.3276 0.1691 0.2907 0.2617 0.0000 0.0000 0.0000 
run 1.0000 5.0000 43.0000 6.0000 0.0000 6.0000 5.0000 0.0000 0.0000 0.2500 1.2500 0.0000 0.0000 m 0.1420 1.5000 1.2919 2.7755 0.2500 0.2500 0.2500 0.2500 0.2500 0.0000 0.0000 0.0000 0.0000 
run 1.0000 5.0000 46.0000 7.0000 1.0000 7.0000 6.0000 0.0000 0.0000 0.2500 1.5000 0.0000 0.0000 m 0.1460 1.7500 1.3137 3.0591 0.2500 0.2500 0.2500 0.2500 0.2500 0.2500 0.0000 0.0000 0.0000 
run 1.0000 5.0000 6.0000 5.0000 0.0000 5.0000 4.0000 2.0000 0.1064 0.2506 1.0023 0.0906 0.1145 m 0.1760 1.2523 1.1530 2.3945 0.1837 0.1568 0.3934 0.2684 0.0000 0.0000 0.0000 0.0000 0.0000 
run 1.0000 5.0000 48.0000 7.0000 1.0000 7.0000 6.0000 2.0000 0.0995 0.2507 1.5044 0.0906 0.1145 m 0.1640 1.7544 1.2664 3.0134 0.1620 0.2194 0.3922 0.3527 0.2257 0.1525 0.0000 0.0000 0.0000 
run 1.0000 5.0000 30.0000 7.0000 1.0000 7.0000 6.0000 2.0000 0.0909 0.2501 1.5007 0.0906 0.1145 m 0.1620 1.7507 1.4351 3.1763 0.1593 0.1920 0.3241 0.3940 0.2389 0.1924 0.0000 0.0000 0.0000 
run 1.0000 5.0000 11.0000 7.0000 1.0000 7.0000 6.0000 1.0000 0.0523 0.2498 1.4989 0.0349 0.0588 m 0.1450 1.7489 1.3784 3.1245 0.3069 0.2667 0.1685 0.2532 0.2938 0.2097 0.0000 0.0000 0.0000 
run 1.0000 5.0000 8.0000 6.0000 0.0000 6.0000 5.0000 1.0000 0.0554 0.2493 1.2463 0.0349 0.0588 m 0.2210 1.4963 1.3768 2.8720 0.2437 0.1977 0.3187 0.2915 0.1947 0.0000 0.0000 0.0000 0.0000 
run 1.0000 5.0000 37.0000 4.0000 0.0000 4.0000 3.0000 0.0000 0.0000 0.2500 0.7500 0.0000 0.0000 m 0.1720 1.0000 1.3344 2.3256 0.2500 0.2500 0.2500 0.0000 0.0000 0.0000 0.0000 0.0000 0.0000 
run 1.0000 5.0000 4.0000 5.0000 0.0000 5.0000 4.0000 0.0000 0.0000 0.2500 1.0000 0.0000 0.0000 m 0.1410 1.2500 1.0470 2.2895 0.2500 0.2500 0.2500 0.2500 0.0000 0.0000 0.0000 0.0000 0.0000 
run 1.0000 5.0000 15.0000 8.0000 1.0000 8.0000 7.0000 2.0000 0.0999 0.2494 1.7457 0.0906 0.1145 m 0.1500 1.9957 1.1386 3.1211 0.2224 0.1854 0.1538 0.3796 0.1641 0.3968 0.2435 0.0000 0.0000 
run 1.0000 6.0000 20.0000 4.0000 0.0000 4.0000 3.0000 1.0000 0.0439 0.2516 0.7547 0.0349 0.0588 m 0.1430 1.0047 1.0926 2.0969 0.2339 0.3016 0.2193 0.0000 0.0000 0.0000 0.0000 0.0000 0.0000 
run 1.0000 6.0000 18.0000 9.0000 1.0000 9.0000 8.0000 2.0000 0.0947 0.2496 1.9964 0.0906 0.1145 m 0.1710 2.2464 1.3129 3.5554 0.3719 0.3362 0.2253 0.1840 0.1507 0.2036 0.1545 0.3701 0.0000 
run 1.0000 6.0000 2.0000 4.0000 0.0000 4.0000 3.0000 1.0000 0.0582 0.2484 0.7451 0.0349 0.0588 m 0.1720 0.9951 1.3349 2.3207 0.2702 0.1824 0.2925 0.0000 0.0000 0.0000 0.0000 0.0000 0.0000 
run 1.0000 6.0000 25.0000 6.0000 0.0000 6.0000 5.0000 0.0000 0.0000 0.2500 1.2500 0.0000 0.0000 m 0.1320 1.5000 1.2290 2.7254 0.2500 0.2500 0.2500 0.2500 0.2500 0.0000 0.0000 0.0000 0.0000 
run 1.0000 6.0000 5.0000 5.0000 0.0000 5.0000 4.0000 1.0000 0.0462 0.2495 0.9982 0.0349 0.0588 m 0.1440 1.2482 1.0094 2.2570 0.2760 0.2293 0.2978 0.1951 0.0000 0.0000 0.0000 0.0000 0.0000 
run 1.0000 6.0000 23.0000 5.0000 0.0000 5.0000 4.0000 1.0000 0.0527 0.2492 0.9968 0.0349 0.0588 m 0.1680 1.2468 1.3386 2.5724 0.3201 0.2121 0.2584 0.2062 0.0000 0.0000 0.0000 0.0000 0.0000 
run 1.0000 6.0000 11.0000 7.0000 1.0000 7.0000 6.0000 1.0000 0.0524 0.2498 1.4989 0.0349 0.0588 m 0.1590 1.7489 1.1444 2.8911 0.2024 0.2882 0.2243 0.2732 0.1891 0.3216 0.0000 0.0000 0.0000 
run 1.0000 6.0000 4.0000 5.0000 0.0000 5.0000 4.0000 0.0000 0.0000 0.2500 1.0000 0.0000 0.0000 m 0.1380 1.2500 1.0543 2.2922 0.2500 0.2500 0.2500 0.2500 0.0000 0.0000 0.0000 0.0000 0.0000 
run 1.0000 6.0000 43.0000 6.0000 0.0000 6.0000 5.0000 0.0000 0.0000 0.2500 1.2500 0.0000 0.0000 m 0.1040 1.5000 1.3028 2.7923 0.2500 0.2500 0.2500 0.2500 0.2500 0.0000 0.0000 0.0000 0.0000 
run 1.0000 6.0000 45.0000 6.0000 0.0000 6.0000 5.0000 2.0000 0.0908 0.2491 1.2457 0.0906 0.1145 m 0.1410 1.4957 1.3636 2.8548 0.2264 0.1619 0.3843 0.2927 0.1804 0.0000 0.0000 0.0000 0.0000 
run 1.0000 6.0000 24.0000 5.0000 0.0000 5.0000 4.0000 2.0000 0.0976 0.2510 1.0042 0.0906 0.1145 m 0.1430 1.2542 1.4541 2.6966 0.3307 0.1511 0.3388 0.1836 0.0000 0.0000 0.0000 0.0000 0.0000 
run 1.0000 6.0000 48.0000 7.0000 1.0000 7.0000 6.0000 2.0000 0.0953 0.2499 1.4994 0.0906 0.1145 m 0.1440 1.7494 1.3978 3.1418 0.1538 0.2383 0.3808 0.3459 0.2260 0.1546 0.0000 0.0000 0.0000 
run 1.0000 6.0000 3.0000 4.0000 0.0000 4.0000 3.0000 2.0000 0.1078 0.2493 0.7478 0.0906 0.1145 m 0.1470 0.9978 1.2941 2.2901 0.1723 0.2031 0.3724 0.0000 0.0000 0.0000 0.0000 0.0000 0.0000 
run 1.0000 6.0000 47.0000 7.0000 1.0000 7.0000 6.0000 1.0000 0.0440 0.2507 1.5042 0.0349 0.0588 m 0.1570 1.7542 1.1653 2.9131 0.2557 0.1985 0.3128 0.2517 0.2045 0.2811 0.0000 0.0000 0.0000 
run 1.0000 6.0000 31.0000 8.0000 1.0000 8.0000 7.0000 0.0000 0.0000 0.2500 1.7500 0.0000 0.0000 m 0.1600 2.0000 1.2478 3.2423 0.2500 0.2500 0.2500 0.2500 0.2500 0.2500 0.2500 0.0000 0.0000 
run 1.0000 6.0000 30.0000 7.0000 1.0000 7.0000 6.0000 2.0000 0.0925 0.2508 1.5046 0.0906 0.1145 m 0.1720 1.7546 1.4661 3.2136 0.2554 0.1695 0.3321 0.1735 0.3894 0.1848 0.0000 0.0000 0.0000 
run 1.0000 6.0000 26.0000 6.0000 0.0000 6.0000 5.0000 1.0000 0.0377 0.2506 1.2530 0.0349 0.0588 m 0.1640 1.5030 1.4377 2.9288 0.2454 0.2890 0.1975 0.2364 0.2846 0.0000 0.0000 0.0000 0.0000 
run 1.0000 6.0000 41.0000 5.0000 0.0000 5.0000 4.0000 1.0000 0.0461 0.2509 1.0035 0.0349 0.0588 m 0.1700 1.2535 1.1468 2.3957 0.2202 0.2676 0.3081 0.2077 0.0000 0.0000 0.0000 0.0000 0.0000 
run 1.0000 6.0000 36.0000 9.0000 1.0000 9.0000 8.0000 2.0000 0.0917 0.2499 1.9993 0.0906 0.1145 m 0.1560 2.2493 1.1500 3.3915 0.1639 0.2448 0.1513 0.2548 0.3921 0.1784 0.2371 0.3770 0.0000 
run 1.0000 6.0000 12.0000 7.0000 1.0000 7.0000 6.0000 2.0000 0.0921 0.2502 1.5012 0.0906 0.1145 m 0.1640 1.7512 1.0243 2.7598 0.2062 0.3037 0.3790 0.1546 0.3030 0.1547 0.0000 0.0000 0.0000 
run 1.0000 6.0000 34.0000 9.0000 1.0000 9.0000 8.0000 0.0000 0.0000 0.2500 2.0000 0.0000 0.0000 m 0.1490 2.2500 1.2329 3.4756 0.2500 0.2500 0.2500 0.2500 0.2500 0.2500 0.2500 0.2500 0.0000 
run 1.0000 6.0000 52.0000 9.0000 1.0000 9.0000 8.0000 0.0000 0.0000 0.2500 2.0000 0.0000 0.0000 m 0.1500 2.2500 1.0792 3.3254 0.2500 0.2500 0.2500 0.2500 0.2500 0.2500 0.2500 0.2500 0.0000 
run 1.0000 6.0000 8.0000 6.0000 0.0000 6.0000 5.0000 1.0000 0.0560 0.2490 1.2451 0.0349 0.0588 m 0.1730 1.4951 1.0506 2.5372 0.2220 0.2501 0.1897 0.2436 0.3398 0.0000 0.0000 0.0000 0.0000 
run 1.0000 6.0000 49.0000 8.0000 1.0000 8.0000 7.0000 0.0000 0.0000 0.2500 1.7500 0.0000 0.0000 m 0.1360 2.0000 1.0704 3.0589 0.2500 0.2500 0.2500 0.2500 0.2500 0.2500 0.2500 0.0000 0.0000 
run 1.0000 6.0000 19.0000 4.0000 0.0000 4.0000 3.0000 0.0000 0.0000 0.2500 0.7500 0.0000 0.0000 m 0.1520 1.0000 1.1630 2.1589 0.2500 0.2500 0.2500 0.0000 0.0000 0.0000 0.0000 0.0000 0.0000 
run 1.0000 6.0000 10.0000 7.0000 1.0000 7.0000 6.0000 0.0000 0.0000 0.2500 1.5000 0.0000 0.0000 m 0.1550 1.7500 1.1110 2.8588 0.2500 0.2500 0.2500 0.2500 0.2500 0.2500 0.0000 0.0000 0.0000 
run 1.0000 6.0000 27.0000 6.0000 0.0000 6.0000 5.0000 2.0000 0.1005 0.2498 1.2491 0.0906 0.1145 m 0.1710 1.4991 1.2410 2.7246 0.1605 0.3925 0.3140 0.2143 0.1679 0.0000 0.0000 0.0000 0.0000 
run 1.0000 6.0000 9.0000 6.0000 0.0000 6.0000 5.0000 2.0000 0.0976 0.2505 1.2524 0.0906 0.1145 m 0.1420 1.5024 1.1659 2.6614 0.3917 0.1694 0.2380 0.2984 0.1549 0.0000 0.0000 0.0000 0.0000 
run 1.0000 6.0000 44.0000 6.0000 0.0000 6.0000 5.0000 1.0000 0.0471 0.2496 1.2480 0.0349 0.0588 m 0.1460 1.4980 1.3593 2.8570 0.2983 0.2027 0.2978 0.2434 0.2058 0.0000 0.0000 0.0000 0.0000 
run 1.0000 6.0000 14.0000 8.0000 1.0000 8.0000 7.0000 1.0000 0.0554 0.2506 1.7539 0.0349 0.0588 m 0.1650 2.0039 1.0521 3.0461 0.2811 0.2062 0.3392 0.2162 0.2925 0.2352 0.1836 0.0000 0.0000 
run 1.0000 6.0000 28.0000 7.0000 1.0000 7.0000 6.0000 0.0000 0.0000 0.2500 1.5000 0.0000 0.0000 m 0.1370 1.7500 1.0623 2.8088 0.2500 0.2500 0.2500 0.2500 0.2500 0.2500 0.0000 0.0000 0.0000 
run 1.0000 6.0000 40.0000 5.0000 0.0000 5.0000 4.0000 0.0000 0.0000 0.2500 1.0000 0.0000 0.0000 m 0.1320 1.2500 1.4405 2.6758 0.2500 0.2500 0.2500 0.2500 0.0000 0.0000 0.0000 0.0000 0.0000 
run 1.0000 6.0000 42.0000 5.0000 0.0000 5.0000 4.0000 2.0000 0.0944 0.2492 0.9969 0.0906 0.1145 m 0.1580 1.2469 1.0996 2.3391 0.2453 0.1703 0.1984 0.3829 0.0000 0.0000 0.0000 0.0000 0.0000 
run 1.0000 6.0000 32.0000 8.0000 1.0000 8.0000 7.0000 1.0000 0.0587 0.2507 1.7549 0.0349 0.0588 m 0.1850 2.0049 1.2726 3.2638 0.2273 0.1877 0.3287 0.1773 0.3145 0.2746 0.2447 0.0000 0.0000 
run 1.0000 6.0000 16.0000 9.0000 1.0000 9.0000 8.0000 0.0000 0.0000 0.2500 2.0000 0.0000 0.0000 m 0.1630 2.2500 1.3487 3.5925 0.2500 0.2500 0.2500 0.2500 0.2500 0.2500 0.2500 0.2500 0.0000 
run 1.0000 6.0000 39.0000 4.0000 0.0000 4.0000 3.0000 2.0000 0.0990 0.2509 0.7528 0.0906 0.1145 m 0.1480 1.0028 1.3225 2.3117 0.1708 0.2205 0.3615 0.0000 0.0000 0.0000 0.0000 0.0000 0.0000 
run 1.0000 6.0000 54.0000 9.0000 1.0000 9.0000 8.0000 2.0000 0.0916 0.2496 1.9964 0.0906 0.1145 m 0.1710 2.2464 1.3395 3.5718 0.1535 0.2141 0.3209 0.3580 0.1773 0.3853 0.2210 0.1663 0.0000 
run 1.0000 6.0000 6.0000 5.0000 0.0000 5.0000 4.0000 2.0000 0.0919 0.2506 1.0023 0.0906 0.1145 m 0.1720 1.2523 1.0737 2.3111 0.3426 0.1593 0.1849 0.3155 0.0000 0.0000 0.0000 0.0000 0.0000 
run 1.0000 6.0000 29.0000 7.0000 1.0000 7.0000 6.0000 1.0000 0.0430 0.2494 1.4962 0.0349 0.0588 m 0.1780 1.7462 1.4129 3.1550 0.2824 0.2278 0.1937 0.2353 0.3153 0.2417 0.0000 0.0000 0.0000 
run 1.0000 6.0000 1.0000 4.0000 0.0000 4.0000 3.0000 0.0000 0.0000 0.2500 0.7500 0.0000 0.0000 m 0.2060 1.0000 1.4405 2.4256 0.2500 0.2500 0.2500 0.0000 0.0000 0.0000 0.0000 0.0000 0.0000 
run 1.0000 6.0000 21.0000 4.0000 0.0000 4.0000 3.0000 2.0000 0.0922 0.2512 0.7535 0.0906 0.1145 m 0.1810 1.0035 1.1211 2.1124 0.3555 0.1806 0.2174 0.0000 0.0000 0.0000 0.0000 0.0000 0.0000 
run 1.0000 6.0000 50.0000 8.0000 1.0000 8.0000 7.0000 1.0000 0.0527 0.2504 1.7530 0.0349 0.0588 m 0.1580 2.0030 1.0899 3.0784 0.2346 0.1965 0.2567 0.3424 0.2334 0.2930 0.1965 0.0000 0.0000 
run 1.0000 6.0000 46.0000 7.0000 1.0000 7.0000 6.0000 0.0000 0.0000 0.2500 1.5000 0.0000 0.0000 m 0.1640 1.7500 1.0102 2.7587 0.2500 0.2500 0.2500 0.2500 0.2500 0.2500 0.0000 0.0000 0.0000 
run 1.0000 6.0000 33.0000 8.0000 1.0000 8.0000 7.0000 2.0000 0.0907 0.2494 1.7458 0.0906 0.1145 m 0.1420 1.9958 1.1236 3.1047 0.2747 0.1522 0.1792 0.1519 0.3289 0.3826 0.2763 0.0000 0.0000 
run 1.0000 6.0000 13.0000 8.0000 1.0000 8.0000 7.0000 0.0000 0.0000 0.2500 1.7500 0.0000 0.0000 m 0.1600 2.0000 1.3155 3.3089 0.2500 0.2500 0.2500 0.2500 0.2500 0.2500 0.2500 0.0000 0.0000 
run 1.0000 6.0000 37.0000 4.0000 0.0000 4.0000 3.0000 0.0000 0.0000 0.2500 0.7500 0.0000 0.0000 m 0.1610 1.0000 1.3369 2.3257 0.2500 0.2500 0.2500 0.0000 0.0000 0.0000 0.0000 0.0000 0.0000 
run 1.0000 6.0000 15.0000 8.0000 1.0000 8.0000 7.0000 2.0000 0.0949 0.2502 1.7511 0.0906 0.1145 m 0.1640 2.0011 1.4270 3.4267 0.1757 0.2088 0.1556 0.3974 0.2191 0.3708 0.2237 0.0000 0.0000 
run 1.0000 6.0000 51.0000 8.0000 1.0000 8.0000 7.0000 2.0000 0.0922 0.2499 1.7490 0.0906 0.1145 m 0.1650 1.9990 1.0630 3.0579 0.2401 0.1523 0.2117 0.3871 0.1926 0.3710 0.1942 0.0000 0.0000 
run 1.0000 6.0000 53.0000 9.0000 1.0000 9.0000 8.0000 1.0000 0.0544 0.2500 2.0003 0.0349 0.0588 m 0.1910 2.2503 1.3962 3.6426 0.2797 0.3095 0.1949 0.1695 0.2024 0.2560 0.3110 0.2773 0.0000 
run 1.0000 6.0000 35.0000 9.0000 1.0000 9.0000 8.0000 1.0000 0.0520 0.2502 2.0018 0.0349 0.0588 m 0.1670 2.2518 1.4275 3.6776 0.1699 0.2262 0.2529 0.2171 0.2630 0.3115 0.2305 0.3307 0.0000 
run 1.0000 6.0000 17.0000 9.0000 1.0000 9.0000 8.0000 1.0000 0.0578 0.2495 1.9959 0.0349 0.0588 m 0.1880 2.2459 1.3398 3.5715 0.2441 0.3194 0.2930 0.2525 0.3049 0.1529 0.1849 0.2442 0.0000 
run 1.0000 6.0000 7.0000 6.0000 0.0000 6.0000 5.0000 0.0000 0.0000 0.2500 1.2500 0.0000 0.0000 m 0.1710 1.5000 1.2283 2.7257 0.2500 0.2500 0.2500 0.2500 0.2500 0.0000 0.0000 0.0000 0.0000 
run 1.0000 6.0000 22.0000 5.0000 0.0000 5.0000 4.0000 0.0000 0.0000 0.2500 1.0000 0.0000 0.0000 m 0.1790 1.2500 1.1075 2.3423 0.2500 0.2500 0.2500 0.2500 0.0000 0.0000 0.0000 0.0000 0.0000 
run 1.0000 6.0000 38.0000 4.0000 0.0000 4.0000 3.0000 1.0000 0.0441 0.2504 0.7512 0.0349 0.0588 m 0.1600 1.0012 1.4169 2.4101 0.2345 0.3002 0.2164 0.0000 0.0000 0.0000 0.0000 0.0000 0.0000 
run 1.0000 7.0000 22.0000 5.0000 0.0000 5.0000 4.0000 0.0000 0.0000 0.2500 1.0000 0.0000 0.0000 m 0.1630 1.2500 1.2901 2.5257 0.2500 0.2500 0.2500 0.2500 0.0000 0.0000 0.0000 0.0000 0.0000 
run 1.0000 7.0000 28.0000 7.0000 1.0000 7.0000 6.0000 0.0000 0.0000 0.2500 1.5000 0.0000 0.0000 m 0.1720 1.7500 1.3509 3.0924 0.2500 0.2500 0.2500 0.2500 0.2500 0.2500 0.0000 0.0000 0.0000 
run 1.0000 7.0000 5.0000 5.0000 0.0000 5.0000 4.0000 1.0000 0.0500 0.2489 0.9956 0.0349 0.0588 m 0.1790 1.2456 1.3451 2.5880 0.1949 0.3063 0.2724 0.2220 0.0000 0.0000 0.0000 0.0000 0.0000 
run 1.0000 7.0000 44.0000 6.0000 0.0000 6.0000 5.0000 1.0000 0.0509 0.2497 1.2483 0.0349 0.0588 m 0.1720 1.4983 1.1710 2.6572 0.2316 0.2634 0.1815 0.3219 0.2500 0.0000 0.0000 0.0000 0.0000 
run 1.0000 7.0000 53.0000 9.0000 1.0000 9.0000 8.0000 1.0000 0.0580 0.2499 1.9991 0.0349 0.0588 m 0.1740 2.2491 1.4186 3.6580 0.2054 0.2591 0.1981 0.3447 0.2978 0.2327 0.1737 0.2876 0.0000 
run 1.0000 7.0000 46.0000 7.0000 1.0000 7.0000 6.0000 0.0000 0.0000 0.2500 1.5000 0.0000 0.0000 m 0.1380 1.7500 1.0897 2.8255 0.2500 0.2500 0.2500 0.2500 0.2500 0.2500 0.0000 0.0000 0.0000 
run 1.0000 7.0000 16.0000 9.0000 1.0000 9.0000 8.0000 0.0000 0.0000 0.2500 2.0000 0.0000 0.0000 m 0.1420 2.2500 1.1882 3.4254 0.2500 0.2500 0.2500 0.2500 0.2500 0.2500 0.2500 0.2500 0.0000 
run 1.0000 7.0000 36.0000 9.0000 1.0000 9.0000 8.0000 2.0000 0.0977 0.2504 2.0030 0.0906 0.1145 m 0.2410 2.2530 1.1725 3.4118 0.2079 0.1804 0.3649 0.1678 0.1979 0.3958 0.1542 0.3340 0.0000 
run 1.0000 7.0000 47.0000 7.0000 1.0000 7.0000 6.0000 1.0000 0.0546 0.2507 1.5040 0.0349 0.0588 m 0.1680 1.7540 1.1256 2.8795 0.2049 0.2360 0.3399 0.2917 0.1993 0.2322 0.0000 0.0000 0.0000 
run 1.0000 7.0000 49.0000 8.0000 1.0000 8.0000 7.0000 0.0000 0.0000 0.2500 1.7500 0.0000 0.0000 m 0.1650 2.0000 1.2062 3.1923 0.2500 0.2500 0.2500 0.2500 0.2500 0.2500 0.2500 0.0000 0.0000 
run 1.0000 7.0000 37.0000 4.0000 0.0000 4.0000 3.0000 0.0000 0.0000 0.2500 0.7500 0.0000 0.0000 m 0.1700 1.0000 1.0037 1.9923 0.2500 0.2500 0.2500 0.0000 0.0000 0.0000 0.0000 0.0000 0.0000 
run 1.0000 7.0000 23.0000 5.0000 0.0000 5.0000 4.0000 1.0000 0.0458 0.2498 0.9992 0.0349 0.0588 m 0.1420 1.2492 1.2076 2.4416 0.2215 0.2507 0.2130 0.3140 0.0000 0.0000 0.0000 0.0000 0.0000 
run 1.0000 7.0000 6.0000 5.0000 0.0000 5.0000 4.0000 2.0000 0.0991 0.2500 1.0001 0.0906 0.1145 m 0.1510 1.2501 1.2654 2.5089 0.2566 0.3864 0.1610 0.1961 0.0000 0.0000 0.0000 0.0000 0.0000 
run 1.0000 7.0000 27.0000 6.0000 0.0000 6.0000 5.0000 2.0000 0.0974 0.2496 1.2482 0.0906 0.1145 m 0.1270 1.4982 1.4751 2.9573 0.1762 0.3709 0.1742 0.3402 0.1867 0.0000 0.0000 0.0000 0.0000 
run 1.0000 7.0000 41.0000 5.0000 0.0000 5.0000 4.0000 1.0000 0.0375 0.2496 0.9986 0.0349 0.0588 m 0.2050 1.2486 1.3625 2.6076 0.2806 0.1978 0.2736 0.2466 0.0000 0.0000 0.0000 0.0000 0.0000 
run 1.0000 7.0000 26.0000 6.0000 0.0000 6.0000 5.0000 1.0000 0.0565 0.2494 1.2470 0.0349 0.0588 m 0.1360 1.4970 1.1151 2.6058 0.2707 0.3109 0.2117 0.2820 0.1717 0.0000 0.0000 0.0000 0.0000 
run 1.0000 7.0000 51.0000 8.0000 1.0000 8.0000 7.0000 2.0000 0.0969 0.2495 1.7466 0.0906 0.1145 m 0.1900 1.9966 1.2017 3.1889 0.2064 0.1767 0.2639 0.1859 0.3959 0.1508 0.3670 0.0000 0.0000 
run 1.0000 7.0000 10.0000 7.0000 1.0000 7.0000 6.0000 0.0000 0.0000 0.2500 1.5000 0.0000 0.0000 m 0.1420 1.7500 1.3654 3.1091 0.2500 0.2500 0.2500 0.2500 0.2500 0.2500 0.0000 0.0000 0.0000 
run 1.0000 7.0000 48.0000 7.0000 1.0000 7.0000 6.0000 2.0000 0.0949 0.2505 1.5030 0.0906 0.1145 m 0.1350 1.7530 1.1597 2.9118 0.3196 0.1603 0.2775 0.1733 0.3930 0.1793 0.0000 0.0000 0.0000 
run 1.0000 7.0000 4.0000 5.0000 0.0000 5.0000 4.0000 0.0000 0.0000 0.2500 1.0000 0.0000 0.0000 m 0.1500 1.2500 1.1499 2.3922 0.2500 0.2500 0.2500 0.2500 0.0000 0.0000 0.0000 0.0000 0.0000 
run 1.0000 7.0000 9.0000 6.0000 0.0000 6.0000 5.0000 2.0000 0.0973 0.2505 1.2527 0.0906 0.1145 m 0.1550 1.5027 1.3144 2.8115 0.2518 0.3644 0.1557 0.3290 0.1519 0.0000 0.0000 0.0000 0.0000 
run 1.0000 7.0000 24.0000 5.0000 0.0000 5.0000 4.0000 2.0000 0.0960 0.2508 1.0033 0.0906 0.1145 m 0.2020 1.2533 1.3313 2.5790 0.1969 0.2262 0.1875 0.3927 0.0000 0.0000 0.0000 0.0000 0.0000 
run 1.0000 7.0000 15.0000 8.0000 1.0000 8.0000 7.0000 2.0000 0.1022 0.2498 1.7486 0.0906 0.1145 m 0.1520 1.9986 1.1080 3.0910 0.1502 0.3746 0.1522 0.2132 0.2915 0.1777 0.3892 0.0000 0.0000 
run 1.0000 7.0000 18.0000 9.0000 1.0000 9.0000 8.0000 2.0000 0.0986 0.2501 2.0012 0.0906 0.1145 m 0.1390 2.2512 1.2144 3.4600 0.2049 0.3586 0.1770 0.3831 0.1633 0.3592 0.1526 0.2025 0.0000 
run 1.0000 7.0000 13.0000 8.0000 1.0000 8.0000 7.0000 0.0000 0.0000 0.2500 1.7500 0.0000 0.0000 m 0.1360 2.0000 1.1986 3.1922 0.2500 0.2500 0.2500 0.2500 0.2500 0.2500 0.2500 0.0000 0.0000 
run 1.0000 7.0000 54.0000 9.0000 1.0000 9.0000 8.0000 2.0000 0.0908 0.2495 1.9959 0.0906 0.1145 m 0.1640 2.2459 1.1442 3.3883 0.1708 0.2281 0.3664 0.1856 0.1553 0.2056 0.3938 0.2902 0.0000 
run 1.0000 7.0000 12.0000 7.0000 1.0000 7.0000 6.0000 2.0000 0.0911 0.2503 1.5017 0.0906 0.1145 m 0.1500 1.7517 1.1300 2.8771 0.1597 0.3042 0.1872 0.3711 0.1637 0.3158 0.0000 0.0000 0.0000 
run 1.0000 7.0000 25.0000 6.0000 0.0000 6.0000 5.0000 0.0000 0.0000 0.2500 1.2500 0.0000 0.0000 m 0.1670 1.5000 1.0144 2.5087 0.2500 0.2500 0.2500 0.2500 0.2500 0.0000 0.0000 0.0000 0.0000 
run 1.0000 7.0000 30.0000 7.0000 1.0000 7.0000 6.0000 2.0000 0.0927 0.2493 1.4959 0.0906 0.1145 m 0.2310 1.7459 1.1440 2.8881 0.2482 0.1523 0.3894 0.2114 0.3265 0.1682 0.0000 0.0000 0.0000 
run 1.0000 7.0000 8.0000 6.0000 0.0000 6.0000 5.0000 1.0000 0.0415 0.2490 1.2451 0.0349 0.0588 m 0.1670 1.4951 1.0078 2.4872 0.2414 0.1955 0.2911 0.2269 0.2902 0.0000 0.0000 0.0000 0.0000 
run 1.0000 7.0000 19.0000 4.0000 0.0000 4.0000 3.0000 0.0000 0.0000 0.2500 0.7500 0.0000 0.0000 m 0.1630 1.0000 1.2003 2.1924 0.2500 0.2500 0.2500 0.0000 0.0000 0.0000 0.0000 0.0000 0.0000 
run 1.0000 7.0000 21.0000 4.0000 0.0000 4.0000 3.0000 2.0000 0.0931 0.2495 0.7486 0.0906 0.1145 m 0.1530 0.9986 1.2196 2.2077 0.3376 0.1520 0.2590 0.0000 0.0000 0.0000 0.0000 0.0000 0.0000 
run 1.0000 7.0000 42.0000 5.0000 0.0000 5.0000 4.0000 2.0000 0.0973 0.2493 0.9973 0.0906 0.1145 m 0.1560 1.2473 1.4287 2.6730 0.2907 0.3667 0.1826 0.1574 0.0000 0.0000 0.0000 0.0000 0.0000 
run 1.0000 7.0000 38.0000 4.0000 0.0000 4.0000 3.0000 1.0000 0.0372 0.2487 0.7462 0.0349 0.0588 m 0.1620 0.9962 1.4239 2.4053 0.2874 0.2133 0.2456 0.0000 0.0000 0.0000 0.0000 0.0000 0.0000 
run 1.0000 7.0000 1.0000 4.0000 0.0000 4.0000 3.0000 0.0000 0.0000 0.2500 0.7500 0.0000 0.0000 m 0.1410 1.0000 1.0436 2.0421 0.2500 0.2500 0.2500 0.0000 0.0000 0.0000 0.0000 0.0000 0.0000 
run 1.0000 7.0000 40.0000 5.0000 0.0000 5.0000 4.0000 0.0000 0.0000 0.2500 1.0000 0.0000 0.0000 m 0.1530 1.2500 1.0465 2.2922 0.2500 0.2500 0.2500 0.2500 0.0000 0.0000 0.0000 0.0000 0.0000 
run 1.0000 7.0000 11.0000 7.0000 1.0000 7.0000 6.0000 1.0000 0.0420 0.2498 1.4985 0.0349 0.0588 m 0.1630 1.7485 1.1013 2.8406 0.1913 0.2763 0.2184 0.2966 0.2314 0.2846 0.0000 0.0000 0.0000 
run 1.0000 7.0000 3.0000 4.0000 0.0000 4.0000 3.0000 2.0000 0.0959 0.2495 0.7486 0.0906 0.1145 m 0.1580 0.9986 1.2901 2.2742 0.3450 0.1532 0.2503 0.0000 0.0000 0.0000 0.0000 0.0000 0.0000 
run 1.0000 7.0000 45.0000 6.0000 0.0000 6.0000 5.0000 2.0000 0.0922 0.2497 1.2487 0.0906 0.1145 m 0.1590 1.4987 1.2295 2.7242 0.3760 0.1578 0.2268 0.3114 0.1768 0.0000 0.0000 0.0000 0.0000 
run 1.0000 7.0000 31.0000 8.0000 1.0000 8.0000 7.0000 0.0000 0.0000 0.2500 1.7500 0.0000 0.0000 m 0.1520 2.0000 1.1186 3.1088 0.2500 0.2500 0.2500 0.2500 0.2500 0.2500 0.2500 0.0000 0.0000 
run 1.0000 7.0000 29.0000 7.0000 1.0000 7.0000 6.0000 1.0000 0.0446 0.2498 1.4986 0.0349 0.0588 m 0.2710 1.7486 1.3918 3.1244 0.3091 0.2417 0.1859 0.2328 0.2924 0.2367 0.0000 0.0000 0.0000 
run 1.0000 7.0000 43.0000 6.0000 0.0000 6.0000 5.0000 0.0000 0.0000 0.2500 1.2500 0.0000 0.0000 m 0.1640 1.5000 1.2063 2.6922 0.2500 0.2500 0.2500 0.2500 0.2500 0.0000 0.0000 0.0000 0.0000 
run 1.0000 7.0000 32.0000 8.0000 1.0000 8.0000 7.0000 1.0000 0.0585 0.2495 1.7464 0.0349 0.0588 m 0.2050 1.9964 1.4763 3.4721 0.2237 0.2752 0.2364 0.1527 0.2771 0.2382 0.3431 0.0000 0.0000 
run 1.0000 7.0000 14.0000 8.0000 1.0000 8.0000 7.0000 1.0000 0.0572 0.2494 1.7458 0.0349 0.0588 m 0.2380 1.9958 1.0552 3.0381 0.1971 0.2465 0.2891 0.1637 0.2309 0.2946 0.3239 0.0000 0.0000 
run 1.0000 7.0000 2.0000 4.0000 0.0000 4.0000 3.0000 1.0000 0.0364 0.2498 0.7495 0.0349 0.0588 m 0.1930 0.9995 1.0187 2.0084 0.2891 0.2172 0.2433 0.0000 0.0000 0.0000 0.0000 0.0000 0.0000 
run 1.0000 7.0000 7.0000 6.0000 0.0000 6.0000 5.0000 0.0000 0.0000 0.2500 1.2500 0.0000 0.0000 m 0.1610 1.5000 1.3675 2.8590 0.2500 0.2500 0.2500 0.2500 0.2500 0.0000 0.0000 0.0000 0.0000 
run 1.0000 7.0000 52.0000 9.0000 1.0000 9.0000 8.0000 0.0000 0.0000 0.2500 2.0000 0.0000 0.0000 m 0.1940 2.2500 1.4768 3.7256 0.2500 0.2500 0.2500 0.2500 0.2500 0.2500 0.2500 0.2500 0.0000 
run 1.0000 7.0000 35.0000 9.0000 1.0000 9.0000 8.0000 1.0000 0.0449 0.2505 2.0042 0.0349 0.0588 m 0.2010 2.2542 1.4413 3.6799 0.2055 0.3155 0.2272 0.3173 0.2647 0.2104 0.2454 0.2181 0.0000 
run 1.0000 7.0000 20.0000 4.0000 0.0000 4.0000 3.0000 1.0000 0.0576 0.2508 0.7524 0.0349 0.0588 m 0.2280 1.0024 1.3961 2.3948 0.2446 0.1965 0.3113 0.0000 0.0000 0.0000 0.0000 0.0000 0.0000 
run 1.0000 7.0000 50.0000 8.0000 1.0000 8.0000 7.0000 1.0000 0.0561 0.2497 1.7476 0.0349 0.0588 m 0.2190 1.9976 1.0929 3.0899 0.1959 0.3101 0.1724 0.3092 0.2226 0.2945 0.2429 0.0000 0.0000 
run 1.0000 7.0000 33.0000 8.0000 1.0000 8.0000 7.0000 2.0000 0.0920 0.2497 1.7478 0.0906 0.1145 m 0.2740 1.9978 1.0996 3.0899 0.2422 0.1541 0.1962 0.2432 0.3597 0.1640 0.3885 0.0000 0.0000 
run 1.0000 7.0000 34.0000 9.0000 1.0000 9.0000 8.0000 0.0000 0.0000 0.2500 2.0000 0.0000 0.0000 m 0.1730 2.2500 1.0780 3.3255 0.2500 0.2500 0.2500 0.2500 0.2500 0.2500 0.2500 0.2500 0.0000 
run 1.0000 7.0000 17.0000 9.0000 1.0000 9.0000 8.0000 1.0000 0.0562 0.2498 1.9985 0.0349 0.0588 m 0.1840 2.2485 1.3538 3.5907 0.2683 0.3292 0.2728 0.1681 0.3002 0.1838 0.2150 0.2610 0.0000 
run 1.0000 7.0000 39.0000 4.0000 0.0000 4.0000 3.0000 2.0000 0.1005 0.2492 0.7476 0.0906 0.1145 m 0.2120 0.9976 1.0286 2.0230 0.3633 0.1738 0.2105 0.0000 0.0000 0.0000 0.0000 0.0000 0.0000 
run 1.0000 8.0000 37.0000 4.0000 0.0000 4.0000 3.0000 0.0000 0.0000 0.2500 0.7500 0.0000 0.0000 m 0.2080 1.0000 1.2117 2.2089 0.2500 0.2500 0.2500 0.0000 0.0000 0.0000 0.0000 0.0000 0.0000 
run 1.0000 8.0000 43.0000 6.0000 0.0000 6.0000 5.0000 0.0000 0.0000 0.2500 1.2500 0.0000 0.0000 m 0.1580 1.5000 1.0412 2.5254 0.2500 0.2500 0.2500 0.2500 0.2500 0.0000 0.0000 0.0000 0.0000 
run 1.0000 8.0000 12.0000 7.0000 1.0000 7.0000 6.0000 2.0000 0.0926 0.2506 1.5034 0.0906 0.1145 m 0.1520 1.7534 1.3366 3.0792 0.2261 0.1508 0.3793 0.2236 0.3477 0.1760 0.0000 0.0000 0.0000 
run 1.0000 8.0000 45.0000 6.0000 0.0000 6.0000 5.0000 2.0000 0.0928 0.2500 1.2502 0.0906 0.1145 m 0.1530 1.5002 1.2062 2.6923 0.1599 0.1948 0.2963 0.3896 0.2096 0.0000 0.0000 0.0000 0.0000 
run 1.0000 8.0000 29.0000 7.0000 1.0000 7.0000 6.0000 1.0000 0.0555 0.2504 1.5024 0.0349 0.0588 m 0.1400 1.7524 1.0996 2.8445 0.2697 0.2357 0.3376 0.2245 0.2643 0.1706 0.0000 0.0000 0.0000 
run 1.0000 8.0000 42.0000 5.0000 0.0000 5.0000 4.0000 2.0000 0.1090 0.2499 0.9997 0.0906 0.1145 m 0.1480 1.2497 1.1261 2.3752 0.3998 0.2566 0.1922 0.1511 0.0000 0.0000 0.0000 0.0000 0.0000 
run 1.0000 8.0000 22.0000 5.0000 0.0000 5.0000 4.0000 0.0000 0.0000 0.2500 1.0000 0.0000 0.0000 m 0.1620 1.2500 1.1337 2.3756 0.2500 0.2500 0.2500 0.2500 0.0000 0.0000 0.0000 0.0000 0.0000 
run 1.0000 8.0000 38.0000 4.0000 0.0000 4.0000 3.0000 1.0000 0.0560 0.2485 0.7455 0.0349 0.0588 m 0.1930 0.9955 1.4085 2.3878 0.1982 0.3089 0.2384 0.0000 0.0000 0.0000 0.0000 0.0000 0.0000 
run 1.0000 8.0000 26.0000 6.0000 0.0000 6.0000 5.0000 1.0000 0.0448 0.2492 1.2460 0.0349 0.0588 m 0.1600 1.4960 1.4572 2.9383 0.1998 0.2565 0.2303 0.3204 0.2389 0.0000 0.0000 0.0000 0.0000 
run 1.0000 8.0000 10.0000 7.0000 1.0000 7.0000 6.0000 0.0000 0.0000 0.2500 1.5000 0.0000 0.0000 m 0.1230 1.7500 1.1413 2.8754 0.2500 0.2500 0.2500 0.2500 0.2500 0.2500 0.0000 0.0000 0.0000 
run 1.0000 8.0000 2.0000 4.0000 0.0000 4.0000 3.0000 1.0000 0.0503 0.2512 0.7536 0.0349 0.0588 m 0.1520 1.0036 1.0735 2.0627 0.2916 0.1948 0.2672 0.0000 0.0000 0.0000 0.0000 0.0000 0.0000 
run 1.0000 8.0000 30.0000 7.0000 1.0000 7.0000 6.0000 2.0000 0.1006 0.2505 1.5030 0.0906 0.1145 m 0.1470 1.7530 1.2741 3.0120 0.1776 0.3505 0.1646 0.2758 0.1519 0.3827 0.0000 0.0000 0.0000 
run 1.0000 8.0000 50.0000 8.0000 1.0000 8.0000 7.0000 1.0000 0.0513 0.2505 1.7536 0.0349 0.0588 m 0.1820 2.0036 1.0530 3.0457 0.2391 0.1660 0.2308 0.3270 0.2387 0.2962 0.2557 0.0000 0.0000 
run 1.0000 8.0000 3.0000 4.0000 0.0000 4.0000 3.0000 2.0000 0.1116 0.2509 0.7528 0.0906 0.1145 m 0.1910 1.0028 1.1371 2.1283 0.1684 0.2065 0.3779 0.0000 0.0000 0.0000 0.0000 0.0000 0.0000 
run 1.0000 8.0000 52.0000 9.0000 1.0000 9.0000 8.0000 0.0000 0.0000 0.2500 2.0000 0.0000 0.0000 m 0.1350 2.2500 1.2173 3.4591 0.2500 0.2500 0.2500 0.2500 0.2500 0.2500 0.2500 0.2500 0.0000 
run 1.0000 8.0000 34.0000 9.0000 1.0000 9.0000 8.0000 0.0000 0.0000 0.2500 2.0000 0.0000 0.0000 m 0.1710 2.2500 1.0084 3.2587 0.2500 0.2500 0.2500 0.2500 0.2500 0.2500 0.2500 0.2500 0.0000 
run 1.0000 8.0000 21.0000 4.0000 0.0000 4.0000 3.0000 2.0000 0.0944 0.2499 0.7497 0.0906 0.1145 m 0.6390 0.9997 1.2256 2.2253 0.3379 0.1501 0.2616 0.0000 0.0000 0.0000 0.0000 0.0000 0.0000 
run 1.0000 8.0000 25.0000 6.0000 0.0000 6.0000 5.0000 0.0000 0.0000 0.2500 1.2500 0.0000 0.0000 m 0.2510 1.5000 1.4521 2.9422 0.2500 0.2500 0.2500 0.2500 0.2500 0.0000 0.0000 0.0000 0.0000 
run 1.0000 8.0000 39.0000 4.0000 0.0000 4.0000 3.0000 2.0000 0.1047 0.2504 0.7511 0.0906 0.1145 m 0.1820 1.0011 1.3618 2.3600 0.2185 0.1653 0.3673 0.0000 0.0000 0.0000 0.0000 0.0000 0.0000 
run 1.0000 8.0000 24.0000 5.0000 0.0000 5.0000 4.0000 2.0000 0.0941 0.2492 0.9968 0.0906 0.1145 m 0.1660 1.2468 1.2520 2.4890 0.1830 0.2714 0.1694 0.3730 0.0000 0.0000 0.0000 0.0000 0.0000 
run 1.0000 8.0000 40.0000 5.0000 0.0000 5.0000 4.0000 0.0000 0.0000 0.2500 1.0000 0.0000 0.0000 m 0.1430 1.2500 1.2634 2.5090 0.2500 0.2500 0.2500 0.2500 0.0000 0.0000 0.0000 0.0000 0.0000 
run 1.0000 8.0000 15.0000 8.0000 1.0000 8.0000 7.0000 2.0000 0.1001 0.2499 1.7490 0.0906 0.1145 m 0.1680 1.9990 1.4773 3.4746 0.1509 0.2159 0.1539 0.3960 0.3601 0.2915 0.1807 0.0000 0.0000 
run 1.0000 8.0000 20.0000 4.0000 0.0000 4.0000 3.0000 1.0000 0.0510 0.2497 0.7491 0.0349 0.0588 m 0.2070 0.9991 1.3307 2.3245 0.2609 0.1940 0.2942 0.0000 0.0000 0.0000 0.0000 0.0000 0.0000 
run 1.0000 8.0000 17.0000 9.0000 1.0000 9.0000 8.0000 1.0000 0.0518 0.2499 1.9995 0.0349 0.0588 m 0.2370 2.2495 1.4670 3.7083 0.2863 0.2462 0.1510 0.2633 0.3198 0.2205 0.2854 0.2271 0.0000 
run 1.0000 8.0000 31.0000 8.0000 1.0000 8.0000 7.0000 0.0000 0.0000 0.2500 1.7500 0.0000 0.0000  0.0000 2.0000 1.1121 3.1089 0.2500 0.2500 0.2500 0.2500 0.2500 0.2500 0.2500 0.0000 0.0000 
run 1.0000 8.0000 6.0000 5.0000 0.0000 5.0000 4.0000 2.0000 0.0916 0.2502 1.0007 0.0906 0.1145 m 0.1970 1.2507 1.1675 2.4097 0.2474 0.3779 0.1644 0.2111 0.0000 0.0000 0.0000 0.0000 0.0000 
run 1.0000 8.0000 4.0000 5.0000 0.0000 5.0000 4.0000 0.0000 0.0000 0.2500 1.0000 0.0000 0.0000 m 0.1550 1.2500 1.4662 2.7090 0.2500 0.2500 0.2500 0.2500 0.0000 0.0000 0.0000 0.0000 0.0000 
run 1.0000 8.0000 23.0000 5.0000 0.0000 5.0000 4.0000 1.0000 0.0482 0.2498 0.9992 0.0349 0.0588 m 0.2010 1.2492 1.1537 2.3914 0.3127 0.2316 0.1984 0.2565 0.0000 0.0000 0.0000 0.0000 0.0000 
run 1.0000 8.0000 13.0000 8.0000 1.0000 8.0000 7.0000 0.0000 0.0000 0.2500 1.7500 0.0000 0.0000 m 0.2140 2.0000 1.1653 3.1589 0.2500 0.2500 0.2500 0.2500 0.2500 0.2500 0.2500 0.0000 0.0000 
run 1.0000 8.0000 5.0000 5.0000 0.0000 5.0000 4.0000 1.0000 0.0383 0.2496 0.9983 0.0349 0.0588 m 0.1850 1.2483 1.1958 2.4405 0.3018 0.2395 0.2099 0.2472 0.0000 0.0000 0.0000 0.0000 0.0000 
run 1.0000 8.0000 8.0000 6.0000 0.0000 6.0000 5.0000 1.0000 0.0483 0.2493 1.2464 0.0349 0.0588 m 0.1920 1.4964 1.2333 2.7219 0.3052 0.2149 0.1894 0.2871 0.2499 0.0000 0.0000 0.0000 0.0000 
run 1.0000 8.0000 46.0000 7.0000 1.0000 7.0000 6.0000 0.0000 0.0000 0.2500 1.5000 0.0000 0.0000 m 0.1550 1.7500 1.0631 2.8087 0.2500 0.2500 0.2500 0.2500 0.2500 0.2500 0.0000 0.0000 0.0000 
run 1.0000 8.0000 32.0000 8.0000 1.0000 8.0000 7.0000 1.0000 0.0357 0.2503 1.7522 0.0349 0.0588 m 0.1740 2.0022 1.2457 3.2446 0.2018 0.2928 0.2633 0.2243 0.2938 0.2231 0.2531 0.0000 0.0000 
run 1.0000 8.0000 19.0000 4.0000 0.0000 4.0000 3.0000 0.0000 0.0000 0.2500 0.7500 0.0000 0.0000 m 0.1700 1.0000 1.2497 2.2423 0.2500 0.2500 0.2500 0.0000 0.0000 0.0000 0.0000 0.0000 0.0000 
run 1.0000 8.0000 27.0000 6.0000 0.0000 6.0000 5.0000 2.0000 0.0918 0.2492 1.2461 0.0906 0.1145 m 0.1790 1.4961 1.4220 2.9051 0.2313 0.1779 0.3637 0.3229 0.1503 0.0000 0.0000 0.0000 0.0000 
run 1.0000 8.0000 36.0000 9.0000 1.0000 9.0000 8.0000 2.0000 0.0926 0.2496 1.9966 0.0906 0.1145 m 0.2080 2.2466 1.0296 3.2722 0.2037 0.1659 0.2462 0.1840 0.3925 0.1618 0.2570 0.3855 0.0000 
run 1.0000 8.0000 41.0000 5.0000 0.0000 5.0000 4.0000 1.0000 0.0489 0.2501 1.0002 0.0349 0.0588 m 0.1570 1.2502 1.3265 2.5759 0.2270 0.2991 0.1929 0.2812 0.0000 0.0000 0.0000 0.0000 0.0000 
run 1.0000 8.0000 53.0000 9.0000 1.0000 9.0000 8.0000 1.0000 0.0498 0.2499 1.9990 0.0349 0.0588 m 0.1860 2.2490 1.1881 3.4245 0.2897 0.2608 0.2258 0.1795 0.2554 0.2038 0.3390 0.2450 0.0000 
run 1.0000 8.0000 44.0000 6.0000 0.0000 6.0000 5.0000 1.0000 0.0516 0.2494 1.2469 0.0349 0.0588 m 0.1770 1.4969 1.2468 2.7391 0.1884 0.3071 0.2740 0.2015 0.2759 0.0000 0.0000 0.0000 0.0000 
run 1.0000 8.0000 11.0000 7.0000 1.0000 7.0000 6.0000 1.0000 0.0523 0.2502 1.5010 0.0349 0.0588 m 0.1700 1.7510 1.3192 3.0599 0.2917 0.2168 0.3200 0.1826 0.2705 0.2193 0.0000 0.0000 0.0000 
run 1.0000 8.0000 9.0000 6.0000 0.0000 6.0000 5.0000 2.0000 0.0945 0.2491 1.2454 0.0906 0.1145 m 0.1830 1.4954 1.1109 2.6042 0.1698 0.3423 0.1511 0.3527 0.2296 0.0000 0.0000 0.0000 0.0000 
run 1.0000 8.0000 14.0000 8.0000 1.0000 8.0000 7.0000 1.0000 0.0500 0.2498 1.7486 0.0349 0.0588 m 0.1670 1.9986 1.1018 3.0908 0.1717 0.2313 0.2580 0.3205 0.2273 0.3031 0.2367 0.0000 0.0000 
run 1.0000 8.0000 54.0000 9.0000 1.0000 9.0000 8.0000 2.0000 0.0982 0.2504 2.0032 0.0906 0.1145 m 0.1710 2.2532 1.3413 3.5788 0.1536 0.3160 0.3724 0.1587 0.2161 0.3962 0.2268 0.1633 0.0000 
run 1.0000 8.0000 47.0000 7.0000 1.0000 7.0000 6.0000 1.0000 0.0488 0.2507 1.5040 0.0349 0.0588 m 0.1990 1.7540 1.0463 2.7963 0.2836 0.1946 0.3089 0.2582 0.1886 0.2700 0.0000 0.0000 0.0000 
run 1.0000 8.0000 51.0000 8.0000 1.0000 8.0000 7.0000 2.0000 0.0945 0.2496 1.7471 0.0906 0.1145 m 0.1830 1.9971 1.3325 3.3226 0.3967 0.1726 0.2041 0.1514 0.3269 0.1833 0.3122 0.0000 0.0000 
run 1.0000 8.0000 7.0000 6.0000 0.0000 6.0000 5.0000 0.0000 0.0000 0.2500 1.2500 0.0000 0.0000 m 0.1840 1.5000 1.1766 2.6755 0.2500 0.2500 0.2500 0.2500 0.2500 0.0000 0.0000 0.0000 0.0000 
run 1.0000 8.0000 35.0000 9.0000 1.0000 9.0000 8.0000 1.0000 0.0587 0.2503 2.0027 0.0349 0.0588 m 0.1530 2.2527 1.3972 3.6451 0.3016 0.2016 0.1717 0.2455 0.2835 0.2113 0.2368 0.3507 0.0000 
run 1.0000 8.0000 28.0000 7.0000 1.0000 7.0000 6.0000 0.0000 0.0000 0.2500 1.5000 0.0000 0.0000 m 0.1500 1.7500 1.0539 2.7923 0.2500 0.2500 0.2500 0.2500 0.2500 0.2500 0.0000 0.0000 0.0000 
run 1.0000 8.0000 16.0000 9.0000 1.0000 9.0000 8.0000 0.0000 0.0000 0.2500 2.0000 0.0000 0.0000 m 0.1580 2.2500 1.3015 3.5423 0.2500 0.2500 0.2500 0.2500 0.2500 0.2500 0.2500 0.2500 0.0000 
run 1.0000 8.0000 33.0000 8.0000 1.0000 8.0000 7.0000 2.0000 0.0911 0.2504 1.7526 0.0906 0.1145 m 0.2330 2.0026 1.2484 3.2450 0.2476 0.2161 0.3897 0.3575 0.1590 0.2261 0.1566 0.0000 0.0000 
run 1.0000 8.0000 1.0000 4.0000 0.0000 4.0000 3.0000 0.0000 0.0000 0.2500 0.7500 0.0000 0.0000 m 0.2520 1.0000 1.2103 2.2089 0.2500 0.2500 0.2500 0.0000 0.0000 0.0000 0.0000 0.0000 0.0000 
run 1.0000 8.0000 49.0000 8.0000 1.0000 8.0000 7.0000 0.0000 0.0000 0.2500 1.7500 0.0000 0.0000 m 0.1640 2.0000 1.4181 3.4090 0.2500 0.2500 0.2500 0.2500 0.2500 0.2500 0.2500 0.0000 0.0000 
run 1.0000 8.0000 18.0000 9.0000 1.0000 9.0000 8.0000 2.0000 0.0953 0.2504 2.0035 0.0906 0.1145 m 0.1900 2.2535 1.0319 3.2789 0.1716 0.3991 0.3576 0.3262 0.2166 0.1812 0.1543 0.1969 0.0000 
run 1.0000 8.0000 48.0000 7.0000 1.0000 7.0000 6.0000 2.0000 0.1094 0.2501 1.5003 0.0906 0.1145 m 0.1700 1.7503 1.2531 2.9925 0.3793 0.1740 0.2140 0.1751 0.3989 0.1590 0.0000 0.0000 0.0000 
