group subNo block index seqDur shortLong nTargets nIOI rhythmicVarTAG seqSTD seqMeanIOI seqSumIOI Lowbound Upbound pressedKey rt seqDuration startInterval trialDuration IOI1 IOI2 IOI3 IOI4 IOI5 IOI6 IOI7 IOI8 IOI9 
main 10.0000 1.0000 62.0000 10.0000 2.0000 10.0000 9.0000 1.0000 0.0574 0.2495 2.2456 0.0349 0.0588 b 0.1340 2.4956 1.2409 1.2326 0.2849 0.3418 0.2374 0.3122 0.1806 0.2250 0.2682 0.1708 0.2247 
main 10.0000 1.0000 51.0000 6.0000 0.0000 6.0000 5.0000 2.0000 0.0933 0.2496 1.2482 0.0906 0.1145 b 0.1610 1.4982 1.1816 1.1732 0.1680 0.3200 0.2382 0.1543 0.3677 0.0000 0.0000 0.0000 0.0000 
main 10.0000 1.0000 39.0000 9.0000 1.0000 9.0000 8.0000 2.0000 0.0962 0.2504 2.0032 0.0906 0.1145 b 0.1340 2.2532 1.1343 1.1260 0.3695 0.1520 0.1858 0.3944 0.2645 0.1558 0.1827 0.2984 0.0000 
main 10.0000 1.0000 58.0000 9.0000 1.0000 9.0000 8.0000 0.0000 0.0000 0.2500 2.0000 0.0000 0.0000 b 0.1460 2.2500 1.3448 1.3365 0.2500 0.2500 0.2500 0.2500 0.2500 0.2500 0.2500 0.2500 0.0000 
main 10.0000 1.0000 9.0000 6.0000 0.0000 6.0000 5.0000 2.0000 0.0962 0.2510 1.2548 0.0906 0.1145 b 0.1620 1.5048 1.2755 1.2672 0.3009 0.1530 0.2674 0.1568 0.3767 0.0000 0.0000 0.0000 0.0000 
main 10.0000 1.0000 41.0000 10.0000 2.0000 10.0000 9.0000 1.0000 0.0519 0.2501 2.2509 0.0349 0.0588 b 0.1580 2.5009 1.0817 1.0733 0.2616 0.2953 0.1754 0.2495 0.3068 0.2744 0.1560 0.2483 0.2836 
main 10.0000 1.0000 12.0000 7.0000 1.0000 7.0000 6.0000 2.0000 0.0925 0.2502 1.5015 0.0906 0.1145 b 0.1510 1.7515 1.3255 1.3171 0.3618 0.1674 0.3179 0.1835 0.3191 0.1518 0.0000 0.0000 0.0000 
main 10.0000 1.0000 46.0000 5.0000 0.0000 5.0000 4.0000 0.0000 0.0000 0.2500 1.0000 0.0000 0.0000 b 0.2450 1.2500 1.3096 1.3013 0.2500 0.2500 0.2500 0.2500 0.0000 0.0000 0.0000 0.0000 0.0000 
main 10.0000 1.0000 37.0000 9.0000 1.0000 9.0000 8.0000 0.0000 0.0000 0.2500 2.0000 0.0000 0.0000 b 0.1830 2.2500 1.1350 1.1267 0.2500 0.2500 0.2500 0.2500 0.2500 0.2500 0.2500 0.2500 0.0000 
main 10.0000 1.0000 25.0000 5.0000 0.0000 5.0000 4.0000 0.0000 0.0000 0.2500 1.0000 0.0000 0.0000 b 0.2240 1.2500 1.1559 1.1476 0.2500 0.2500 0.2500 0.2500 0.0000 0.0000 0.0000 0.0000 0.0000 
main 10.0000 1.0000 36.0000 8.0000 1.0000 8.0000 7.0000 2.0000 0.0946 0.2506 1.7540 0.0906 0.1145 b 0.1580 2.0040 1.1093 1.1010 0.3810 0.2409 0.3805 0.2365 0.1622 0.1955 0.1573 0.0000 0.0000 
main 10.0000 1.0000 49.0000 6.0000 0.0000 6.0000 5.0000 0.0000 0.0000 0.2500 1.2500 0.0000 0.0000 b 0.1750 1.5000 1.1774 1.1690 0.2500 0.2500 0.2500 0.2500 0.2500 0.0000 0.0000 0.0000 0.0000 
main 10.0000 1.0000 45.0000 4.0000 0.0000 4.0000 3.0000 2.0000 0.0916 0.2510 0.7531 0.0906 0.1145 b 0.2300 1.0031 1.4782 1.4698 0.1550 0.3374 0.2608 0.0000 0.0000 0.0000 0.0000 0.0000 0.0000 
main 10.0000 1.0000 44.0000 4.0000 0.0000 4.0000 3.0000 1.0000 0.0570 0.2491 0.7472 0.0349 0.0588 b 0.2130 0.9972 1.0776 1.0693 0.3131 0.2301 0.2040 0.0000 0.0000 0.0000 0.0000 0.0000 0.0000 
main 10.0000 1.0000 57.0000 8.0000 1.0000 8.0000 7.0000 2.0000 0.0949 0.2496 1.7474 0.0906 0.1145 b 0.2230 1.9974 1.0124 1.0041 0.3575 0.1643 0.1986 0.3775 0.1702 0.3093 0.1701 0.0000 0.0000 
main 10.0000 1.0000 11.0000 7.0000 1.0000 7.0000 6.0000 1.0000 0.0584 0.2504 1.5025 0.0349 0.0588 b 0.1590 1.7525 1.0522 1.0438 0.2972 0.2488 0.2969 0.2095 0.1553 0.2948 0.0000 0.0000 0.0000 
main 10.0000 1.0000 28.0000 6.0000 0.0000 6.0000 5.0000 0.0000 0.0000 0.2500 1.2500 0.0000 0.0000 b 0.2150 1.5000 1.0404 1.0321 0.2500 0.2500 0.2500 0.2500 0.2500 0.0000 0.0000 0.0000 0.0000 
main 10.0000 1.0000 35.0000 8.0000 1.0000 8.0000 7.0000 1.0000 0.0548 0.2501 1.7506 0.0349 0.0588 b 0.1490 2.0006 1.2532 1.2449 0.2430 0.2821 0.2496 0.1605 0.2421 0.3423 0.2310 0.0000 0.0000 
main 10.0000 1.0000 3.0000 4.0000 0.0000 4.0000 3.0000 2.0000 0.0964 0.2489 0.7467 0.0906 0.1145 b 0.2010 0.9967 1.0603 1.0520 0.1762 0.3582 0.2122 0.0000 0.0000 0.0000 0.0000 0.0000 0.0000 
main 10.0000 1.0000 5.0000 5.0000 0.0000 5.0000 4.0000 1.0000 0.0538 0.2496 0.9983 0.0349 0.0588 b 0.1740 1.2483 1.2778 1.2695 0.1831 0.2454 0.3144 0.2554 0.0000 0.0000 0.0000 0.0000 0.0000 
main 10.0000 1.0000 63.0000 10.0000 2.0000 10.0000 9.0000 2.0000 0.0921 0.2502 2.2515 0.0906 0.1145 b 0.1170 2.5015 1.4411 1.4327 0.1551 0.1860 0.3377 0.2048 0.3833 0.1981 0.3878 0.1838 0.2149 
main 10.0000 1.0000 38.0000 9.0000 1.0000 9.0000 8.0000 1.0000 0.0568 0.2498 1.9986 0.0349 0.0588 b 0.1670 2.2486 1.0175 1.0091 0.3214 0.2109 0.3254 0.2277 0.2779 0.1684 0.2034 0.2635 0.0000 
main 10.0000 1.0000 6.0000 5.0000 0.0000 5.0000 4.0000 2.0000 0.1140 0.2501 1.0006 0.0906 0.1145 b 0.1990 1.2506 1.2596 1.2513 0.1553 0.3713 0.1504 0.3236 0.0000 0.0000 0.0000 0.0000 0.0000 
main 10.0000 1.0000 47.0000 5.0000 0.0000 5.0000 4.0000 1.0000 0.0454 0.2512 1.0048 0.0349 0.0588 b 0.1810 1.2548 1.3003 1.2920 0.2486 0.1923 0.3020 0.2619 0.0000 0.0000 0.0000 0.0000 0.0000 
main 10.0000 1.0000 19.0000 10.0000 2.0000 10.0000 9.0000 0.0000 0.0000 0.2500 2.2500 0.0000 0.0000 b 0.1230 2.5000 1.4142 1.4059 0.2500 0.2500 0.2500 0.2500 0.2500 0.2500 0.2500 0.2500 0.2500 
main 10.0000 1.0000 52.0000 7.0000 1.0000 7.0000 6.0000 0.0000 0.0000 0.2500 1.5000 0.0000 0.0000 b 0.1760 1.7500 1.0239 1.0156 0.2500 0.2500 0.2500 0.2500 0.2500 0.2500 0.0000 0.0000 0.0000 
main 10.0000 1.0000 60.0000 9.0000 1.0000 9.0000 8.0000 2.0000 0.0952 0.2506 2.0044 0.0906 0.1145 b 0.1390 2.2544 1.2875 1.2791 0.3026 0.1607 0.2887 0.1565 0.3700 0.1710 0.3781 0.1767 0.0000 
main 10.0000 1.0000 34.0000 8.0000 1.0000 8.0000 7.0000 0.0000 0.0000 0.2500 1.7500 0.0000 0.0000 b 0.1890 2.0000 1.1025 1.0942 0.2500 0.2500 0.2500 0.2500 0.2500 0.2500 0.2500 0.0000 0.0000 
main 10.0000 1.0000 30.0000 6.0000 0.0000 6.0000 5.0000 2.0000 0.1040 0.2498 1.2492 0.0906 0.1145 b 0.1720 1.4992 1.3402 1.3319 0.3356 0.1507 0.3772 0.1521 0.2336 0.0000 0.0000 0.0000 0.0000 
main 10.0000 1.0000 1.0000 4.0000 0.0000 4.0000 3.0000 0.0000 0.0000 0.2500 0.7500 0.0000 0.0000 b 0.2560 1.0000 1.0104 1.0021 0.2500 0.2500 0.2500 0.0000 0.0000 0.0000 0.0000 0.0000 0.0000 
main 10.0000 1.0000 20.0000 10.0000 2.0000 10.0000 9.0000 1.0000 0.0449 0.2498 2.2484 0.0349 0.0588 b 0.1220 2.4984 1.2016 1.1933 0.2571 0.2055 0.3099 0.2270 0.2824 0.1930 0.2956 0.1981 0.2799 
main 10.0000 1.0000 32.0000 7.0000 1.0000 7.0000 6.0000 1.0000 0.0537 0.2494 1.4961 0.0349 0.0588 b 0.1840 1.7461 1.0682 1.0599 0.3077 0.2352 0.3150 0.2357 0.1722 0.2302 0.0000 0.0000 0.0000 
main 10.0000 1.0000 48.0000 5.0000 0.0000 5.0000 4.0000 2.0000 0.0927 0.2493 0.9971 0.0906 0.1145 b 0.1650 1.2471 1.0773 1.0690 0.2431 0.1554 0.2221 0.3765 0.0000 0.0000 0.0000 0.0000 0.0000 
main 10.0000 1.0000 27.0000 5.0000 0.0000 5.0000 4.0000 2.0000 0.0932 0.2493 0.9974 0.0906 0.1145 b 0.2980 1.2474 1.1534 1.1450 0.1642 0.3804 0.2434 0.2093 0.0000 0.0000 0.0000 0.0000 0.0000 
main 10.0000 1.0000 42.0000 10.0000 2.0000 10.0000 9.0000 2.0000 0.0973 0.2505 2.2545 0.0906 0.1145 b 0.1330 2.5045 1.4737 1.4654 0.3660 0.2132 0.1553 0.3965 0.2215 0.1535 0.3642 0.2092 0.1750 
main 10.0000 1.0000 43.0000 4.0000 0.0000 4.0000 3.0000 0.0000 0.0000 0.2500 0.7500 0.0000 0.0000 b 0.2980 1.0000 1.0726 1.0643 0.2500 0.2500 0.2500 0.0000 0.0000 0.0000 0.0000 0.0000 0.0000 
main 10.0000 1.0000 56.0000 8.0000 1.0000 8.0000 7.0000 1.0000 0.0520 0.2496 1.7474 0.0349 0.0588 b 0.1320 1.9974 1.0811 1.0727 0.2180 0.2476 0.3467 0.2700 0.2272 0.1802 0.2577 0.0000 0.0000 
main 10.0000 1.0000 29.0000 6.0000 0.0000 6.0000 5.0000 1.0000 0.0488 0.2496 1.2478 0.0349 0.0588 b 0.2460 1.4978 1.0392 1.0309 0.2861 0.2552 0.2964 0.1733 0.2367 0.0000 0.0000 0.0000 0.0000 
main 10.0000 1.0000 61.0000 10.0000 2.0000 10.0000 9.0000 0.0000 0.0000 0.2500 2.2500 0.0000 0.0000 b 0.1130 2.5000 1.2353 1.2269 0.2500 0.2500 0.2500 0.2500 0.2500 0.2500 0.2500 0.2500 0.2500 
main 10.0000 1.0000 16.0000 9.0000 1.0000 9.0000 8.0000 0.0000 0.0000 0.2500 2.0000 0.0000 0.0000 b 0.1890 2.2500 1.3612 1.3529 0.2500 0.2500 0.2500 0.2500 0.2500 0.2500 0.2500 0.2500 0.0000 
main 10.0000 1.0000 15.0000 8.0000 1.0000 8.0000 7.0000 2.0000 0.1020 0.2500 1.7501 0.0906 0.1145 b 0.1920 2.0001 1.3677 1.3593 0.1603 0.3814 0.1548 0.3474 0.1949 0.3436 0.1677 0.0000 0.0000 
main 10.0000 1.0000 14.0000 8.0000 1.0000 8.0000 7.0000 1.0000 0.0503 0.2507 1.7550 0.0349 0.0588 b 0.1460 2.0050 1.3464 1.3381 0.2144 0.2959 0.2056 0.2808 0.1929 0.3246 0.2408 0.0000 0.0000 
main 10.0000 1.0000 53.0000 7.0000 1.0000 7.0000 6.0000 1.0000 0.0586 0.2504 1.5025 0.0349 0.0588 b 0.1760 1.7525 1.2027 1.1944 0.2759 0.2390 0.1650 0.2091 0.3297 0.2839 0.0000 0.0000 0.0000 
main 10.0000 1.0000 18.0000 9.0000 1.0000 9.0000 8.0000 2.0000 0.1019 0.2497 1.9976 0.0906 0.1145 b 0.1750 2.2476 1.4095 1.4012 0.1667 0.3988 0.1660 0.2417 0.3227 0.1649 0.3764 0.1603 0.0000 
main 10.0000 1.0000 13.0000 8.0000 1.0000 8.0000 7.0000 0.0000 0.0000 0.2500 1.7500 0.0000 0.0000 b 0.2100 2.0000 1.4359 1.4275 0.2500 0.2500 0.2500 0.2500 0.2500 0.2500 0.2500 0.0000 0.0000 
main 10.0000 1.0000 59.0000 9.0000 1.0000 9.0000 8.0000 1.0000 0.0568 0.2494 1.9954 0.0349 0.0588 b 0.2540 2.2454 1.2151 1.2068 0.2042 0.2528 0.3557 0.2236 0.1759 0.2228 0.2971 0.2633 0.0000 
main 10.0000 1.0000 26.0000 5.0000 0.0000 5.0000 4.0000 1.0000 0.0519 0.2501 1.0002 0.0349 0.0588 b 0.2930 1.2502 1.4007 1.3924 0.1923 0.2322 0.2598 0.3159 0.0000 0.0000 0.0000 0.0000 0.0000 
main 10.0000 1.0000 2.0000 4.0000 0.0000 4.0000 3.0000 1.0000 0.0466 0.2490 0.7469 0.0349 0.0588 b 0.3340 0.9969 1.3301 1.3218 0.2966 0.2034 0.2469 0.0000 0.0000 0.0000 0.0000 0.0000 0.0000 
main 10.0000 1.0000 17.0000 9.0000 1.0000 9.0000 8.0000 1.0000 0.0588 0.2495 1.9957 0.0349 0.0588 b 0.1930 2.2457 1.1875 1.1792 0.3296 0.2423 0.1524 0.2255 0.2545 0.1974 0.3122 0.2818 0.0000 
main 10.0000 1.0000 54.0000 7.0000 1.0000 7.0000 6.0000 2.0000 0.0962 0.2492 1.4955 0.0906 0.1145 b 0.1640 1.7455 1.4675 1.4591 0.3239 0.1546 0.3970 0.1561 0.2144 0.2496 0.0000 0.0000 0.0000 
main 10.0000 1.0000 22.0000 4.0000 0.0000 4.0000 3.0000 0.0000 0.0000 0.2500 0.7500 0.0000 0.0000 b 0.2520 1.0000 1.3053 1.2970 0.2500 0.2500 0.2500 0.0000 0.0000 0.0000 0.0000 0.0000 0.0000 
main 10.0000 1.0000 33.0000 7.0000 1.0000 7.0000 6.0000 2.0000 0.0959 0.2495 1.4971 0.0906 0.1145 b 0.1860 1.7471 1.3842 1.3758 0.1872 0.1576 0.3849 0.2319 0.1831 0.3524 0.0000 0.0000 0.0000 
main 10.0000 1.0000 7.0000 6.0000 0.0000 6.0000 5.0000 0.0000 0.0000 0.2500 1.2500 0.0000 0.0000 b 0.1560 1.5000 1.1307 1.1224 0.2500 0.2500 0.2500 0.2500 0.2500 0.0000 0.0000 0.0000 0.0000 
main 10.0000 1.0000 24.0000 4.0000 0.0000 4.0000 3.0000 2.0000 0.1013 0.2496 0.7489 0.0906 0.1145 b 0.2340 0.9989 1.3889 1.3806 0.3538 0.2437 0.1514 0.0000 0.0000 0.0000 0.0000 0.0000 0.0000 
main 10.0000 1.0000 10.0000 7.0000 1.0000 7.0000 6.0000 0.0000 0.0000 0.2500 1.5000 0.0000 0.0000 b 0.1920 1.7500 1.3926 1.3843 0.2500 0.2500 0.2500 0.2500 0.2500 0.2500 0.0000 0.0000 0.0000 
main 10.0000 1.0000 23.0000 4.0000 0.0000 4.0000 3.0000 1.0000 0.0520 0.2503 0.7510 0.0349 0.0588 b 0.2200 1.0010 1.3675 1.3592 0.2502 0.1985 0.3024 0.0000 0.0000 0.0000 0.0000 0.0000 0.0000 
main 10.0000 1.0000 21.0000 10.0000 2.0000 10.0000 9.0000 2.0000 0.0945 0.2498 2.2483 0.0906 0.1145 b 0.1800 2.4983 1.3190 1.3106 0.1503 0.3286 0.1595 0.1850 0.3670 0.2229 0.2775 0.3928 0.1647 
main 10.0000 1.0000 8.0000 6.0000 0.0000 6.0000 5.0000 1.0000 0.0365 0.2509 1.2546 0.0349 0.0588 b 0.2830 1.5046 1.2325 1.2242 0.2436 0.2836 0.2049 0.2306 0.2920 0.0000 0.0000 0.0000 0.0000 
main 10.0000 1.0000 40.0000 10.0000 2.0000 10.0000 9.0000 0.0000 0.0000 0.2500 2.2500 0.0000 0.0000 b 0.1350 2.5000 1.3105 1.3022 0.2500 0.2500 0.2500 0.2500 0.2500 0.2500 0.2500 0.2500 0.2500 
main 10.0000 1.0000 31.0000 7.0000 1.0000 7.0000 6.0000 0.0000 0.0000 0.2500 1.5000 0.0000 0.0000 b 0.2710 1.7500 1.3774 1.3690 0.2500 0.2500 0.2500 0.2500 0.2500 0.2500 0.0000 0.0000 0.0000 
main 10.0000 1.0000 55.0000 8.0000 1.0000 8.0000 7.0000 0.0000 0.0000 0.2500 1.7500 0.0000 0.0000 b 0.1650 2.0000 1.0152 1.0068 0.2500 0.2500 0.2500 0.2500 0.2500 0.2500 0.2500 0.0000 0.0000 
main 10.0000 1.0000 4.0000 5.0000 0.0000 5.0000 4.0000 0.0000 0.0000 0.2500 1.0000 0.0000 0.0000 b 0.2430 1.2500 1.1292 1.1208 0.2500 0.2500 0.2500 0.2500 0.0000 0.0000 0.0000 0.0000 0.0000 
main 10.0000 1.0000 50.0000 6.0000 0.0000 6.0000 5.0000 1.0000 0.0520 0.2490 1.2452 0.0349 0.0588 b 0.1280 1.4952 1.1855 1.1771 0.1888 0.3122 0.2401 0.2127 0.2914 0.0000 0.0000 0.0000 0.0000 
main 10.0000 2.0000 3.0000 4.0000 0.0000 4.0000 3.0000 2.0000 0.1123 0.2513 0.7539 0.0906 0.1145 b 0.2320 1.0039 1.3786 1.3702 0.2139 0.1625 0.3775 0.0000 0.0000 0.0000 0.0000 0.0000 0.0000 
main 10.0000 2.0000 6.0000 5.0000 0.0000 5.0000 4.0000 2.0000 0.1073 0.2493 0.9970 0.0906 0.1145 b 0.1440 1.2470 1.1547 1.1464 0.2528 0.1697 0.3998 0.1748 0.0000 0.0000 0.0000 0.0000 0.0000 
main 10.0000 2.0000 45.0000 4.0000 0.0000 4.0000 3.0000 2.0000 0.1123 0.2487 0.7461 0.0906 0.1145 b 0.2150 0.9961 1.4144 1.4061 0.1973 0.1712 0.3775 0.0000 0.0000 0.0000 0.0000 0.0000 0.0000 
main 10.0000 2.0000 54.0000 7.0000 1.0000 7.0000 6.0000 2.0000 0.0929 0.2501 1.5007 0.0906 0.1145 b 0.1440 1.7507 1.4655 1.4572 0.1628 0.3932 0.1733 0.3018 0.1799 0.2897 0.0000 0.0000 0.0000 
main 10.0000 2.0000 17.0000 9.0000 1.0000 9.0000 8.0000 1.0000 0.0563 0.2505 2.0043 0.0349 0.0588 b 0.1390 2.2543 1.2512 1.2429 0.3145 0.2226 0.1547 0.2048 0.2952 0.2391 0.3122 0.2612 0.0000 
main 10.0000 2.0000 39.0000 9.0000 1.0000 9.0000 8.0000 2.0000 0.0993 0.2504 2.0034 0.0906 0.1145 b 0.1300 2.2534 1.2838 1.2754 0.2638 0.1510 0.3668 0.1569 0.3862 0.1861 0.3302 0.1624 0.0000 
main 10.0000 2.0000 41.0000 10.0000 2.0000 10.0000 9.0000 1.0000 0.0581 0.2499 2.2495 0.0349 0.0588 b 0.1040 2.4995 1.1995 1.1912 0.1624 0.2270 0.3109 0.2548 0.3524 0.1999 0.2810 0.2448 0.2163 
main 10.0000 2.0000 14.0000 8.0000 1.0000 8.0000 7.0000 1.0000 0.0478 0.2505 1.7537 0.0349 0.0588 b 0.1380 2.0037 1.0860 1.0777 0.3047 0.2044 0.2427 0.3019 0.2673 0.1757 0.2570 0.0000 0.0000 
main 10.0000 2.0000 18.0000 9.0000 1.0000 9.0000 8.0000 2.0000 0.0909 0.2497 1.9976 0.0906 0.1145 b 0.1450 2.2476 1.0597 1.0514 0.1809 0.2898 0.2161 0.1673 0.3963 0.3610 0.2339 0.1522 0.0000 
main 10.0000 2.0000 11.0000 7.0000 1.0000 7.0000 6.0000 1.0000 0.0491 0.2504 1.5025 0.0349 0.0588 b 0.2180 1.7525 1.1160 1.1077 0.1775 0.2523 0.3268 0.2552 0.2253 0.2654 0.0000 0.0000 0.0000 
main 10.0000 2.0000 52.0000 7.0000 1.0000 7.0000 6.0000 0.0000 0.0000 0.2500 1.5000 0.0000 0.0000 b 0.1160 1.7500 1.2150 1.2067 0.2500 0.2500 0.2500 0.2500 0.2500 0.2500 0.0000 0.0000 0.0000 
main 10.0000 2.0000 26.0000 5.0000 0.0000 5.0000 4.0000 1.0000 0.0552 0.2503 1.0014 0.0349 0.0588 b 0.2700 1.2514 1.4820 1.4737 0.2469 0.3261 0.2340 0.1944 0.0000 0.0000 0.0000 0.0000 0.0000 
main 10.0000 2.0000 23.0000 4.0000 0.0000 4.0000 3.0000 1.0000 0.0477 0.2508 0.7524 0.0349 0.0588 b 0.2710 1.0024 1.0120 1.0037 0.2420 0.3023 0.2081 0.0000 0.0000 0.0000 0.0000 0.0000 0.0000 
main 10.0000 2.0000 19.0000 10.0000 2.0000 10.0000 9.0000 0.0000 0.0000 0.2500 2.2500 0.0000 0.0000 b 0.0610 2.5000 1.1280 1.1196 0.2500 0.2500 0.2500 0.2500 0.2500 0.2500 0.2500 0.2500 0.2500 
main 10.0000 2.0000 22.0000 4.0000 0.0000 4.0000 3.0000 0.0000 0.0000 0.2500 0.7500 0.0000 0.0000 b 0.2120 1.0000 1.2540 1.2456 0.2500 0.2500 0.2500 0.0000 0.0000 0.0000 0.0000 0.0000 0.0000 
main 10.0000 2.0000 48.0000 5.0000 0.0000 5.0000 4.0000 2.0000 0.1021 0.2511 1.0044 0.0906 0.1145 b 0.1680 1.2544 1.3478 1.3395 0.1633 0.2560 0.3927 0.1923 0.0000 0.0000 0.0000 0.0000 0.0000 
main 10.0000 2.0000 7.0000 6.0000 0.0000 6.0000 5.0000 0.0000 0.0000 0.2500 1.2500 0.0000 0.0000 b 0.1660 1.5000 1.2243 1.2159 0.2500 0.2500 0.2500 0.2500 0.2500 0.0000 0.0000 0.0000 0.0000 
main 10.0000 2.0000 38.0000 9.0000 1.0000 9.0000 8.0000 1.0000 0.0555 0.2504 2.0029 0.0349 0.0588 b 0.1380 2.2529 1.1700 1.1617 0.2773 0.2108 0.2405 0.1946 0.3276 0.2637 0.3144 0.1740 0.0000 
main 10.0000 2.0000 46.0000 5.0000 0.0000 5.0000 4.0000 0.0000 0.0000 0.2500 1.0000 0.0000 0.0000 b 0.2490 1.2500 1.3221 1.3137 0.2500 0.2500 0.2500 0.2500 0.0000 0.0000 0.0000 0.0000 0.0000 
main 10.0000 2.0000 28.0000 6.0000 0.0000 6.0000 5.0000 0.0000 0.0000 0.2500 1.2500 0.0000 0.0000 b 0.1180 1.5000 1.4552 1.4469 0.2500 0.2500 0.2500 0.2500 0.2500 0.0000 0.0000 0.0000 0.0000 
main 10.0000 2.0000 27.0000 5.0000 0.0000 5.0000 4.0000 2.0000 0.0931 0.2494 0.9977 0.0906 0.1145 b 0.2060 1.2477 1.0910 1.0827 0.2159 0.1708 0.2267 0.3843 0.0000 0.0000 0.0000 0.0000 0.0000 
main 10.0000 2.0000 61.0000 10.0000 2.0000 10.0000 9.0000 0.0000 0.0000 0.2500 2.2500 0.0000 0.0000 b 0.1890 2.5000 1.4014 1.3930 0.2500 0.2500 0.2500 0.2500 0.2500 0.2500 0.2500 0.2500 0.2500 
main 10.0000 2.0000 63.0000 10.0000 2.0000 10.0000 9.0000 2.0000 0.0931 0.2501 2.2508 0.0906 0.1145 b 0.1750 2.5008 1.4335 1.4252 0.3759 0.1665 0.2744 0.1677 0.3421 0.1749 0.3713 0.2271 0.1510 
main 10.0000 2.0000 12.0000 7.0000 1.0000 7.0000 6.0000 2.0000 0.1074 0.2502 1.5014 0.0906 0.1145 b 0.1880 1.7514 1.3533 1.3449 0.1744 0.2384 0.3791 0.1517 0.3880 0.1698 0.0000 0.0000 0.0000 
main 10.0000 2.0000 16.0000 9.0000 1.0000 9.0000 8.0000 0.0000 0.0000 0.2500 2.0000 0.0000 0.0000 b 0.1390 2.2500 1.0463 1.0380 0.2500 0.2500 0.2500 0.2500 0.2500 0.2500 0.2500 0.2500 0.0000 
main 10.0000 2.0000 47.0000 5.0000 0.0000 5.0000 4.0000 1.0000 0.0559 0.2491 0.9963 0.0349 0.0588 b 0.3180 1.2463 1.0439 1.0356 0.3072 0.2324 0.1790 0.2777 0.0000 0.0000 0.0000 0.0000 0.0000 
main 10.0000 2.0000 30.0000 6.0000 0.0000 6.0000 5.0000 2.0000 0.0991 0.2492 1.2458 0.0906 0.1145 b 0.1770 1.4958 1.3493 1.3410 0.2041 0.1690 0.3165 0.3891 0.1671 0.0000 0.0000 0.0000 0.0000 
main 10.0000 2.0000 40.0000 10.0000 2.0000 10.0000 9.0000 0.0000 0.0000 0.2500 2.2500 0.0000 0.0000 b 0.1720 2.5000 1.0925 1.0841 0.2500 0.2500 0.2500 0.2500 0.2500 0.2500 0.2500 0.2500 0.2500 
main 10.0000 2.0000 35.0000 8.0000 1.0000 8.0000 7.0000 1.0000 0.0553 0.2500 1.7499 0.0349 0.0588 b 0.2100 1.9999 1.4800 1.4716 0.1981 0.2246 0.3333 0.2594 0.1773 0.3020 0.2552 0.0000 0.0000 
main 10.0000 2.0000 42.0000 10.0000 2.0000 10.0000 9.0000 2.0000 0.0932 0.2500 2.2503 0.0906 0.1145 b 0.1670 2.5003 1.1136 1.1052 0.1675 0.1931 0.1610 0.2245 0.3869 0.3122 0.1731 0.2333 0.3987 
main 10.0000 2.0000 37.0000 9.0000 1.0000 9.0000 8.0000 0.0000 0.0000 0.2500 2.0000 0.0000 0.0000 b 0.1200 2.2500 1.2759 1.2676 0.2500 0.2500 0.2500 0.2500 0.2500 0.2500 0.2500 0.2500 0.0000 
main 10.0000 2.0000 10.0000 7.0000 1.0000 7.0000 6.0000 0.0000 0.0000 0.2500 1.5000 0.0000 0.0000 b 0.1880 1.7500 1.2861 1.2777 0.2500 0.2500 0.2500 0.2500 0.2500 0.2500 0.0000 0.0000 0.0000 
main 10.0000 2.0000 9.0000 6.0000 0.0000 6.0000 5.0000 2.0000 0.0927 0.2497 1.2486 0.0906 0.1145 b 0.2060 1.4986 1.1505 1.1422 0.2072 0.1658 0.3910 0.1900 0.2946 0.0000 0.0000 0.0000 0.0000 
main 10.0000 2.0000 53.0000 7.0000 1.0000 7.0000 6.0000 1.0000 0.0527 0.2494 1.4962 0.0349 0.0588 b 0.1820 1.7462 1.3405 1.3321 0.1902 0.2416 0.2675 0.3270 0.2771 0.1929 0.0000 0.0000 0.0000 
main 10.0000 2.0000 25.0000 5.0000 0.0000 5.0000 4.0000 0.0000 0.0000 0.2500 1.0000 0.0000 0.0000 b 0.3100 1.2500 1.4261 1.4178 0.2500 0.2500 0.2500 0.2500 0.0000 0.0000 0.0000 0.0000 0.0000 
main 10.0000 2.0000 50.0000 6.0000 0.0000 6.0000 5.0000 1.0000 0.0582 0.2503 1.2513 0.0349 0.0588 b 0.1880 1.5013 1.1421 1.1337 0.2541 0.3329 0.1784 0.2697 0.2162 0.0000 0.0000 0.0000 0.0000 
main 10.0000 2.0000 2.0000 4.0000 0.0000 4.0000 3.0000 1.0000 0.0578 0.2491 0.7472 0.0349 0.0588 b 0.2330 0.9972 1.3779 1.3695 0.3001 0.2608 0.1863 0.0000 0.0000 0.0000 0.0000 0.0000 0.0000 
main 10.0000 2.0000 15.0000 8.0000 1.0000 8.0000 7.0000 2.0000 0.0951 0.2495 1.7468 0.0906 0.1145 b 0.1310 1.9968 1.1395 1.1311 0.1605 0.3791 0.1725 0.2223 0.2958 0.1569 0.3597 0.0000 0.0000 
main 10.0000 2.0000 51.0000 6.0000 0.0000 6.0000 5.0000 2.0000 0.1107 0.2501 1.2506 0.0906 0.1145 b 0.1710 1.5006 1.2185 1.2101 0.1889 0.3736 0.1611 0.3677 0.1594 0.0000 0.0000 0.0000 0.0000 
main 10.0000 2.0000 34.0000 8.0000 1.0000 8.0000 7.0000 0.0000 0.0000 0.2500 1.7500 0.0000 0.0000 b 0.1260 2.0000 1.4134 1.4051 0.2500 0.2500 0.2500 0.2500 0.2500 0.2500 0.2500 0.0000 0.0000 
main 10.0000 2.0000 5.0000 5.0000 0.0000 5.0000 4.0000 1.0000 0.0458 0.2503 1.0012 0.0349 0.0588 b 0.1550 1.2512 1.3326 1.3243 0.2416 0.2979 0.1908 0.2710 0.0000 0.0000 0.0000 0.0000 0.0000 
main 10.0000 2.0000 8.0000 6.0000 0.0000 6.0000 5.0000 1.0000 0.0472 0.2497 1.2485 0.0349 0.0588 b 0.1370 1.4985 1.0400 1.0317 0.2448 0.2144 0.3205 0.2671 0.2016 0.0000 0.0000 0.0000 0.0000 
main 10.0000 2.0000 56.0000 8.0000 1.0000 8.0000 7.0000 1.0000 0.0533 0.2493 1.7450 0.0349 0.0588 b 0.3470 1.9950 1.2791 1.2708 0.2844 0.1515 0.2505 0.2776 0.2232 0.3175 0.2404 0.0000 0.0000 
main 10.0000 2.0000 13.0000 8.0000 1.0000 8.0000 7.0000 0.0000 0.0000 0.2500 1.7500 0.0000 0.0000 b 0.1660 2.0000 1.0350 1.0266 0.2500 0.2500 0.2500 0.2500 0.2500 0.2500 0.2500 0.0000 0.0000 
main 10.0000 2.0000 31.0000 7.0000 1.0000 7.0000 6.0000 0.0000 0.0000 0.2500 1.5000 0.0000 0.0000 b 0.1850 1.7500 1.2799 1.2716 0.2500 0.2500 0.2500 0.2500 0.2500 0.2500 0.0000 0.0000 0.0000 
main 10.0000 2.0000 49.0000 6.0000 0.0000 6.0000 5.0000 0.0000 0.0000 0.2500 1.2500 0.0000 0.0000 b 0.1580 1.5000 1.0741 1.0658 0.2500 0.2500 0.2500 0.2500 0.2500 0.0000 0.0000 0.0000 0.0000 
main 10.0000 2.0000 32.0000 7.0000 1.0000 7.0000 6.0000 1.0000 0.0539 0.2507 1.5040 0.0349 0.0588 b 0.1860 1.7540 1.2909 1.2826 0.2715 0.3334 0.1898 0.2769 0.2012 0.2311 0.0000 0.0000 0.0000 
main 10.0000 2.0000 44.0000 4.0000 0.0000 4.0000 3.0000 1.0000 0.0540 0.2491 0.7472 0.0349 0.0588 b 0.1820 0.9972 1.1430 1.1346 0.2261 0.3108 0.2102 0.0000 0.0000 0.0000 0.0000 0.0000 0.0000 
main 10.0000 2.0000 24.0000 4.0000 0.0000 4.0000 3.0000 2.0000 0.1056 0.2500 0.7499 0.0906 0.1145 b 0.2180 0.9999 1.4406 1.4322 0.2276 0.1574 0.3650 0.0000 0.0000 0.0000 0.0000 0.0000 0.0000 
main 10.0000 2.0000 55.0000 8.0000 1.0000 8.0000 7.0000 0.0000 0.0000 0.2500 1.7500 0.0000 0.0000 b 0.1050 2.0000 1.0869 1.0786 0.2500 0.2500 0.2500 0.2500 0.2500 0.2500 0.2500 0.0000 0.0000 
main 10.0000 2.0000 59.0000 9.0000 1.0000 9.0000 8.0000 1.0000 0.0512 0.2497 1.9976 0.0349 0.0588 NA E 2.2476 1.0299 1.0216 0.1699 0.1954 0.2769 0.3172 0.2195 0.2561 0.3009 0.2616 0.0000 
main 10.0000 2.0000 57.0000 8.0000 1.0000 8.0000 7.0000 2.0000 0.0970 0.2501 1.7506 0.0906 0.1145 b 0.2020 2.0006 1.4880 1.4797 0.2205 0.1583 0.3812 0.2466 0.1713 0.3889 0.1837 0.0000 0.0000 
main 10.0000 2.0000 29.0000 6.0000 0.0000 6.0000 5.0000 1.0000 0.0576 0.2499 1.2495 0.0349 0.0588 b 0.1970 1.4995 1.2422 1.2338 0.1954 0.2788 0.3340 0.2025 0.2388 0.0000 0.0000 0.0000 0.0000 
main 10.0000 2.0000 1.0000 4.0000 0.0000 4.0000 3.0000 0.0000 0.0000 0.2500 0.7500 0.0000 0.0000 b 0.2410 1.0000 1.1306 1.1223 0.2500 0.2500 0.2500 0.0000 0.0000 0.0000 0.0000 0.0000 0.0000 
main 10.0000 2.0000 43.0000 4.0000 0.0000 4.0000 3.0000 0.0000 0.0000 0.2500 0.7500 0.0000 0.0000 b 0.1650 1.0000 1.3357 1.3274 0.2500 0.2500 0.2500 0.0000 0.0000 0.0000 0.0000 0.0000 0.0000 
main 10.0000 2.0000 33.0000 7.0000 1.0000 7.0000 6.0000 2.0000 0.1040 0.2503 1.5016 0.0906 0.1145 b 0.1470 1.7516 1.0130 1.0047 0.1550 0.3958 0.3322 0.1601 0.2928 0.1656 0.0000 0.0000 0.0000 
main 10.0000 2.0000 36.0000 8.0000 1.0000 8.0000 7.0000 2.0000 0.0922 0.2496 1.7474 0.0906 0.1145 b 0.1640 1.9974 1.2809 1.2726 0.3890 0.2636 0.1754 0.2008 0.3626 0.1932 0.1628 0.0000 0.0000 
main 10.0000 2.0000 20.0000 10.0000 2.0000 10.0000 9.0000 1.0000 0.0510 0.2498 2.2481 0.0349 0.0588 b 0.1930 2.4981 1.4585 1.4501 0.2210 0.1710 0.2024 0.3257 0.2354 0.2877 0.2410 0.3134 0.2504 
main 10.0000 2.0000 58.0000 9.0000 1.0000 9.0000 8.0000 0.0000 0.0000 0.2500 2.0000 0.0000 0.0000 b 0.1600 2.2500 1.1674 1.1590 0.2500 0.2500 0.2500 0.2500 0.2500 0.2500 0.2500 0.2500 0.0000 
main 10.0000 2.0000 60.0000 9.0000 1.0000 9.0000 8.0000 2.0000 0.0913 0.2496 1.9971 0.0906 0.1145 b 0.2140 2.2471 1.1001 1.0917 0.1681 0.3394 0.1633 0.2731 0.3945 0.2004 0.1538 0.3046 0.0000 
main 10.0000 2.0000 4.0000 5.0000 0.0000 5.0000 4.0000 0.0000 0.0000 0.2500 1.0000 0.0000 0.0000 b 0.3440 1.2500 1.1707 1.1624 0.2500 0.2500 0.2500 0.2500 0.0000 0.0000 0.0000 0.0000 0.0000 
main 10.0000 2.0000 21.0000 10.0000 2.0000 10.0000 9.0000 2.0000 0.0927 0.2502 2.2515 0.0906 0.1145 b 0.1350 2.5015 1.3631 1.3548 0.1591 0.2806 0.2318 0.3924 0.2674 0.3922 0.1546 0.2131 0.1604 
main 10.0000 2.0000 62.0000 10.0000 2.0000 10.0000 9.0000 1.0000 0.0587 0.2497 2.2475 0.0349 0.0588 b 0.1650 2.4975 1.4106 1.4022 0.2171 0.3315 0.2369 0.2054 0.1670 0.1999 0.2780 0.3308 0.2810 
main 10.0000 3.0000 9.0000 6.0000 0.0000 6.0000 5.0000 2.0000 0.0923 0.2507 1.2536 0.0906 0.1145 b 0.1690 1.5036 1.3111 1.3028 0.2746 0.1538 0.3931 0.2433 0.1889 0.0000 0.0000 0.0000 0.0000 
main 10.0000 3.0000 27.0000 5.0000 0.0000 5.0000 4.0000 2.0000 0.1050 0.2501 1.0003 0.0906 0.1145 b 0.2570 1.2503 1.4177 1.4093 0.2695 0.3900 0.1858 0.1551 0.0000 0.0000 0.0000 0.0000 0.0000 
main 10.0000 3.0000 43.0000 4.0000 0.0000 4.0000 3.0000 0.0000 0.0000 0.2500 0.7500 0.0000 0.0000 b 0.2160 1.0000 1.3995 1.3912 0.2500 0.2500 0.2500 0.0000 0.0000 0.0000 0.0000 0.0000 0.0000 
main 10.0000 3.0000 17.0000 9.0000 1.0000 9.0000 8.0000 1.0000 0.0581 0.2497 1.9973 0.0349 0.0588 b 0.1410 2.2473 1.1609 1.1526 0.2795 0.2366 0.2807 0.3505 0.1553 0.2595 0.2037 0.2315 0.0000 
main 10.0000 3.0000 63.0000 10.0000 2.0000 10.0000 9.0000 2.0000 0.0971 0.2498 2.2486 0.0906 0.1145 b 0.1210 2.4986 1.2811 1.2728 0.3762 0.1633 0.3292 0.1582 0.1996 0.1521 0.3973 0.1974 0.2753 
main 10.0000 3.0000 61.0000 10.0000 2.0000 10.0000 9.0000 0.0000 0.0000 0.2500 2.2500 0.0000 0.0000 b 0.1470 2.5000 1.3742 1.3659 0.2500 0.2500 0.2500 0.2500 0.2500 0.2500 0.2500 0.2500 0.2500 
main 10.0000 3.0000 41.0000 10.0000 2.0000 10.0000 9.0000 1.0000 0.0581 0.2500 2.2501 0.0349 0.0588 b 0.1390 2.5001 1.1628 1.1545 0.2714 0.1621 0.2275 0.3340 0.2817 0.1980 0.3169 0.2624 0.1959 
main 10.0000 3.0000 36.0000 8.0000 1.0000 8.0000 7.0000 2.0000 0.0914 0.2497 1.7476 0.0906 0.1145 b 0.1800 1.9976 1.0986 1.0902 0.3169 0.1510 0.2370 0.1852 0.3135 0.1570 0.3871 0.0000 0.0000 
main 10.0000 3.0000 52.0000 7.0000 1.0000 7.0000 6.0000 0.0000 0.0000 0.2500 1.5000 0.0000 0.0000 b 0.2700 1.7500 1.2838 1.2755 0.2500 0.2500 0.2500 0.2500 0.2500 0.2500 0.0000 0.0000 0.0000 
main 10.0000 3.0000 45.0000 4.0000 0.0000 4.0000 3.0000 2.0000 0.1101 0.2513 0.7540 0.0906 0.1145 b 0.3000 1.0040 1.0910 1.0827 0.1661 0.2123 0.3757 0.0000 0.0000 0.0000 0.0000 0.0000 0.0000 
main 10.0000 3.0000 55.0000 8.0000 1.0000 8.0000 7.0000 0.0000 0.0000 0.2500 1.7500 0.0000 0.0000 b 0.1170 2.0000 1.1170 1.1087 0.2500 0.2500 0.2500 0.2500 0.2500 0.2500 0.2500 0.0000 0.0000 
main 10.0000 3.0000 23.0000 4.0000 0.0000 4.0000 3.0000 1.0000 0.0376 0.2486 0.7458 0.0349 0.0588 b 0.2840 0.9958 1.1882 1.1798 0.2813 0.2075 0.2570 0.0000 0.0000 0.0000 0.0000 0.0000 0.0000 
main 10.0000 3.0000 1.0000 4.0000 0.0000 4.0000 3.0000 0.0000 0.0000 0.2500 0.7500 0.0000 0.0000 b 0.1770 1.0000 1.1072 1.0988 0.2500 0.2500 0.2500 0.0000 0.0000 0.0000 0.0000 0.0000 0.0000 
main 10.0000 3.0000 12.0000 7.0000 1.0000 7.0000 6.0000 2.0000 0.0952 0.2498 1.4987 0.0906 0.1145 b 0.1740 1.7487 1.2152 1.2069 0.2120 0.1792 0.3555 0.2037 0.3847 0.1637 0.0000 0.0000 0.0000 
main 10.0000 3.0000 60.0000 9.0000 1.0000 9.0000 8.0000 2.0000 0.0948 0.2504 2.0029 0.0906 0.1145 b 0.1360 2.2529 1.4787 1.4703 0.3930 0.1514 0.3319 0.1625 0.3300 0.1527 0.2063 0.2752 0.0000 
main 10.0000 3.0000 51.0000 6.0000 0.0000 6.0000 5.0000 2.0000 0.0908 0.2492 1.2461 0.0906 0.1145 b 0.1760 1.4961 1.4767 1.4684 0.2993 0.1825 0.2267 0.1576 0.3800 0.0000 0.0000 0.0000 0.0000 
main 10.0000 3.0000 24.0000 4.0000 0.0000 4.0000 3.0000 2.0000 0.1061 0.2493 0.7478 0.0906 0.1145 b 0.2130 0.9978 1.2365 1.2281 0.2152 0.3682 0.1643 0.0000 0.0000 0.0000 0.0000 0.0000 0.0000 
main 10.0000 3.0000 15.0000 8.0000 1.0000 8.0000 7.0000 2.0000 0.0984 0.2496 1.7472 0.0906 0.1145 b 0.1910 1.9972 1.4164 1.4081 0.2399 0.1682 0.3969 0.2230 0.1738 0.3778 0.1676 0.0000 0.0000 
main 10.0000 3.0000 34.0000 8.0000 1.0000 8.0000 7.0000 0.0000 0.0000 0.2500 1.7500 0.0000 0.0000 b 0.1750 2.0000 1.0476 1.0393 0.2500 0.2500 0.2500 0.2500 0.2500 0.2500 0.2500 0.0000 0.0000 
main 10.0000 3.0000 59.0000 9.0000 1.0000 9.0000 8.0000 1.0000 0.0534 0.2502 2.0017 0.0349 0.0588 b 0.1600 2.2517 1.2306 1.2223 0.1729 0.2288 0.2564 0.3351 0.2565 0.3013 0.1908 0.2598 0.0000 
main 10.0000 3.0000 56.0000 8.0000 1.0000 8.0000 7.0000 1.0000 0.0588 0.2507 1.7546 0.0349 0.0588 b 0.1340 2.0046 1.2661 1.2578 0.2841 0.2385 0.3186 0.2236 0.3204 0.1682 0.2013 0.0000 0.0000 
main 10.0000 3.0000 47.0000 5.0000 0.0000 5.0000 4.0000 1.0000 0.0546 0.2507 1.0029 0.0349 0.0588 b 0.1800 1.2529 1.4829 1.4746 0.2920 0.2126 0.3029 0.1954 0.0000 0.0000 0.0000 0.0000 0.0000 
main 10.0000 3.0000 4.0000 5.0000 0.0000 5.0000 4.0000 0.0000 0.0000 0.2500 1.0000 0.0000 0.0000 b 0.1800 1.2500 1.2880 1.2796 0.2500 0.2500 0.2500 0.2500 0.0000 0.0000 0.0000 0.0000 0.0000 
main 10.0000 3.0000 13.0000 8.0000 1.0000 8.0000 7.0000 0.0000 0.0000 0.2500 1.7500 0.0000 0.0000 b 0.2070 2.0000 1.1518 1.1434 0.2500 0.2500 0.2500 0.2500 0.2500 0.2500 0.2500 0.0000 0.0000 
main 10.0000 3.0000 58.0000 9.0000 1.0000 9.0000 8.0000 0.0000 0.0000 0.2500 2.0000 0.0000 0.0000 b 0.1150 2.2500 1.2867 1.2783 0.2500 0.2500 0.2500 0.2500 0.2500 0.2500 0.2500 0.2500 0.0000 
main 10.0000 3.0000 20.0000 10.0000 2.0000 10.0000 9.0000 1.0000 0.0507 0.2495 2.2459 0.0349 0.0588 b 0.1830 2.4959 1.1657 1.1574 0.2713 0.1974 0.3028 0.2140 0.1576 0.2954 0.2408 0.2697 0.2969 
main 10.0000 3.0000 54.0000 7.0000 1.0000 7.0000 6.0000 2.0000 0.0939 0.2508 1.5048 0.0906 0.1145 b 0.1960 1.7548 1.4129 1.4045 0.1635 0.3386 0.3706 0.1511 0.2868 0.1942 0.0000 0.0000 0.0000 
main 10.0000 3.0000 5.0000 5.0000 0.0000 5.0000 4.0000 1.0000 0.0579 0.2506 1.0025 0.0349 0.0588 b 0.2080 1.2525 1.3693 1.3610 0.2552 0.1823 0.3234 0.2416 0.0000 0.0000 0.0000 0.0000 0.0000 
main 10.0000 3.0000 16.0000 9.0000 1.0000 9.0000 8.0000 0.0000 0.0000 0.2500 2.0000 0.0000 0.0000 b 0.1120 2.2500 1.2223 1.2140 0.2500 0.2500 0.2500 0.2500 0.2500 0.2500 0.2500 0.2500 0.0000 
main 10.0000 3.0000 40.0000 10.0000 2.0000 10.0000 9.0000 0.0000 0.0000 0.2500 2.2500 0.0000 0.0000 b 0.1740 2.5000 1.4573 1.4490 0.2500 0.2500 0.2500 0.2500 0.2500 0.2500 0.2500 0.2500 0.2500 
main 10.0000 3.0000 7.0000 6.0000 0.0000 6.0000 5.0000 0.0000 0.0000 0.2500 1.2500 0.0000 0.0000 b 0.3000 1.5000 1.0900 1.0817 0.2500 0.2500 0.2500 0.2500 0.2500 0.0000 0.0000 0.0000 0.0000 
main 10.0000 3.0000 21.0000 10.0000 2.0000 10.0000 9.0000 2.0000 0.0933 0.2504 2.2534 0.0906 0.1145 b 0.1560 2.5034 1.3939 1.3856 0.1928 0.3906 0.1533 0.2208 0.1559 0.2668 0.1720 0.3303 0.3710 
main 10.0000 3.0000 8.0000 6.0000 0.0000 6.0000 5.0000 1.0000 0.0582 0.2492 1.2459 0.0349 0.0588 b 0.2910 1.4959 1.0886 1.0803 0.2197 0.1906 0.2281 0.2660 0.3414 0.0000 0.0000 0.0000 0.0000 
main 10.0000 3.0000 25.0000 5.0000 0.0000 5.0000 4.0000 0.0000 0.0000 0.2500 1.0000 0.0000 0.0000 b 0.1590 1.2500 1.4374 1.4291 0.2500 0.2500 0.2500 0.2500 0.0000 0.0000 0.0000 0.0000 0.0000 
main 10.0000 3.0000 57.0000 8.0000 1.0000 8.0000 7.0000 2.0000 0.0912 0.2502 1.7511 0.0906 0.1145 b 0.1120 2.0011 1.2205 1.2122 0.1665 0.2111 0.2672 0.3588 0.2061 0.1555 0.3858 0.0000 0.0000 
main 10.0000 3.0000 30.0000 6.0000 0.0000 6.0000 5.0000 2.0000 0.0971 0.2508 1.2541 0.0906 0.1145 b 0.2810 1.5041 1.0411 1.0328 0.3644 0.1705 0.3442 0.2160 0.1590 0.0000 0.0000 0.0000 0.0000 
main 10.0000 3.0000 38.0000 9.0000 1.0000 9.0000 8.0000 1.0000 0.0559 0.2503 2.0020 0.0349 0.0588 b 0.1990 2.2520 1.3059 1.2976 0.3455 0.1741 0.2446 0.2968 0.1862 0.2465 0.2724 0.2358 0.0000 
main 10.0000 3.0000 50.0000 6.0000 0.0000 6.0000 5.0000 1.0000 0.0482 0.2508 1.2542 0.0349 0.0588 b 0.1630 1.5042 1.0805 1.0722 0.1907 0.2324 0.3099 0.2317 0.2895 0.0000 0.0000 0.0000 0.0000 
main 10.0000 3.0000 53.0000 7.0000 1.0000 7.0000 6.0000 1.0000 0.0400 0.2502 1.5014 0.0349 0.0588 b 0.1750 1.7514 1.2433 1.2350 0.2649 0.2906 0.2621 0.1830 0.2232 0.2775 0.0000 0.0000 0.0000 
main 10.0000 3.0000 48.0000 5.0000 0.0000 5.0000 4.0000 2.0000 0.0946 0.2490 0.9959 0.0906 0.1145 b 0.1730 1.2459 1.2916 1.2833 0.1851 0.3114 0.3469 0.1525 0.0000 0.0000 0.0000 0.0000 0.0000 
main 10.0000 3.0000 19.0000 10.0000 2.0000 10.0000 9.0000 0.0000 0.0000 0.2500 2.2500 0.0000 0.0000 NA E 2.5000 1.1820 1.1737 0.2500 0.2500 0.2500 0.2500 0.2500 0.2500 0.2500 0.2500 0.2500 
main 10.0000 3.0000 11.0000 7.0000 1.0000 7.0000 6.0000 1.0000 0.0587 0.2500 1.5003 0.0349 0.0588 b 0.1970 1.7503 1.2932 1.2849 0.2139 0.3086 0.1705 0.3191 0.2697 0.2185 0.0000 0.0000 0.0000 
main 10.0000 3.0000 32.0000 7.0000 1.0000 7.0000 6.0000 1.0000 0.0496 0.2495 1.4972 0.0349 0.0588 b 0.2170 1.7472 1.4541 1.4458 0.2521 0.2925 0.2420 0.2864 0.1564 0.2678 0.0000 0.0000 0.0000 
main 10.0000 3.0000 49.0000 6.0000 0.0000 6.0000 5.0000 0.0000 0.0000 0.2500 1.2500 0.0000 0.0000 b 0.2110 1.5000 1.0987 1.0903 0.2500 0.2500 0.2500 0.2500 0.2500 0.0000 0.0000 0.0000 0.0000 
main 10.0000 3.0000 14.0000 8.0000 1.0000 8.0000 7.0000 1.0000 0.0464 0.2498 1.7489 0.0349 0.0588 b 0.1880 1.9989 1.0699 1.0616 0.2255 0.2972 0.2672 0.2260 0.1901 0.3200 0.2229 0.0000 0.0000 
main 10.0000 3.0000 42.0000 10.0000 2.0000 10.0000 9.0000 2.0000 0.0915 0.2500 2.2500 0.0906 0.1145 b 0.1840 2.5000 1.4299 1.4215 0.2341 0.1890 0.3505 0.1836 0.1526 0.2522 0.1531 0.3995 0.3354 
main 10.0000 3.0000 31.0000 7.0000 1.0000 7.0000 6.0000 0.0000 0.0000 0.2500 1.5000 0.0000 0.0000 b 0.1940 1.7500 1.2772 1.2689 0.2500 0.2500 0.2500 0.2500 0.2500 0.2500 0.0000 0.0000 0.0000 
main 10.0000 3.0000 35.0000 8.0000 1.0000 8.0000 7.0000 1.0000 0.0576 0.2500 1.7502 0.0349 0.0588 b 0.1390 2.0002 1.4685 1.4602 0.2592 0.3388 0.2735 0.1510 0.2204 0.2717 0.2356 0.0000 0.0000 
main 10.0000 3.0000 33.0000 7.0000 1.0000 7.0000 6.0000 2.0000 0.1019 0.2506 1.5034 0.0906 0.1145 b 0.2520 1.7534 1.4521 1.4438 0.1555 0.3721 0.1696 0.3054 0.3469 0.1540 0.0000 0.0000 0.0000 
main 10.0000 3.0000 22.0000 4.0000 0.0000 4.0000 3.0000 0.0000 0.0000 0.2500 0.7500 0.0000 0.0000 b 0.2870 1.0000 1.1138 1.1055 0.2500 0.2500 0.2500 0.0000 0.0000 0.0000 0.0000 0.0000 0.0000 
main 10.0000 3.0000 39.0000 9.0000 1.0000 9.0000 8.0000 2.0000 0.0930 0.2498 1.9987 0.0906 0.1145 b 0.1230 2.2487 1.3508 1.3424 0.1534 0.3044 0.1513 0.3549 0.1783 0.2136 0.2476 0.3952 0.0000 
main 10.0000 3.0000 18.0000 9.0000 1.0000 9.0000 8.0000 2.0000 0.0931 0.2504 2.0029 0.0906 0.1145 b 0.1380 2.2529 1.3120 1.3036 0.2017 0.1507 0.3472 0.2435 0.1539 0.3998 0.3133 0.1928 0.0000 
main 10.0000 3.0000 62.0000 10.0000 2.0000 10.0000 9.0000 1.0000 0.0588 0.2497 2.2469 0.0349 0.0588 b 0.1490 2.4969 1.4261 1.4178 0.2549 0.1990 0.2568 0.3368 0.2173 0.3433 0.2275 0.1656 0.2455 
main 10.0000 3.0000 37.0000 9.0000 1.0000 9.0000 8.0000 0.0000 0.0000 0.2500 2.0000 0.0000 0.0000 b 0.1540 2.2500 1.3550 1.3466 0.2500 0.2500 0.2500 0.2500 0.2500 0.2500 0.2500 0.2500 0.0000 
main 10.0000 3.0000 10.0000 7.0000 1.0000 7.0000 6.0000 0.0000 0.0000 0.2500 1.5000 0.0000 0.0000 b 0.2220 1.7500 1.0522 1.0439 0.2500 0.2500 0.2500 0.2500 0.2500 0.2500 0.0000 0.0000 0.0000 
main 10.0000 3.0000 44.0000 4.0000 0.0000 4.0000 3.0000 1.0000 0.0423 0.2496 0.7489 0.0349 0.0588 b 0.1960 0.9989 1.1642 1.1559 0.2902 0.2530 0.2057 0.0000 0.0000 0.0000 0.0000 0.0000 0.0000 
main 10.0000 3.0000 2.0000 4.0000 0.0000 4.0000 3.0000 1.0000 0.0499 0.2500 0.7500 0.0349 0.0588 b 0.2070 1.0000 1.2100 1.2016 0.1967 0.2576 0.2957 0.0000 0.0000 0.0000 0.0000 0.0000 0.0000 
main 10.0000 3.0000 26.0000 5.0000 0.0000 5.0000 4.0000 1.0000 0.0437 0.2489 0.9957 0.0349 0.0588 b 0.1790 1.2457 1.1162 1.1078 0.2568 0.2982 0.1920 0.2487 0.0000 0.0000 0.0000 0.0000 0.0000 
main 10.0000 3.0000 3.0000 4.0000 0.0000 4.0000 3.0000 2.0000 0.1062 0.2503 0.7510 0.0906 0.1145 b 0.2160 1.0010 1.2264 1.2181 0.1593 0.3670 0.2248 0.0000 0.0000 0.0000 0.0000 0.0000 0.0000 
main 10.0000 3.0000 28.0000 6.0000 0.0000 6.0000 5.0000 0.0000 0.0000 0.2500 1.2500 0.0000 0.0000 b 0.1780 1.5000 1.3180 1.3096 0.2500 0.2500 0.2500 0.2500 0.2500 0.0000 0.0000 0.0000 0.0000 
main 10.0000 3.0000 46.0000 5.0000 0.0000 5.0000 4.0000 0.0000 0.0000 0.2500 1.0000 0.0000 0.0000 b 0.1550 1.2500 1.4480 1.4397 0.2500 0.2500 0.2500 0.2500 0.0000 0.0000 0.0000 0.0000 0.0000 
main 10.0000 3.0000 6.0000 5.0000 0.0000 5.0000 4.0000 2.0000 0.1105 0.2509 1.0035 0.0906 0.1145 b 0.1940 1.2535 1.3173 1.3090 0.1642 0.3034 0.3815 0.1545 0.0000 0.0000 0.0000 0.0000 0.0000 
main 10.0000 3.0000 29.0000 6.0000 0.0000 6.0000 5.0000 1.0000 0.0573 0.2503 1.2514 0.0349 0.0588 b 0.1450 1.5014 1.2024 1.1941 0.2476 0.2812 0.3202 0.1659 0.2365 0.0000 0.0000 0.0000 0.0000 
main 10.0000 4.0000 7.0000 6.0000 0.0000 6.0000 5.0000 0.0000 0.0000 0.2500 1.2500 0.0000 0.0000 b 0.1590 1.5000 1.0480 1.0397 0.2500 0.2500 0.2500 0.2500 0.2500 0.0000 0.0000 0.0000 0.0000 
main 10.0000 4.0000 3.0000 4.0000 0.0000 4.0000 3.0000 2.0000 0.1094 0.2488 0.7464 0.0906 0.1145 b 0.1930 0.9964 1.0598 1.0514 0.1735 0.3742 0.1987 0.0000 0.0000 0.0000 0.0000 0.0000 0.0000 
main 10.0000 4.0000 55.0000 8.0000 1.0000 8.0000 7.0000 0.0000 0.0000 0.2500 1.7500 0.0000 0.0000 b 0.1610 2.0000 1.0509 1.0426 0.2500 0.2500 0.2500 0.2500 0.2500 0.2500 0.2500 0.0000 0.0000 
main 10.0000 4.0000 27.0000 5.0000 0.0000 5.0000 4.0000 2.0000 0.0979 0.2503 1.0012 0.0906 0.1145 b 0.2420 1.2512 1.4527 1.4444 0.1599 0.2735 0.3782 0.1896 0.0000 0.0000 0.0000 0.0000 0.0000 
main 10.0000 4.0000 35.0000 8.0000 1.0000 8.0000 7.0000 1.0000 0.0492 0.2499 1.7491 0.0349 0.0588 b 0.1440 1.9991 1.2598 1.2514 0.2285 0.3083 0.2273 0.1891 0.2188 0.2530 0.3240 0.0000 0.0000 
main 10.0000 4.0000 34.0000 8.0000 1.0000 8.0000 7.0000 0.0000 0.0000 0.2500 1.7500 0.0000 0.0000 b 0.1640 2.0000 1.0647 1.0564 0.2500 0.2500 0.2500 0.2500 0.2500 0.2500 0.2500 0.0000 0.0000 
main 10.0000 4.0000 59.0000 9.0000 1.0000 9.0000 8.0000 1.0000 0.0583 0.2499 1.9994 0.0349 0.0588 b 0.1870 2.2494 1.0202 1.0119 0.2890 0.1950 0.2613 0.1669 0.3358 0.1958 0.2910 0.2646 0.0000 
main 10.0000 4.0000 62.0000 10.0000 2.0000 10.0000 9.0000 1.0000 0.0390 0.2499 2.2492 0.0349 0.0588 b 0.1760 2.4992 1.2176 1.2093 0.2691 0.1981 0.2543 0.2266 0.3163 0.2379 0.2748 0.1971 0.2749 
main 10.0000 4.0000 10.0000 7.0000 1.0000 7.0000 6.0000 0.0000 0.0000 0.2500 1.5000 0.0000 0.0000 b 0.3420 1.7500 1.0143 1.0060 0.2500 0.2500 0.2500 0.2500 0.2500 0.2500 0.0000 0.0000 0.0000 
main 10.0000 4.0000 11.0000 7.0000 1.0000 7.0000 6.0000 1.0000 0.0438 0.2499 1.4993 0.0349 0.0588 b 0.1570 1.7493 1.0348 1.0265 0.3005 0.2406 0.2079 0.2371 0.2070 0.3063 0.0000 0.0000 0.0000 
main 10.0000 4.0000 54.0000 7.0000 1.0000 7.0000 6.0000 2.0000 0.0953 0.2498 1.4987 0.0906 0.1145 b 0.1750 1.7487 1.1621 1.1537 0.1523 0.2400 0.3956 0.1859 0.3337 0.1912 0.0000 0.0000 0.0000 
main 10.0000 4.0000 41.0000 10.0000 2.0000 10.0000 9.0000 1.0000 0.0578 0.2501 2.2512 0.0349 0.0588 b 0.1470 2.5012 1.4625 1.4541 0.2581 0.2209 0.2492 0.2826 0.2255 0.3765 0.2111 0.1689 0.2585 
main 10.0000 4.0000 22.0000 4.0000 0.0000 4.0000 3.0000 0.0000 0.0000 0.2500 0.7500 0.0000 0.0000 b 0.2720 1.0000 1.1907 1.1824 0.2500 0.2500 0.2500 0.0000 0.0000 0.0000 0.0000 0.0000 0.0000 
main 10.0000 4.0000 26.0000 5.0000 0.0000 5.0000 4.0000 1.0000 0.0548 0.2488 0.9951 0.0349 0.0588 b 0.2900 1.2451 1.2331 1.2248 0.1871 0.3113 0.2230 0.2736 0.0000 0.0000 0.0000 0.0000 0.0000 
main 10.0000 4.0000 61.0000 10.0000 2.0000 10.0000 9.0000 0.0000 0.0000 0.2500 2.2500 0.0000 0.0000 b 0.1520 2.5000 1.3198 1.3115 0.2500 0.2500 0.2500 0.2500 0.2500 0.2500 0.2500 0.2500 0.2500 
main 10.0000 4.0000 20.0000 10.0000 2.0000 10.0000 9.0000 1.0000 0.0504 0.2498 2.2481 0.0349 0.0588 b 0.2280 2.4981 1.2442 1.2359 0.2017 0.3142 0.2408 0.3028 0.2466 0.3108 0.2458 0.2117 0.1738 
main 10.0000 4.0000 24.0000 4.0000 0.0000 4.0000 3.0000 2.0000 0.1065 0.2501 0.7503 0.0906 0.1145 b 0.2140 1.0003 1.1489 1.1406 0.2196 0.1622 0.3685 0.0000 0.0000 0.0000 0.0000 0.0000 0.0000 
main 10.0000 4.0000 17.0000 9.0000 1.0000 9.0000 8.0000 1.0000 0.0535 0.2496 1.9971 0.0349 0.0588 b 0.1630 2.2471 1.4875 1.4792 0.2333 0.2822 0.3351 0.2508 0.1927 0.2503 0.1669 0.2858 0.0000 
main 10.0000 4.0000 44.0000 4.0000 0.0000 4.0000 3.0000 1.0000 0.0535 0.2501 0.7503 0.0349 0.0588 b 0.2630 1.0003 1.3970 1.3887 0.2005 0.2431 0.3068 0.0000 0.0000 0.0000 0.0000 0.0000 0.0000 
main 10.0000 4.0000 38.0000 9.0000 1.0000 9.0000 8.0000 1.0000 0.0497 0.2505 2.0042 0.0349 0.0588 b 0.1160 2.2542 1.4051 1.3968 0.3103 0.2428 0.2683 0.1898 0.3245 0.2524 0.2251 0.1910 0.0000 
main 10.0000 4.0000 16.0000 9.0000 1.0000 9.0000 8.0000 0.0000 0.0000 0.2500 2.0000 0.0000 0.0000 b 0.2320 2.2500 1.3902 1.3818 0.2500 0.2500 0.2500 0.2500 0.2500 0.2500 0.2500 0.2500 0.0000 
main 10.0000 4.0000 14.0000 8.0000 1.0000 8.0000 7.0000 1.0000 0.0506 0.2504 1.7531 0.0349 0.0588 b 0.1460 2.0031 1.4293 1.4210 0.2835 0.2004 0.3233 0.2384 0.2932 0.2268 0.1876 0.0000 0.0000 
main 10.0000 4.0000 46.0000 5.0000 0.0000 5.0000 4.0000 0.0000 0.0000 0.2500 1.0000 0.0000 0.0000 b 0.2000 1.2500 1.3288 1.3205 0.2500 0.2500 0.2500 0.2500 0.0000 0.0000 0.0000 0.0000 0.0000 
main 10.0000 4.0000 56.0000 8.0000 1.0000 8.0000 7.0000 1.0000 0.0567 0.2496 1.7475 0.0349 0.0588 b 0.1770 1.9975 1.0096 1.0013 0.1673 0.2915 0.2523 0.1820 0.2878 0.2482 0.3184 0.0000 0.0000 
main 10.0000 4.0000 15.0000 8.0000 1.0000 8.0000 7.0000 2.0000 0.0956 0.2506 1.7541 0.0906 0.1145 b 0.1690 2.0041 1.0854 1.0770 0.2820 0.3969 0.1547 0.3528 0.1906 0.1608 0.2163 0.0000 0.0000 
main 10.0000 4.0000 45.0000 4.0000 0.0000 4.0000 3.0000 2.0000 0.1063 0.2512 0.7537 0.0906 0.1145 b 0.2180 1.0037 1.1359 1.1276 0.2246 0.1608 0.3684 0.0000 0.0000 0.0000 0.0000 0.0000 0.0000 
main 10.0000 4.0000 53.0000 7.0000 1.0000 7.0000 6.0000 1.0000 0.0501 0.2502 1.5014 0.0349 0.0588 b 0.1560 1.7514 1.2881 1.2798 0.2157 0.1838 0.3043 0.2691 0.2239 0.3045 0.0000 0.0000 0.0000 
main 10.0000 4.0000 28.0000 6.0000 0.0000 6.0000 5.0000 0.0000 0.0000 0.2500 1.2500 0.0000 0.0000 b 0.2510 1.5000 1.0125 1.0042 0.2500 0.2500 0.2500 0.2500 0.2500 0.0000 0.0000 0.0000 0.0000 
main 10.0000 4.0000 9.0000 6.0000 0.0000 6.0000 5.0000 2.0000 0.0945 0.2499 1.2494 0.0906 0.1145 b 0.1710 1.4994 1.0932 1.0849 0.1712 0.3353 0.3645 0.2185 0.1600 0.0000 0.0000 0.0000 0.0000 
main 10.0000 4.0000 48.0000 5.0000 0.0000 5.0000 4.0000 2.0000 0.1037 0.2512 1.0049 0.0906 0.1145 b 0.1450 1.2549 1.0483 1.0400 0.2337 0.3971 0.2218 0.1523 0.0000 0.0000 0.0000 0.0000 0.0000 
main 10.0000 4.0000 25.0000 5.0000 0.0000 5.0000 4.0000 0.0000 0.0000 0.2500 1.0000 0.0000 0.0000 b 0.1470 1.2500 1.4144 1.4060 0.2500 0.2500 0.2500 0.2500 0.0000 0.0000 0.0000 0.0000 0.0000 
main 10.0000 4.0000 51.0000 6.0000 0.0000 6.0000 5.0000 2.0000 0.0980 0.2497 1.2483 0.0906 0.1145 b 0.2810 1.4983 1.3028 1.2945 0.3815 0.1832 0.3225 0.1506 0.2105 0.0000 0.0000 0.0000 0.0000 
main 10.0000 4.0000 52.0000 7.0000 1.0000 7.0000 6.0000 0.0000 0.0000 0.2500 1.5000 0.0000 0.0000 b 0.1530 1.7500 1.0422 1.0339 0.2500 0.2500 0.2500 0.2500 0.2500 0.2500 0.0000 0.0000 0.0000 
main 10.0000 4.0000 8.0000 6.0000 0.0000 6.0000 5.0000 1.0000 0.0487 0.2508 1.2538 0.0349 0.0588 b 0.1680 1.5038 1.0614 1.0531 0.2101 0.2617 0.2124 0.2405 0.3291 0.0000 0.0000 0.0000 0.0000 
main 10.0000 4.0000 12.0000 7.0000 1.0000 7.0000 6.0000 2.0000 0.0968 0.2501 1.5008 0.0906 0.1145 b 0.1620 1.7508 1.4759 1.4676 0.1522 0.3799 0.1543 0.2197 0.3514 0.2434 0.0000 0.0000 0.0000 
main 10.0000 4.0000 33.0000 7.0000 1.0000 7.0000 6.0000 2.0000 0.0919 0.2501 1.5008 0.0906 0.1145 b 0.1720 1.7508 1.4568 1.4485 0.2055 0.3876 0.3374 0.2299 0.1528 0.1877 0.0000 0.0000 0.0000 
main 10.0000 4.0000 19.0000 10.0000 2.0000 10.0000 9.0000 0.0000 0.0000 0.2500 2.2500 0.0000 0.0000 b 0.1290 2.5000 1.2777 1.2693 0.2500 0.2500 0.2500 0.2500 0.2500 0.2500 0.2500 0.2500 0.2500 
main 10.0000 4.0000 36.0000 8.0000 1.0000 8.0000 7.0000 2.0000 0.0984 0.2498 1.7485 0.0906 0.1145 b 0.1990 1.9985 1.3323 1.3239 0.1770 0.3840 0.1971 0.1603 0.3103 0.3602 0.1596 0.0000 0.0000 
main 10.0000 4.0000 30.0000 6.0000 0.0000 6.0000 5.0000 2.0000 0.1129 0.2496 1.2481 0.0906 0.1145 b 0.2030 1.4981 1.2813 1.2730 0.1578 0.1930 0.3601 0.1537 0.3835 0.0000 0.0000 0.0000 0.0000 
main 10.0000 4.0000 57.0000 8.0000 1.0000 8.0000 7.0000 2.0000 0.0929 0.2499 1.7495 0.0906 0.1145 b 0.1760 1.9995 1.3145 1.3061 0.1584 0.3612 0.3087 0.1526 0.2819 0.3355 0.1512 0.0000 0.0000 
main 10.0000 4.0000 31.0000 7.0000 1.0000 7.0000 6.0000 0.0000 0.0000 0.2500 1.5000 0.0000 0.0000 b 0.3260 1.7500 1.2719 1.2635 0.2500 0.2500 0.2500 0.2500 0.2500 0.2500 0.0000 0.0000 0.0000 
main 10.0000 4.0000 60.0000 9.0000 1.0000 9.0000 8.0000 2.0000 0.0948 0.2504 2.0032 0.0906 0.1145 b 0.1410 2.2532 1.2046 1.1963 0.2143 0.1632 0.3352 0.1870 0.3711 0.2017 0.3780 0.1526 0.0000 
main 10.0000 4.0000 40.0000 10.0000 2.0000 10.0000 9.0000 0.0000 0.0000 0.2500 2.2500 0.0000 0.0000 b 0.1960 2.5000 1.0910 1.0826 0.2500 0.2500 0.2500 0.2500 0.2500 0.2500 0.2500 0.2500 0.2500 
main 10.0000 4.0000 47.0000 5.0000 0.0000 5.0000 4.0000 1.0000 0.0394 0.2503 1.0012 0.0349 0.0588 b 0.2300 1.2512 1.1572 1.1489 0.2650 0.2944 0.2014 0.2404 0.0000 0.0000 0.0000 0.0000 0.0000 
main 10.0000 4.0000 5.0000 5.0000 0.0000 5.0000 4.0000 1.0000 0.0577 0.2495 0.9980 0.0349 0.0588 b 0.1920 1.2480 1.3606 1.3523 0.2007 0.2569 0.2124 0.3280 0.0000 0.0000 0.0000 0.0000 0.0000 
main 10.0000 4.0000 13.0000 8.0000 1.0000 8.0000 7.0000 0.0000 0.0000 0.2500 1.7500 0.0000 0.0000 b 0.1550 2.0000 1.3653 1.3570 0.2500 0.2500 0.2500 0.2500 0.2500 0.2500 0.2500 0.0000 0.0000 
main 10.0000 4.0000 2.0000 4.0000 0.0000 4.0000 3.0000 1.0000 0.0541 0.2512 0.7536 0.0349 0.0588 b 0.1990 1.0036 1.3942 1.3859 0.1922 0.2632 0.2983 0.0000 0.0000 0.0000 0.0000 0.0000 0.0000 
main 10.0000 4.0000 49.0000 6.0000 0.0000 6.0000 5.0000 0.0000 0.0000 0.2500 1.2500 0.0000 0.0000 b 0.1550 1.5000 1.0437 1.0354 0.2500 0.2500 0.2500 0.2500 0.2500 0.0000 0.0000 0.0000 0.0000 
main 10.0000 4.0000 6.0000 5.0000 0.0000 5.0000 4.0000 2.0000 0.0939 0.2493 0.9972 0.0906 0.1145 b 0.1710 1.2472 1.0634 1.0550 0.1561 0.2455 0.3785 0.2171 0.0000 0.0000 0.0000 0.0000 0.0000 
main 10.0000 4.0000 4.0000 5.0000 0.0000 5.0000 4.0000 0.0000 0.0000 0.2500 1.0000 0.0000 0.0000 b 0.1800 1.2500 1.2297 1.2214 0.2500 0.2500 0.2500 0.2500 0.0000 0.0000 0.0000 0.0000 0.0000 
main 10.0000 4.0000 21.0000 10.0000 2.0000 10.0000 9.0000 2.0000 0.0921 0.2499 2.2491 0.0906 0.1145 b 0.1480 2.4991 1.1718 1.1635 0.1552 0.1968 0.3247 0.3935 0.1927 0.1599 0.3791 0.2367 0.2105 
main 10.0000 4.0000 58.0000 9.0000 1.0000 9.0000 8.0000 0.0000 0.0000 0.2500 2.0000 0.0000 0.0000 b 0.1500 2.2500 1.0213 1.0129 0.2500 0.2500 0.2500 0.2500 0.2500 0.2500 0.2500 0.2500 0.0000 
main 10.0000 4.0000 42.0000 10.0000 2.0000 10.0000 9.0000 2.0000 0.0929 0.2496 2.2462 0.0906 0.1145 NA E 2.4962 1.0464 1.0380 0.1624 0.2411 0.3496 0.1800 0.3678 0.2026 0.3875 0.1996 0.1558 
main 10.0000 4.0000 39.0000 9.0000 1.0000 9.0000 8.0000 2.0000 0.1060 0.2503 2.0022 0.0906 0.1145 b 0.1830 2.2522 1.3199 1.3116 0.1586 0.2063 0.3769 0.1995 0.1539 0.3525 0.1579 0.3966 0.0000 
main 10.0000 4.0000 37.0000 9.0000 1.0000 9.0000 8.0000 0.0000 0.0000 0.2500 2.0000 0.0000 0.0000 b 0.1460 2.2500 1.3693 1.3610 0.2500 0.2500 0.2500 0.2500 0.2500 0.2500 0.2500 0.2500 0.0000 
main 10.0000 4.0000 29.0000 6.0000 0.0000 6.0000 5.0000 1.0000 0.0565 0.2493 1.2463 0.0349 0.0588 b 0.2380 1.4963 1.3686 1.3602 0.1972 0.2441 0.2015 0.2684 0.3353 0.0000 0.0000 0.0000 0.0000 
main 10.0000 4.0000 32.0000 7.0000 1.0000 7.0000 6.0000 1.0000 0.0585 0.2508 1.5050 0.0349 0.0588 b 0.1200 1.7550 1.2545 1.2462 0.3498 0.2313 0.1892 0.2241 0.2898 0.2208 0.0000 0.0000 0.0000 
main 10.0000 4.0000 23.0000 4.0000 0.0000 4.0000 3.0000 1.0000 0.0583 0.2498 0.7494 0.0349 0.0588 b 0.2280 0.9994 1.2561 1.2477 0.2372 0.3134 0.1988 0.0000 0.0000 0.0000 0.0000 0.0000 0.0000 
main 10.0000 4.0000 43.0000 4.0000 0.0000 4.0000 3.0000 0.0000 0.0000 0.2500 0.7500 0.0000 0.0000 b 0.1730 1.0000 1.0426 1.0342 0.2500 0.2500 0.2500 0.0000 0.0000 0.0000 0.0000 0.0000 0.0000 
main 10.0000 4.0000 1.0000 4.0000 0.0000 4.0000 3.0000 0.0000 0.0000 0.2500 0.7500 0.0000 0.0000 b 0.1640 1.0000 1.2635 1.2552 0.2500 0.2500 0.2500 0.0000 0.0000 0.0000 0.0000 0.0000 0.0000 
main 10.0000 4.0000 63.0000 10.0000 2.0000 10.0000 9.0000 2.0000 0.0959 0.2498 2.2484 0.0906 0.1145 b 0.2130 2.4984 1.3335 1.3251 0.1962 0.1512 0.2155 0.1631 0.3317 0.1549 0.3944 0.2675 0.3738 
main 10.0000 4.0000 18.0000 9.0000 1.0000 9.0000 8.0000 2.0000 0.1015 0.2500 2.0001 0.0906 0.1145 b 0.2540 2.2501 1.4857 1.4773 0.1527 0.3980 0.2084 0.1614 0.2114 0.3764 0.3286 0.1632 0.0000 
main 10.0000 4.0000 50.0000 6.0000 0.0000 6.0000 5.0000 1.0000 0.0516 0.2506 1.2528 0.0349 0.0588 b 0.2300 1.5028 1.2540 1.2457 0.2361 0.2986 0.2353 0.3035 0.1792 0.0000 0.0000 0.0000 0.0000 
main 10.0000 5.0000 63.0000 10.0000 2.0000 10.0000 9.0000 2.0000 0.0929 0.2496 2.2467 0.0906 0.1145 b 0.1560 2.4967 1.0187 1.0104 0.1835 0.3149 0.1565 0.2183 0.3954 0.1797 0.2793 0.3682 0.1509 
main 10.0000 5.0000 28.0000 6.0000 0.0000 6.0000 5.0000 0.0000 0.0000 0.2500 1.2500 0.0000 0.0000 b 0.2040 1.5000 1.0750 1.0666 0.2500 0.2500 0.2500 0.2500 0.2500 0.0000 0.0000 0.0000 0.0000 
main 10.0000 5.0000 31.0000 7.0000 1.0000 7.0000 6.0000 0.0000 0.0000 0.2500 1.5000 0.0000 0.0000 b 0.1970 1.7500 1.1015 1.0931 0.2500 0.2500 0.2500 0.2500 0.2500 0.2500 0.0000 0.0000 0.0000 
main 10.0000 5.0000 14.0000 8.0000 1.0000 8.0000 7.0000 1.0000 0.0586 0.2497 1.7480 0.0349 0.0588 b 0.1340 1.9980 1.0201 1.0117 0.2232 0.1785 0.2829 0.3285 0.2581 0.2984 0.1784 0.0000 0.0000 
main 10.0000 5.0000 50.0000 6.0000 0.0000 6.0000 5.0000 1.0000 0.0429 0.2504 1.2521 0.0349 0.0588 b 0.1480 1.5021 1.2927 1.2844 0.2292 0.3200 0.2121 0.2620 0.2288 0.0000 0.0000 0.0000 0.0000 
main 10.0000 5.0000 60.0000 9.0000 1.0000 9.0000 8.0000 2.0000 0.0933 0.2498 1.9985 0.0906 0.1145 b 0.1360 2.2485 1.3067 1.2984 0.3519 0.1596 0.3619 0.1550 0.3496 0.1961 0.1615 0.2630 0.0000 
main 10.0000 5.0000 59.0000 9.0000 1.0000 9.0000 8.0000 1.0000 0.0509 0.2503 2.0025 0.0349 0.0588 b 0.1140 2.2525 1.3462 1.3378 0.3436 0.2370 0.2849 0.2113 0.2826 0.2153 0.1856 0.2422 0.0000 
main 10.0000 5.0000 41.0000 10.0000 2.0000 10.0000 9.0000 1.0000 0.0586 0.2496 2.2464 0.0349 0.0588 b 0.1510 2.4964 1.2929 1.2845 0.2693 0.1970 0.2449 0.1606 0.2066 0.2361 0.3194 0.2669 0.3455 
main 10.0000 5.0000 20.0000 10.0000 2.0000 10.0000 9.0000 1.0000 0.0533 0.2505 2.2547 0.0349 0.0588 b 0.1340 2.5047 1.0235 1.0151 0.2878 0.2012 0.2280 0.3274 0.2203 0.2653 0.1676 0.3166 0.2405 
main 10.0000 5.0000 52.0000 7.0000 1.0000 7.0000 6.0000 0.0000 0.0000 0.2500 1.5000 0.0000 0.0000 b 0.2340 1.7500 1.2910 1.2827 0.2500 0.2500 0.2500 0.2500 0.2500 0.2500 0.0000 0.0000 0.0000 
main 10.0000 5.0000 18.0000 9.0000 1.0000 9.0000 8.0000 2.0000 0.0946 0.2501 2.0006 0.0906 0.1145 b 0.1260 2.2506 1.4235 1.4152 0.1550 0.3897 0.1977 0.3021 0.3626 0.1583 0.2697 0.1656 0.0000 
main 10.0000 5.0000 25.0000 5.0000 0.0000 5.0000 4.0000 0.0000 0.0000 0.2500 1.0000 0.0000 0.0000 b 0.2650 1.2500 1.4151 1.4068 0.2500 0.2500 0.2500 0.2500 0.0000 0.0000 0.0000 0.0000 0.0000 
main 10.0000 5.0000 46.0000 5.0000 0.0000 5.0000 4.0000 0.0000 0.0000 0.2500 1.0000 0.0000 0.0000 b 0.2960 1.2500 1.3816 1.3732 0.2500 0.2500 0.2500 0.2500 0.0000 0.0000 0.0000 0.0000 0.0000 
main 10.0000 5.0000 37.0000 9.0000 1.0000 9.0000 8.0000 0.0000 0.0000 0.2500 2.0000 0.0000 0.0000 b 0.1870 2.2500 1.2648 1.2565 0.2500 0.2500 0.2500 0.2500 0.2500 0.2500 0.2500 0.2500 0.0000 
main 10.0000 5.0000 6.0000 5.0000 0.0000 5.0000 4.0000 2.0000 0.1027 0.2490 0.9960 0.0906 0.1145 b 0.1870 1.2460 1.0783 1.0699 0.3863 0.1556 0.2664 0.1877 0.0000 0.0000 0.0000 0.0000 0.0000 
main 10.0000 5.0000 24.0000 4.0000 0.0000 4.0000 3.0000 2.0000 0.1033 0.2507 0.7522 0.0906 0.1145 b 0.1700 1.0022 1.4802 1.4719 0.3567 0.2452 0.1503 0.0000 0.0000 0.0000 0.0000 0.0000 0.0000 
main 10.0000 5.0000 1.0000 4.0000 0.0000 4.0000 3.0000 0.0000 0.0000 0.2500 0.7500 0.0000 0.0000 b 0.3110 1.0000 1.0107 1.0024 0.2500 0.2500 0.2500 0.0000 0.0000 0.0000 0.0000 0.0000 0.0000 
main 10.0000 5.0000 32.0000 7.0000 1.0000 7.0000 6.0000 1.0000 0.0581 0.2508 1.5046 0.0349 0.0588 b 0.1680 1.7546 1.2121 1.2037 0.1867 0.3418 0.2158 0.2603 0.2101 0.2899 0.0000 0.0000 0.0000 
main 10.0000 5.0000 47.0000 5.0000 0.0000 5.0000 4.0000 1.0000 0.0532 0.2497 0.9987 0.0349 0.0588 b 0.1820 1.2487 1.1252 1.1168 0.2209 0.2504 0.3239 0.2034 0.0000 0.0000 0.0000 0.0000 0.0000 
main 10.0000 5.0000 15.0000 8.0000 1.0000 8.0000 7.0000 2.0000 0.0978 0.2507 1.7547 0.0906 0.1145 b 0.1520 2.0047 1.0377 1.0294 0.1629 0.1946 0.3142 0.1857 0.3918 0.1572 0.3485 0.0000 0.0000 
main 10.0000 5.0000 19.0000 10.0000 2.0000 10.0000 9.0000 0.0000 0.0000 0.2500 2.2500 0.0000 0.0000 b 0.1410 2.5000 1.2571 1.2488 0.2500 0.2500 0.2500 0.2500 0.2500 0.2500 0.2500 0.2500 0.2500 
main 10.0000 5.0000 21.0000 10.0000 2.0000 10.0000 9.0000 2.0000 0.1007 0.2504 2.2535 0.0906 0.1145 b 0.1560 2.5035 1.0311 1.0227 0.1680 0.3607 0.1531 0.2009 0.1676 0.3936 0.3030 0.1529 0.3537 
main 10.0000 5.0000 49.0000 6.0000 0.0000 6.0000 5.0000 0.0000 0.0000 0.2500 1.2500 0.0000 0.0000 b 0.2240 1.5000 1.4858 1.4775 0.2500 0.2500 0.2500 0.2500 0.2500 0.0000 0.0000 0.0000 0.0000 
main 10.0000 5.0000 13.0000 8.0000 1.0000 8.0000 7.0000 0.0000 0.0000 0.2500 1.7500 0.0000 0.0000 b 0.1980 2.0000 1.1127 1.1043 0.2500 0.2500 0.2500 0.2500 0.2500 0.2500 0.2500 0.0000 0.0000 
main 10.0000 5.0000 51.0000 6.0000 0.0000 6.0000 5.0000 2.0000 0.0999 0.2508 1.2540 0.0906 0.1145 b 0.1760 1.5040 1.3234 1.3151 0.1517 0.3443 0.2351 0.1592 0.3637 0.0000 0.0000 0.0000 0.0000 
main 10.0000 5.0000 48.0000 5.0000 0.0000 5.0000 4.0000 2.0000 0.1020 0.2501 1.0004 0.0906 0.1145 b 0.1830 1.2504 1.0787 1.0703 0.2553 0.1781 0.3925 0.1746 0.0000 0.0000 0.0000 0.0000 0.0000 
main 10.0000 5.0000 54.0000 7.0000 1.0000 7.0000 6.0000 2.0000 0.0946 0.2497 1.4984 0.0906 0.1145 b 0.1350 1.7484 1.3155 1.3072 0.2763 0.3514 0.1530 0.1835 0.3656 0.1686 0.0000 0.0000 0.0000 
main 10.0000 5.0000 29.0000 6.0000 0.0000 6.0000 5.0000 1.0000 0.0442 0.2498 1.2489 0.0349 0.0588 b 0.1750 1.4989 1.4342 1.4258 0.2346 0.3042 0.1982 0.2252 0.2868 0.0000 0.0000 0.0000 0.0000 
main 10.0000 5.0000 12.0000 7.0000 1.0000 7.0000 6.0000 2.0000 0.0987 0.2492 1.4953 0.0906 0.1145 b 0.1360 1.7453 1.4925 1.4842 0.1705 0.3587 0.1661 0.3877 0.2249 0.1873 0.0000 0.0000 0.0000 
main 10.0000 5.0000 11.0000 7.0000 1.0000 7.0000 6.0000 1.0000 0.0479 0.2502 1.5012 0.0349 0.0588 b 0.1530 1.7512 1.1575 1.1492 0.2693 0.3034 0.2320 0.2978 0.1836 0.2152 0.0000 0.0000 0.0000 
main 10.0000 5.0000 33.0000 7.0000 1.0000 7.0000 6.0000 2.0000 0.0999 0.2505 1.5028 0.0906 0.1145 b 0.1690 1.7528 1.1871 1.1788 0.3747 0.2181 0.3774 0.1677 0.2075 0.1575 0.0000 0.0000 0.0000 
main 10.0000 5.0000 7.0000 6.0000 0.0000 6.0000 5.0000 0.0000 0.0000 0.2500 1.2500 0.0000 0.0000 b 0.1720 1.5000 1.1399 1.1316 0.2500 0.2500 0.2500 0.2500 0.2500 0.0000 0.0000 0.0000 0.0000 
main 10.0000 5.0000 4.0000 5.0000 0.0000 5.0000 4.0000 0.0000 0.0000 0.2500 1.0000 0.0000 0.0000 b 0.2930 1.2500 1.2878 1.2795 0.2500 0.2500 0.2500 0.2500 0.0000 0.0000 0.0000 0.0000 0.0000 
main 10.0000 5.0000 57.0000 8.0000 1.0000 8.0000 7.0000 2.0000 0.0922 0.2502 1.7515 0.0906 0.1145 b 0.1590 2.0015 1.1366 1.1283 0.3803 0.1642 0.2178 0.3714 0.1984 0.2598 0.1598 0.0000 0.0000 
main 10.0000 5.0000 44.0000 4.0000 0.0000 4.0000 3.0000 1.0000 0.0577 0.2505 0.7515 0.0349 0.0588 b 0.2030 1.0015 1.2061 1.1978 0.2273 0.3162 0.2080 0.0000 0.0000 0.0000 0.0000 0.0000 0.0000 
main 10.0000 5.0000 26.0000 5.0000 0.0000 5.0000 4.0000 1.0000 0.0547 0.2506 1.0025 0.0349 0.0588 NA E 1.2525 1.2258 1.2175 0.1880 0.3119 0.2770 0.2257 0.0000 0.0000 0.0000 0.0000 0.0000 
main 10.0000 5.0000 56.0000 8.0000 1.0000 8.0000 7.0000 1.0000 0.0456 0.2495 1.7467 0.0349 0.0588 b 0.1680 1.9967 1.3538 1.3455 0.2935 0.2495 0.1730 0.2914 0.2108 0.2418 0.2867 0.0000 0.0000 
main 10.0000 5.0000 10.0000 7.0000 1.0000 7.0000 6.0000 0.0000 0.0000 0.2500 1.5000 0.0000 0.0000 b 0.1920 1.7500 1.1213 1.1129 0.2500 0.2500 0.2500 0.2500 0.2500 0.2500 0.0000 0.0000 0.0000 
main 10.0000 5.0000 17.0000 9.0000 1.0000 9.0000 8.0000 1.0000 0.0570 0.2505 2.0038 0.0349 0.0588 b 0.1490 2.2538 1.0105 1.0021 0.3257 0.1624 0.2328 0.2729 0.3161 0.1921 0.2314 0.2705 0.0000 
main 10.0000 5.0000 39.0000 9.0000 1.0000 9.0000 8.0000 2.0000 0.0955 0.2499 1.9995 0.0906 0.1145 b 0.1440 2.2495 1.1984 1.1901 0.1845 0.1534 0.3921 0.1727 0.3222 0.3669 0.1829 0.2248 0.0000 
main 10.0000 5.0000 45.0000 4.0000 0.0000 4.0000 3.0000 2.0000 0.0910 0.2499 0.7498 0.0906 0.1145 b 0.2560 0.9998 1.1405 1.1322 0.2473 0.3422 0.1603 0.0000 0.0000 0.0000 0.0000 0.0000 0.0000 
main 10.0000 5.0000 5.0000 5.0000 0.0000 5.0000 4.0000 1.0000 0.0476 0.2501 1.0005 0.0349 0.0588 b 0.2200 1.2505 1.0382 1.0299 0.2901 0.2115 0.2925 0.2063 0.0000 0.0000 0.0000 0.0000 0.0000 
main 10.0000 5.0000 58.0000 9.0000 1.0000 9.0000 8.0000 0.0000 0.0000 0.2500 2.0000 0.0000 0.0000 b 0.1360 2.2500 1.0702 1.0618 0.2500 0.2500 0.2500 0.2500 0.2500 0.2500 0.2500 0.2500 0.0000 
main 10.0000 5.0000 40.0000 10.0000 2.0000 10.0000 9.0000 0.0000 0.0000 0.2500 2.2500 0.0000 0.0000 b 0.1100 2.5000 1.4929 1.4846 0.2500 0.2500 0.2500 0.2500 0.2500 0.2500 0.2500 0.2500 0.2500 
main 10.0000 5.0000 8.0000 6.0000 0.0000 6.0000 5.0000 1.0000 0.0535 0.2492 1.2460 0.0349 0.0588 b 0.2070 1.4960 1.0331 1.0248 0.2710 0.1843 0.3128 0.2743 0.2035 0.0000 0.0000 0.0000 0.0000 
main 10.0000 5.0000 36.0000 8.0000 1.0000 8.0000 7.0000 2.0000 0.0909 0.2499 1.7494 0.0906 0.1145 b 0.2470 1.9994 1.2590 1.2507 0.3225 0.3780 0.1765 0.2087 0.1800 0.3306 0.1529 0.0000 0.0000 
main 10.0000 5.0000 62.0000 10.0000 2.0000 10.0000 9.0000 1.0000 0.0570 0.2501 2.2512 0.0349 0.0588 b 0.1310 2.5012 1.1953 1.1870 0.2547 0.3283 0.3005 0.1623 0.2723 0.1714 0.2356 0.2974 0.2286 
main 10.0000 5.0000 38.0000 9.0000 1.0000 9.0000 8.0000 1.0000 0.0472 0.2503 2.0022 0.0349 0.0588 b 0.2060 2.2522 1.2218 1.2134 0.2978 0.2159 0.2592 0.2306 0.3049 0.1846 0.3012 0.2081 0.0000 
main 10.0000 5.0000 22.0000 4.0000 0.0000 4.0000 3.0000 0.0000 0.0000 0.2500 0.7500 0.0000 0.0000 b 0.2800 1.0000 1.4142 1.4059 0.2500 0.2500 0.2500 0.0000 0.0000 0.0000 0.0000 0.0000 0.0000 
main 10.0000 5.0000 35.0000 8.0000 1.0000 8.0000 7.0000 1.0000 0.0558 0.2499 1.7493 0.0349 0.0588 b 0.1600 1.9993 1.2167 1.2083 0.1977 0.2495 0.3277 0.2228 0.2792 0.1732 0.2991 0.0000 0.0000 
main 10.0000 5.0000 55.0000 8.0000 1.0000 8.0000 7.0000 0.0000 0.0000 0.2500 1.7500 0.0000 0.0000 b 0.1620 2.0000 1.2439 1.2355 0.2500 0.2500 0.2500 0.2500 0.2500 0.2500 0.2500 0.0000 0.0000 
main 10.0000 5.0000 23.0000 4.0000 0.0000 4.0000 3.0000 1.0000 0.0541 0.2507 0.7520 0.0349 0.0588 b 0.2280 1.0020 1.1824 1.1740 0.3096 0.2393 0.2031 0.0000 0.0000 0.0000 0.0000 0.0000 0.0000 
main 10.0000 5.0000 30.0000 6.0000 0.0000 6.0000 5.0000 2.0000 0.1021 0.2502 1.2512 0.0906 0.1145 b 0.1410 1.5012 1.1263 1.1180 0.3632 0.2002 0.1589 0.3585 0.1705 0.0000 0.0000 0.0000 0.0000 
main 10.0000 5.0000 9.0000 6.0000 0.0000 6.0000 5.0000 2.0000 0.0934 0.2510 1.2549 0.0906 0.1145 b 0.1510 1.5049 1.3358 1.3275 0.1546 0.1847 0.3379 0.2153 0.3624 0.0000 0.0000 0.0000 0.0000 
main 10.0000 5.0000 61.0000 10.0000 2.0000 10.0000 9.0000 0.0000 0.0000 0.2500 2.2500 0.0000 0.0000 b 0.1700 2.5000 1.3517 1.3434 0.2500 0.2500 0.2500 0.2500 0.2500 0.2500 0.2500 0.2500 0.2500 
main 10.0000 5.0000 42.0000 10.0000 2.0000 10.0000 9.0000 2.0000 0.1025 0.2497 2.2472 0.0906 0.1145 b 0.1830 2.4972 1.4000 1.3916 0.1522 0.1856 0.3246 0.3840 0.1593 0.3943 0.1852 0.3113 0.1507 
main 10.0000 5.0000 16.0000 9.0000 1.0000 9.0000 8.0000 0.0000 0.0000 0.2500 2.0000 0.0000 0.0000 b 0.2810 2.2500 1.1428 1.1344 0.2500 0.2500 0.2500 0.2500 0.2500 0.2500 0.2500 0.2500 0.0000 
main 10.0000 5.0000 2.0000 4.0000 0.0000 4.0000 3.0000 1.0000 0.0371 0.2515 0.7545 0.0349 0.0588 b 0.3130 1.0045 1.1981 1.1898 0.2469 0.2169 0.2907 0.0000 0.0000 0.0000 0.0000 0.0000 0.0000 
main 10.0000 5.0000 34.0000 8.0000 1.0000 8.0000 7.0000 0.0000 0.0000 0.2500 1.7500 0.0000 0.0000 b 0.1630 2.0000 1.0923 1.0839 0.2500 0.2500 0.2500 0.2500 0.2500 0.2500 0.2500 0.0000 0.0000 
main 10.0000 5.0000 53.0000 7.0000 1.0000 7.0000 6.0000 1.0000 0.0582 0.2492 1.4951 0.0349 0.0588 b 0.2270 1.7451 1.3701 1.3617 0.2701 0.1851 0.3309 0.2576 0.1782 0.2733 0.0000 0.0000 0.0000 
main 10.0000 5.0000 27.0000 5.0000 0.0000 5.0000 4.0000 2.0000 0.0961 0.2509 1.0038 0.0906 0.1145 b 0.2490 1.2538 1.2738 1.2655 0.1736 0.2258 0.3912 0.2132 0.0000 0.0000 0.0000 0.0000 0.0000 
main 10.0000 5.0000 3.0000 4.0000 0.0000 4.0000 3.0000 2.0000 0.1068 0.2506 0.7519 0.0906 0.1145 b 0.2170 1.0019 1.4180 1.4097 0.2350 0.3644 0.1525 0.0000 0.0000 0.0000 0.0000 0.0000 0.0000 
main 10.0000 5.0000 43.0000 4.0000 0.0000 4.0000 3.0000 0.0000 0.0000 0.2500 0.7500 0.0000 0.0000 b 0.3290 1.0000 1.2960 1.2876 0.2500 0.2500 0.2500 0.0000 0.0000 0.0000 0.0000 0.0000 0.0000 
main 10.0000 6.0000 8.0000 6.0000 0.0000 6.0000 5.0000 1.0000 0.0560 0.2493 1.2463 0.0349 0.0588 b 0.1710 1.4963 1.3992 1.3909 0.3376 0.2621 0.2270 0.1879 0.2318 0.0000 0.0000 0.0000 0.0000 
main 10.0000 6.0000 57.0000 8.0000 1.0000 8.0000 7.0000 2.0000 0.0953 0.2499 1.7494 0.0906 0.1145 b 0.1530 1.9994 1.4172 1.4089 0.1573 0.3642 0.3312 0.1512 0.3466 0.2311 0.1677 0.0000 0.0000 
main 10.0000 6.0000 44.0000 4.0000 0.0000 4.0000 3.0000 1.0000 0.0463 0.2499 0.7496 0.0349 0.0588 b 0.3370 0.9996 1.2669 1.2585 0.2724 0.1966 0.2806 0.0000 0.0000 0.0000 0.0000 0.0000 0.0000 
main 10.0000 6.0000 6.0000 5.0000 0.0000 5.0000 4.0000 2.0000 0.1054 0.2491 0.9964 0.0906 0.1145 b 0.1790 1.2464 1.2155 1.2072 0.1559 0.1995 0.2429 0.3980 0.0000 0.0000 0.0000 0.0000 0.0000 
main 10.0000 6.0000 47.0000 5.0000 0.0000 5.0000 4.0000 1.0000 0.0430 0.2491 0.9964 0.0349 0.0588 b 0.2190 1.2464 1.0190 1.0107 0.2594 0.1897 0.2548 0.2924 0.0000 0.0000 0.0000 0.0000 0.0000 
main 10.0000 6.0000 45.0000 4.0000 0.0000 4.0000 3.0000 2.0000 0.0963 0.2507 0.7522 0.0906 0.1145 b 0.2080 1.0022 1.3289 1.3206 0.3568 0.1688 0.2266 0.0000 0.0000 0.0000 0.0000 0.0000 0.0000 
main 10.0000 6.0000 11.0000 7.0000 1.0000 7.0000 6.0000 1.0000 0.0488 0.2508 1.5047 0.0349 0.0588 b 0.1260 1.7547 1.2855 1.2772 0.2381 0.3068 0.1740 0.2971 0.2599 0.2287 0.0000 0.0000 0.0000 
main 10.0000 6.0000 39.0000 9.0000 1.0000 9.0000 8.0000 2.0000 0.0941 0.2505 2.0041 0.0906 0.1145 b 0.1570 2.2541 1.2525 1.2441 0.1916 0.3814 0.1744 0.3785 0.2394 0.1648 0.3124 0.1617 0.0000 
main 10.0000 6.0000 40.0000 10.0000 2.0000 10.0000 9.0000 0.0000 0.0000 0.2500 2.2500 0.0000 0.0000 b 0.1660 2.5000 1.1506 1.1423 0.2500 0.2500 0.2500 0.2500 0.2500 0.2500 0.2500 0.2500 0.2500 
main 10.0000 6.0000 9.0000 6.0000 0.0000 6.0000 5.0000 2.0000 0.1038 0.2495 1.2473 0.0906 0.1145 b 0.2620 1.4973 1.4242 1.4158 0.1576 0.2004 0.3140 0.3998 0.1756 0.0000 0.0000 0.0000 0.0000 
main 10.0000 6.0000 27.0000 5.0000 0.0000 5.0000 4.0000 2.0000 0.1039 0.2497 0.9987 0.0906 0.1145 b 0.2360 1.2487 1.1536 1.1453 0.2296 0.1614 0.3995 0.2082 0.0000 0.0000 0.0000 0.0000 0.0000 
main 10.0000 6.0000 55.0000 8.0000 1.0000 8.0000 7.0000 0.0000 0.0000 0.2500 1.7500 0.0000 0.0000 b 0.1600 2.0000 1.3218 1.3135 0.2500 0.2500 0.2500 0.2500 0.2500 0.2500 0.2500 0.0000 0.0000 
main 10.0000 6.0000 33.0000 7.0000 1.0000 7.0000 6.0000 2.0000 0.0986 0.2494 1.4962 0.0906 0.1145 b 0.1970 1.7462 1.2418 1.2334 0.1575 0.3188 0.2861 0.1824 0.1573 0.3942 0.0000 0.0000 0.0000 
main 10.0000 6.0000 53.0000 7.0000 1.0000 7.0000 6.0000 1.0000 0.0579 0.2507 1.5042 0.0349 0.0588 b 0.2510 1.7542 1.3447 1.3363 0.2770 0.2159 0.3015 0.2531 0.3035 0.1533 0.0000 0.0000 0.0000 
main 10.0000 6.0000 51.0000 6.0000 0.0000 6.0000 5.0000 2.0000 0.0999 0.2492 1.2458 0.0906 0.1145 b 0.2090 1.4958 1.0440 1.0356 0.3114 0.1815 0.1544 0.3927 0.2058 0.0000 0.0000 0.0000 0.0000 
main 10.0000 6.0000 30.0000 6.0000 0.0000 6.0000 5.0000 2.0000 0.0917 0.2495 1.2477 0.0906 0.1145 b 0.1700 1.4977 1.3568 1.3484 0.1530 0.2726 0.3111 0.3555 0.1556 0.0000 0.0000 0.0000 0.0000 
main 10.0000 6.0000 38.0000 9.0000 1.0000 9.0000 8.0000 1.0000 0.0550 0.2498 1.9988 0.0349 0.0588 b 0.1230 2.2488 1.0023 0.9940 0.1718 0.2272 0.3407 0.1981 0.2713 0.2269 0.2630 0.2999 0.0000 
main 10.0000 6.0000 20.0000 10.0000 2.0000 10.0000 9.0000 1.0000 0.0474 0.2499 2.2495 0.0349 0.0588 b 0.1310 2.4995 1.0198 1.0115 0.2027 0.1657 0.2617 0.3173 0.2365 0.2740 0.2396 0.3059 0.2462 
main 10.0000 6.0000 28.0000 6.0000 0.0000 6.0000 5.0000 0.0000 0.0000 0.2500 1.2500 0.0000 0.0000 b 0.2180 1.5000 1.2352 1.2269 0.2500 0.2500 0.2500 0.2500 0.2500 0.0000 0.0000 0.0000 0.0000 
main 10.0000 6.0000 26.0000 5.0000 0.0000 5.0000 4.0000 1.0000 0.0365 0.2498 0.9993 0.0349 0.0588 b 0.2190 1.2493 1.1448 1.1365 0.2401 0.2932 0.2599 0.2060 0.0000 0.0000 0.0000 0.0000 0.0000 
main 10.0000 6.0000 12.0000 7.0000 1.0000 7.0000 6.0000 2.0000 0.0944 0.2502 1.5010 0.0906 0.1145 b 0.1410 1.7510 1.0481 1.0398 0.3370 0.2061 0.1506 0.3761 0.2742 0.1569 0.0000 0.0000 0.0000 
main 10.0000 6.0000 41.0000 10.0000 2.0000 10.0000 9.0000 1.0000 0.0507 0.2497 2.2472 0.0349 0.0588 b 0.1730 2.4972 1.3564 1.3481 0.3214 0.2349 0.2887 0.1863 0.2266 0.1700 0.2495 0.2979 0.2719 
main 10.0000 6.0000 61.0000 10.0000 2.0000 10.0000 9.0000 0.0000 0.0000 0.2500 2.2500 0.0000 0.0000 b 0.1900 2.5000 1.1801 1.1718 0.2500 0.2500 0.2500 0.2500 0.2500 0.2500 0.2500 0.2500 0.2500 
main 10.0000 6.0000 3.0000 4.0000 0.0000 4.0000 3.0000 2.0000 0.0996 0.2508 0.7525 0.0906 0.1145 b 0.2150 1.0025 1.2031 1.1948 0.3542 0.1554 0.2428 0.0000 0.0000 0.0000 0.0000 0.0000 0.0000 
main 10.0000 6.0000 21.0000 10.0000 2.0000 10.0000 9.0000 2.0000 0.0962 0.2498 2.2478 0.0906 0.1145 b 0.1080 2.4978 1.2379 1.2295 0.2017 0.3919 0.1784 0.3972 0.3309 0.1878 0.2213 0.1851 0.1536 
main 10.0000 6.0000 4.0000 5.0000 0.0000 5.0000 4.0000 0.0000 0.0000 0.2500 1.0000 0.0000 0.0000 b 0.1920 1.2500 1.3709 1.3625 0.2500 0.2500 0.2500 0.2500 0.0000 0.0000 0.0000 0.0000 0.0000 
main 10.0000 6.0000 58.0000 9.0000 1.0000 9.0000 8.0000 0.0000 0.0000 0.2500 2.0000 0.0000 0.0000 b 0.1530 2.2500 1.0237 1.0154 0.2500 0.2500 0.2500 0.2500 0.2500 0.2500 0.2500 0.2500 0.0000 
main 10.0000 6.0000 37.0000 9.0000 1.0000 9.0000 8.0000 0.0000 0.0000 0.2500 2.0000 0.0000 0.0000 b 0.1480 2.2500 1.0006 0.9922 0.2500 0.2500 0.2500 0.2500 0.2500 0.2500 0.2500 0.2500 0.0000 
main 10.0000 6.0000 23.0000 4.0000 0.0000 4.0000 3.0000 1.0000 0.0556 0.2493 0.7478 0.0349 0.0588 b 0.3160 0.9978 1.3179 1.3095 0.3058 0.2474 0.1947 0.0000 0.0000 0.0000 0.0000 0.0000 0.0000 
main 10.0000 6.0000 22.0000 4.0000 0.0000 4.0000 3.0000 0.0000 0.0000 0.2500 0.7500 0.0000 0.0000 b 0.1950 1.0000 1.2435 1.2352 0.2500 0.2500 0.2500 0.0000 0.0000 0.0000 0.0000 0.0000 0.0000 
main 10.0000 6.0000 5.0000 5.0000 0.0000 5.0000 4.0000 1.0000 0.0520 0.2495 0.9980 0.0349 0.0588 b 0.1610 1.2480 1.0855 1.0772 0.2723 0.2466 0.1787 0.3004 0.0000 0.0000 0.0000 0.0000 0.0000 
main 10.0000 6.0000 15.0000 8.0000 1.0000 8.0000 7.0000 2.0000 0.0907 0.2504 1.7528 0.0906 0.1145 b 0.1590 2.0028 1.3246 1.3163 0.2228 0.1830 0.2546 0.3960 0.1937 0.1523 0.3504 0.0000 0.0000 
main 10.0000 6.0000 59.0000 9.0000 1.0000 9.0000 8.0000 1.0000 0.0552 0.2504 2.0029 0.0349 0.0588 b 0.1460 2.2529 1.4134 1.4051 0.1735 0.2249 0.2838 0.3431 0.2666 0.2080 0.2902 0.2128 0.0000 
main 10.0000 6.0000 48.0000 5.0000 0.0000 5.0000 4.0000 2.0000 0.0957 0.2493 0.9973 0.0906 0.1145 b 0.3680 1.2473 1.1795 1.1712 0.2443 0.3810 0.1539 0.2181 0.0000 0.0000 0.0000 0.0000 0.0000 
main 10.0000 6.0000 24.0000 4.0000 0.0000 4.0000 3.0000 2.0000 0.0912 0.2492 0.7475 0.0906 0.1145 b 0.1930 0.9975 1.0164 1.0080 0.2135 0.1812 0.3528 0.0000 0.0000 0.0000 0.0000 0.0000 0.0000 
main 10.0000 6.0000 46.0000 5.0000 0.0000 5.0000 4.0000 0.0000 0.0000 0.2500 1.0000 0.0000 0.0000 b 0.4620 1.2500 1.0802 1.0718 0.2500 0.2500 0.2500 0.2500 0.0000 0.0000 0.0000 0.0000 0.0000 
main 10.0000 6.0000 56.0000 8.0000 1.0000 8.0000 7.0000 1.0000 0.0490 0.2499 1.7495 0.0349 0.0588 b 0.1390 1.9995 1.4180 1.4096 0.3086 0.2311 0.2980 0.2260 0.2739 0.2464 0.1655 0.0000 0.0000 
main 10.0000 6.0000 7.0000 6.0000 0.0000 6.0000 5.0000 0.0000 0.0000 0.2500 1.2500 0.0000 0.0000 b 0.1670 1.5000 1.3249 1.3165 0.2500 0.2500 0.2500 0.2500 0.2500 0.0000 0.0000 0.0000 0.0000 
main 10.0000 6.0000 31.0000 7.0000 1.0000 7.0000 6.0000 0.0000 0.0000 0.2500 1.5000 0.0000 0.0000 b 0.1770 1.7500 1.3134 1.3051 0.2500 0.2500 0.2500 0.2500 0.2500 0.2500 0.0000 0.0000 0.0000 
main 10.0000 6.0000 13.0000 8.0000 1.0000 8.0000 7.0000 0.0000 0.0000 0.2500 1.7500 0.0000 0.0000 b 0.1550 2.0000 1.1933 1.1850 0.2500 0.2500 0.2500 0.2500 0.2500 0.2500 0.2500 0.0000 0.0000 
main 10.0000 6.0000 1.0000 4.0000 0.0000 4.0000 3.0000 0.0000 0.0000 0.2500 0.7500 0.0000 0.0000 b 0.2640 1.0000 1.0407 1.0323 0.2500 0.2500 0.2500 0.0000 0.0000 0.0000 0.0000 0.0000 0.0000 
main 10.0000 6.0000 36.0000 8.0000 1.0000 8.0000 7.0000 2.0000 0.0922 0.2501 1.7505 0.0906 0.1145 b 0.1910 2.0005 1.2046 1.1962 0.2389 0.2663 0.1520 0.3699 0.1797 0.3737 0.1700 0.0000 0.0000 
main 10.0000 6.0000 63.0000 10.0000 2.0000 10.0000 9.0000 2.0000 0.0984 0.2496 2.2460 0.0906 0.1145 b 0.3480 2.4960 1.1758 1.1675 0.1530 0.2169 0.3356 0.1888 0.1568 0.3944 0.1890 0.2152 0.3962 
main 10.0000 6.0000 60.0000 9.0000 1.0000 9.0000 8.0000 2.0000 0.0914 0.2499 1.9991 0.0906 0.1145 b 0.1550 2.2491 1.0600 1.0517 0.3977 0.2041 0.1720 0.2147 0.3455 0.1899 0.1533 0.3219 0.0000 
main 10.0000 6.0000 14.0000 8.0000 1.0000 8.0000 7.0000 1.0000 0.0564 0.2505 1.7533 0.0349 0.0588 b 0.1340 2.0033 1.2235 1.2152 0.1861 0.2578 0.3100 0.1970 0.3343 0.2551 0.2129 0.0000 0.0000 
main 10.0000 6.0000 62.0000 10.0000 2.0000 10.0000 9.0000 1.0000 0.0437 0.2503 2.2529 0.0349 0.0588 NA E 2.5029 1.1878 1.1794 0.3160 0.2728 0.2998 0.2140 0.2488 0.1954 0.2406 0.2713 0.1944 
main 10.0000 6.0000 18.0000 9.0000 1.0000 9.0000 8.0000 2.0000 0.0923 0.2495 1.9963 0.0906 0.1145 b 0.1430 2.2463 1.2746 1.2662 0.3983 0.2064 0.1618 0.1936 0.3744 0.2604 0.1542 0.2473 0.0000 
main 10.0000 6.0000 35.0000 8.0000 1.0000 8.0000 7.0000 1.0000 0.0486 0.2496 1.7470 0.0349 0.0588 b 0.1520 1.9970 1.1258 1.1174 0.2055 0.2313 0.2748 0.3118 0.2614 0.1739 0.2885 0.0000 0.0000 
main 10.0000 6.0000 25.0000 5.0000 0.0000 5.0000 4.0000 0.0000 0.0000 0.2500 1.0000 0.0000 0.0000 b 0.2750 1.2500 1.0247 1.0163 0.2500 0.2500 0.2500 0.2500 0.0000 0.0000 0.0000 0.0000 0.0000 
main 10.0000 6.0000 54.0000 7.0000 1.0000 7.0000 6.0000 2.0000 0.0996 0.2498 1.4989 0.0906 0.1145 b 0.3400 1.7489 1.2707 1.2624 0.3702 0.1625 0.2895 0.1714 0.3521 0.1532 0.0000 0.0000 0.0000 
main 10.0000 6.0000 42.0000 10.0000 2.0000 10.0000 9.0000 2.0000 0.0940 0.2500 2.2504 0.0906 0.1145 b 0.1710 2.5004 1.2365 1.2281 0.3866 0.1680 0.2980 0.1515 0.2058 0.1631 0.2020 0.3925 0.2830 
main 10.0000 6.0000 52.0000 7.0000 1.0000 7.0000 6.0000 0.0000 0.0000 0.2500 1.5000 0.0000 0.0000 b 0.2180 1.7500 1.3467 1.3384 0.2500 0.2500 0.2500 0.2500 0.2500 0.2500 0.0000 0.0000 0.0000 
main 10.0000 6.0000 17.0000 9.0000 1.0000 9.0000 8.0000 1.0000 0.0489 0.2499 1.9989 0.0349 0.0588 b 0.1820 2.2489 1.4905 1.4821 0.1828 0.2649 0.1925 0.2652 0.2387 0.2839 0.2371 0.3338 0.0000 
main 10.0000 6.0000 50.0000 6.0000 0.0000 6.0000 5.0000 1.0000 0.0560 0.2500 1.2499 0.0349 0.0588 b 0.2350 1.4999 1.0511 1.0428 0.2606 0.2189 0.3402 0.1941 0.2361 0.0000 0.0000 0.0000 0.0000 
main 10.0000 6.0000 49.0000 6.0000 0.0000 6.0000 5.0000 0.0000 0.0000 0.2500 1.2500 0.0000 0.0000 b 0.1910 1.5000 1.4159 1.4075 0.2500 0.2500 0.2500 0.2500 0.2500 0.0000 0.0000 0.0000 0.0000 
main 10.0000 6.0000 19.0000 10.0000 2.0000 10.0000 9.0000 0.0000 0.0000 0.2500 2.2500 0.0000 0.0000 b 0.1450 2.5000 1.2718 1.2634 0.2500 0.2500 0.2500 0.2500 0.2500 0.2500 0.2500 0.2500 0.2500 
main 10.0000 6.0000 10.0000 7.0000 1.0000 7.0000 6.0000 0.0000 0.0000 0.2500 1.5000 0.0000 0.0000 b 0.2070 1.7500 1.4055 1.3972 0.2500 0.2500 0.2500 0.2500 0.2500 0.2500 0.0000 0.0000 0.0000 
main 10.0000 6.0000 34.0000 8.0000 1.0000 8.0000 7.0000 0.0000 0.0000 0.2500 1.7500 0.0000 0.0000 b 0.1370 2.0000 1.2243 1.2160 0.2500 0.2500 0.2500 0.2500 0.2500 0.2500 0.2500 0.0000 0.0000 
main 10.0000 6.0000 16.0000 9.0000 1.0000 9.0000 8.0000 0.0000 0.0000 0.2500 2.0000 0.0000 0.0000 b 0.1430 2.2500 1.1454 1.1371 0.2500 0.2500 0.2500 0.2500 0.2500 0.2500 0.2500 0.2500 0.0000 
main 10.0000 6.0000 43.0000 4.0000 0.0000 4.0000 3.0000 0.0000 0.0000 0.2500 0.7500 0.0000 0.0000 b 0.3330 1.0000 1.0029 0.9945 0.2500 0.2500 0.2500 0.0000 0.0000 0.0000 0.0000 0.0000 0.0000 
main 10.0000 6.0000 32.0000 7.0000 1.0000 7.0000 6.0000 1.0000 0.0571 0.2494 1.4962 0.0349 0.0588 b 0.1960 1.7462 1.0324 1.0241 0.1886 0.3175 0.2448 0.3186 0.2306 0.1962 0.0000 0.0000 0.0000 
main 10.0000 6.0000 29.0000 6.0000 0.0000 6.0000 5.0000 1.0000 0.0531 0.2502 1.2512 0.0349 0.0588 b 0.1820 1.5012 1.0890 1.0807 0.3083 0.1963 0.3026 0.2399 0.2041 0.0000 0.0000 0.0000 0.0000 
main 10.0000 6.0000 2.0000 4.0000 0.0000 4.0000 3.0000 1.0000 0.0545 0.2485 0.7454 0.0349 0.0588 b 0.1750 0.9954 1.1486 1.1403 0.3094 0.2042 0.2318 0.0000 0.0000 0.0000 0.0000 0.0000 0.0000 
main 10.0000 7.0000 20.0000 10.0000 2.0000 10.0000 9.0000 1.0000 0.0553 0.2495 2.2454 0.0349 0.0588 b 0.1290 2.4954 1.4238 1.4155 0.2108 0.3489 0.2133 0.1817 0.2660 0.3081 0.2193 0.2847 0.2127 
main 10.0000 7.0000 10.0000 7.0000 1.0000 7.0000 6.0000 0.0000 0.0000 0.2500 1.5000 0.0000 0.0000 b 0.1650 1.7500 1.4255 1.4171 0.2500 0.2500 0.2500 0.2500 0.2500 0.2500 0.0000 0.0000 0.0000 
main 10.0000 7.0000 19.0000 10.0000 2.0000 10.0000 9.0000 0.0000 0.0000 0.2500 2.2500 0.0000 0.0000 b 0.1530 2.5000 1.1201 1.1117 0.2500 0.2500 0.2500 0.2500 0.2500 0.2500 0.2500 0.2500 0.2500 
main 10.0000 7.0000 24.0000 4.0000 0.0000 4.0000 3.0000 2.0000 0.1074 0.2495 0.7484 0.0906 0.1145 b 0.2060 0.9984 1.2363 1.2280 0.2331 0.3642 0.1512 0.0000 0.0000 0.0000 0.0000 0.0000 0.0000 
main 10.0000 7.0000 2.0000 4.0000 0.0000 4.0000 3.0000 1.0000 0.0520 0.2485 0.7456 0.0349 0.0588 b 0.2040 0.9956 1.3512 1.3428 0.2051 0.3062 0.2343 0.0000 0.0000 0.0000 0.0000 0.0000 0.0000 
main 10.0000 7.0000 57.0000 8.0000 1.0000 8.0000 7.0000 2.0000 0.1059 0.2505 1.7538 0.0906 0.1145 b 0.1930 2.0038 1.4898 1.4815 0.3974 0.1701 0.3839 0.1535 0.1926 0.1660 0.2902 0.0000 0.0000 
main 10.0000 7.0000 34.0000 8.0000 1.0000 8.0000 7.0000 0.0000 0.0000 0.2500 1.7500 0.0000 0.0000 b 0.1680 2.0000 1.1431 1.1347 0.2500 0.2500 0.2500 0.2500 0.2500 0.2500 0.2500 0.0000 0.0000 
main 10.0000 7.0000 22.0000 4.0000 0.0000 4.0000 3.0000 0.0000 0.0000 0.2500 0.7500 0.0000 0.0000 b 0.2540 1.0000 1.1671 1.1587 0.2500 0.2500 0.2500 0.0000 0.0000 0.0000 0.0000 0.0000 0.0000 
main 10.0000 7.0000 1.0000 4.0000 0.0000 4.0000 3.0000 0.0000 0.0000 0.2500 0.7500 0.0000 0.0000 b 0.2050 1.0000 1.0563 1.0480 0.2500 0.2500 0.2500 0.0000 0.0000 0.0000 0.0000 0.0000 0.0000 
main 10.0000 7.0000 59.0000 9.0000 1.0000 9.0000 8.0000 1.0000 0.0574 0.2505 2.0037 0.0349 0.0588 b 0.1800 2.2537 1.0344 1.0260 0.2396 0.1939 0.3045 0.2061 0.1715 0.3322 0.2627 0.2931 0.0000 
main 10.0000 7.0000 5.0000 5.0000 0.0000 5.0000 4.0000 1.0000 0.0506 0.2497 0.9990 0.0349 0.0588 b 0.2540 1.2490 1.0134 1.0051 0.1801 0.2783 0.2460 0.2946 0.0000 0.0000 0.0000 0.0000 0.0000 
main 10.0000 7.0000 51.0000 6.0000 0.0000 6.0000 5.0000 2.0000 0.0922 0.2509 1.2547 0.0906 0.1145 b 0.2080 1.5047 1.2768 1.2685 0.2468 0.3876 0.1750 0.2857 0.1596 0.0000 0.0000 0.0000 0.0000 
main 10.0000 7.0000 61.0000 10.0000 2.0000 10.0000 9.0000 0.0000 0.0000 0.2500 2.2500 0.0000 0.0000 b 0.1530 2.5000 1.4395 1.4311 0.2500 0.2500 0.2500 0.2500 0.2500 0.2500 0.2500 0.2500 0.2500 
main 10.0000 7.0000 30.0000 6.0000 0.0000 6.0000 5.0000 2.0000 0.0922 0.2502 1.2509 0.0906 0.1145 b 0.3090 1.5009 1.0820 1.0737 0.2742 0.2382 0.3937 0.1898 0.1551 0.0000 0.0000 0.0000 0.0000 
main 10.0000 7.0000 14.0000 8.0000 1.0000 8.0000 7.0000 1.0000 0.0545 0.2505 1.7538 0.0349 0.0588 b 0.2360 2.0038 1.1473 1.1390 0.1529 0.2530 0.3017 0.2558 0.2174 0.2554 0.3177 0.0000 0.0000 
main 10.0000 7.0000 28.0000 6.0000 0.0000 6.0000 5.0000 0.0000 0.0000 0.2500 1.2500 0.0000 0.0000 b 0.1760 1.5000 1.0500 1.0416 0.2500 0.2500 0.2500 0.2500 0.2500 0.0000 0.0000 0.0000 0.0000 
main 10.0000 7.0000 29.0000 6.0000 0.0000 6.0000 5.0000 1.0000 0.0569 0.2497 1.2486 0.0349 0.0588 b 0.2320 1.4986 1.3550 1.3466 0.2929 0.2517 0.1569 0.2479 0.2992 0.0000 0.0000 0.0000 0.0000 
main 10.0000 7.0000 8.0000 6.0000 0.0000 6.0000 5.0000 1.0000 0.0423 0.2505 1.2523 0.0349 0.0588 b 0.1640 1.5023 1.2329 1.2245 0.2261 0.2932 0.2059 0.2984 0.2287 0.0000 0.0000 0.0000 0.0000 
main 10.0000 7.0000 7.0000 6.0000 0.0000 6.0000 5.0000 0.0000 0.0000 0.2500 1.2500 0.0000 0.0000 b 0.1410 1.5000 1.1623 1.1540 0.2500 0.2500 0.2500 0.2500 0.2500 0.0000 0.0000 0.0000 0.0000 
main 10.0000 7.0000 38.0000 9.0000 1.0000 9.0000 8.0000 1.0000 0.0570 0.2505 2.0043 0.0349 0.0588 b 0.1420 2.2543 1.0194 1.0111 0.2789 0.1502 0.2211 0.2974 0.2351 0.3359 0.2667 0.2191 0.0000 
main 10.0000 7.0000 53.0000 7.0000 1.0000 7.0000 6.0000 1.0000 0.0565 0.2493 1.4959 0.0349 0.0588 b 0.1670 1.7459 1.3637 1.3553 0.1962 0.2275 0.2680 0.1860 0.2853 0.3329 0.0000 0.0000 0.0000 
main 10.0000 7.0000 43.0000 4.0000 0.0000 4.0000 3.0000 0.0000 0.0000 0.2500 0.7500 0.0000 0.0000 b 0.2110 1.0000 1.4316 1.4233 0.2500 0.2500 0.2500 0.0000 0.0000 0.0000 0.0000 0.0000 0.0000 
main 10.0000 7.0000 35.0000 8.0000 1.0000 8.0000 7.0000 1.0000 0.0585 0.2496 1.7469 0.0349 0.0588 b 0.1560 1.9969 1.1930 1.1846 0.2438 0.3097 0.1508 0.2345 0.2766 0.3188 0.2126 0.0000 0.0000 
main 10.0000 7.0000 12.0000 7.0000 1.0000 7.0000 6.0000 2.0000 0.0935 0.2508 1.5047 0.0906 0.1145 b 0.1630 1.7547 1.0226 1.0142 0.2322 0.3714 0.2194 0.1678 0.3592 0.1546 0.0000 0.0000 0.0000 
main 10.0000 7.0000 9.0000 6.0000 0.0000 6.0000 5.0000 2.0000 0.1040 0.2504 1.2521 0.0906 0.1145 b 0.1420 1.5021 1.3069 1.2986 0.2256 0.1536 0.3728 0.1543 0.3458 0.0000 0.0000 0.0000 0.0000 
main 10.0000 7.0000 40.0000 10.0000 2.0000 10.0000 9.0000 0.0000 0.0000 0.2500 2.2500 0.0000 0.0000 b 0.1540 2.5000 1.3138 1.3055 0.2500 0.2500 0.2500 0.2500 0.2500 0.2500 0.2500 0.2500 0.2500 
main 10.0000 7.0000 41.0000 10.0000 2.0000 10.0000 9.0000 1.0000 0.0581 0.2505 2.2547 0.0349 0.0588 b 0.1240 2.5047 1.3581 1.3498 0.2349 0.2051 0.2781 0.2191 0.3541 0.2712 0.1911 0.3149 0.1861 
main 10.0000 7.0000 23.0000 4.0000 0.0000 4.0000 3.0000 1.0000 0.0370 0.2491 0.7474 0.0349 0.0588 b 0.2910 0.9974 1.3256 1.3172 0.2735 0.2066 0.2673 0.0000 0.0000 0.0000 0.0000 0.0000 0.0000 
main 10.0000 7.0000 6.0000 5.0000 0.0000 5.0000 4.0000 2.0000 0.0958 0.2505 1.0021 0.0906 0.1145 b 0.1950 1.2521 1.1313 1.1229 0.1528 0.2859 0.3678 0.1956 0.0000 0.0000 0.0000 0.0000 0.0000 
main 10.0000 7.0000 37.0000 9.0000 1.0000 9.0000 8.0000 0.0000 0.0000 0.2500 2.0000 0.0000 0.0000 b 0.1380 2.2500 1.4314 1.4231 0.2500 0.2500 0.2500 0.2500 0.2500 0.2500 0.2500 0.2500 0.0000 
main 10.0000 7.0000 52.0000 7.0000 1.0000 7.0000 6.0000 0.0000 0.0000 0.2500 1.5000 0.0000 0.0000 b 0.1390 1.7500 1.1063 1.0979 0.2500 0.2500 0.2500 0.2500 0.2500 0.2500 0.0000 0.0000 0.0000 
main 10.0000 7.0000 45.0000 4.0000 0.0000 4.0000 3.0000 2.0000 0.1139 0.2515 0.7546 0.0906 0.1145 b 0.2920 1.0046 1.1296 1.1213 0.2015 0.1712 0.3819 0.0000 0.0000 0.0000 0.0000 0.0000 0.0000 
main 10.0000 7.0000 36.0000 8.0000 1.0000 8.0000 7.0000 2.0000 0.0944 0.2494 1.7460 0.0906 0.1145 b 0.2040 1.9960 1.1017 1.0933 0.3609 0.3059 0.2049 0.1516 0.1964 0.1557 0.3707 0.0000 0.0000 
main 10.0000 7.0000 54.0000 7.0000 1.0000 7.0000 6.0000 2.0000 0.1086 0.2508 1.5049 0.0906 0.1145 b 0.1950 1.7549 1.1101 1.1018 0.1817 0.2100 0.1566 0.3792 0.1785 0.3989 0.0000 0.0000 0.0000 
main 10.0000 7.0000 42.0000 10.0000 2.0000 10.0000 9.0000 2.0000 0.0937 0.2498 2.2481 0.0906 0.1145 b 0.1530 2.4981 1.0047 0.9963 0.1666 0.3550 0.2479 0.1619 0.1888 0.1535 0.2276 0.3580 0.3889 
main 10.0000 7.0000 47.0000 5.0000 0.0000 5.0000 4.0000 1.0000 0.0423 0.2500 1.0000 0.0349 0.0588 b 0.3070 1.2500 1.0639 1.0556 0.2569 0.3013 0.1986 0.2433 0.0000 0.0000 0.0000 0.0000 0.0000 
main 10.0000 7.0000 21.0000 10.0000 2.0000 10.0000 9.0000 2.0000 0.0946 0.2498 2.2480 0.0906 0.1145 b 0.1650 2.4980 1.3979 1.3896 0.3538 0.1841 0.3936 0.1783 0.1530 0.1997 0.3248 0.1516 0.3092 
main 10.0000 7.0000 26.0000 5.0000 0.0000 5.0000 4.0000 1.0000 0.0554 0.2502 1.0009 0.0349 0.0588 b 0.1830 1.2509 1.4118 1.4035 0.1943 0.2419 0.3269 0.2379 0.0000 0.0000 0.0000 0.0000 0.0000 
main 10.0000 7.0000 3.0000 4.0000 0.0000 4.0000 3.0000 2.0000 0.1046 0.2491 0.7474 0.0906 0.1145 b 0.2110 0.9974 1.4155 1.4072 0.3690 0.2025 0.1759 0.0000 0.0000 0.0000 0.0000 0.0000 0.0000 
main 10.0000 7.0000 50.0000 6.0000 0.0000 6.0000 5.0000 1.0000 0.0532 0.2491 1.2454 0.0349 0.0588 b 0.2150 1.4954 1.4695 1.4612 0.2011 0.2484 0.3180 0.1937 0.2841 0.0000 0.0000 0.0000 0.0000 
main 10.0000 7.0000 32.0000 7.0000 1.0000 7.0000 6.0000 1.0000 0.0585 0.2504 1.5021 0.0349 0.0588 NA E 1.7521 1.1919 1.1836 0.1666 0.2002 0.2799 0.3280 0.2764 0.2510 0.0000 0.0000 0.0000 
main 10.0000 7.0000 33.0000 7.0000 1.0000 7.0000 6.0000 2.0000 0.0933 0.2497 1.4983 0.0906 0.1145 b 0.1510 1.7483 1.3873 1.3790 0.3183 0.1668 0.2638 0.3915 0.1501 0.2079 0.0000 0.0000 0.0000 
main 10.0000 7.0000 39.0000 9.0000 1.0000 9.0000 8.0000 2.0000 0.1001 0.2505 2.0036 0.0906 0.1145 b 0.1580 2.2536 1.2567 1.2483 0.3955 0.1932 0.3011 0.3943 0.1966 0.1521 0.2127 0.1581 0.0000 
main 10.0000 7.0000 25.0000 5.0000 0.0000 5.0000 4.0000 0.0000 0.0000 0.2500 1.0000 0.0000 0.0000 b 0.2470 1.2500 1.1802 1.1719 0.2500 0.2500 0.2500 0.2500 0.0000 0.0000 0.0000 0.0000 0.0000 
main 10.0000 7.0000 48.0000 5.0000 0.0000 5.0000 4.0000 2.0000 0.0940 0.2495 0.9982 0.0906 0.1145 b 0.1810 1.2482 1.2331 1.2248 0.1781 0.3668 0.1693 0.2840 0.0000 0.0000 0.0000 0.0000 0.0000 
main 10.0000 7.0000 16.0000 9.0000 1.0000 9.0000 8.0000 0.0000 0.0000 0.2500 2.0000 0.0000 0.0000 b 0.1400 2.2500 1.0713 1.0629 0.2500 0.2500 0.2500 0.2500 0.2500 0.2500 0.2500 0.2500 0.0000 
main 10.0000 7.0000 31.0000 7.0000 1.0000 7.0000 6.0000 0.0000 0.0000 0.2500 1.5000 0.0000 0.0000 b 0.1860 1.7500 1.2173 1.2090 0.2500 0.2500 0.2500 0.2500 0.2500 0.2500 0.0000 0.0000 0.0000 
main 10.0000 7.0000 46.0000 5.0000 0.0000 5.0000 4.0000 0.0000 0.0000 0.2500 1.0000 0.0000 0.0000 b 0.2360 1.2500 1.1738 1.1654 0.2500 0.2500 0.2500 0.2500 0.0000 0.0000 0.0000 0.0000 0.0000 
main 10.0000 7.0000 49.0000 6.0000 0.0000 6.0000 5.0000 0.0000 0.0000 0.2500 1.2500 0.0000 0.0000 b 0.1560 1.5000 1.1268 1.1185 0.2500 0.2500 0.2500 0.2500 0.2500 0.0000 0.0000 0.0000 0.0000 
main 10.0000 7.0000 17.0000 9.0000 1.0000 9.0000 8.0000 1.0000 0.0568 0.2496 1.9965 0.0349 0.0588 b 0.1710 2.2465 1.0938 1.0854 0.3119 0.1785 0.3159 0.2425 0.1696 0.2283 0.2979 0.2519 0.0000 
main 10.0000 7.0000 13.0000 8.0000 1.0000 8.0000 7.0000 0.0000 0.0000 0.2500 1.7500 0.0000 0.0000 b 0.1300 2.0000 1.1148 1.1065 0.2500 0.2500 0.2500 0.2500 0.2500 0.2500 0.2500 0.0000 0.0000 
main 10.0000 7.0000 55.0000 8.0000 1.0000 8.0000 7.0000 0.0000 0.0000 0.2500 1.7500 0.0000 0.0000 b 0.1660 2.0000 1.3941 1.3857 0.2500 0.2500 0.2500 0.2500 0.2500 0.2500 0.2500 0.0000 0.0000 
main 10.0000 7.0000 60.0000 9.0000 1.0000 9.0000 8.0000 2.0000 0.0957 0.2505 2.0043 0.0906 0.1145 b 0.1610 2.2543 1.3968 1.3884 0.1568 0.3442 0.1612 0.2462 0.1658 0.3548 0.3820 0.1932 0.0000 
main 10.0000 7.0000 27.0000 5.0000 0.0000 5.0000 4.0000 2.0000 0.1031 0.2488 0.9952 0.0906 0.1145 b 0.2480 1.2452 1.4899 1.4816 0.2166 0.1536 0.3952 0.2298 0.0000 0.0000 0.0000 0.0000 0.0000 
main 10.0000 7.0000 11.0000 7.0000 1.0000 7.0000 6.0000 1.0000 0.0553 0.2498 1.4987 0.0349 0.0588 b 0.1750 1.7487 1.4738 1.4655 0.1661 0.3219 0.2767 0.2137 0.2397 0.2807 0.0000 0.0000 0.0000 
main 10.0000 7.0000 62.0000 10.0000 2.0000 10.0000 9.0000 1.0000 0.0550 0.2498 2.2485 0.0349 0.0588 b 0.1580 2.4985 1.4301 1.4218 0.3078 0.2611 0.2331 0.3513 0.2103 0.2472 0.2130 0.2593 0.1656 
main 10.0000 7.0000 4.0000 5.0000 0.0000 5.0000 4.0000 0.0000 0.0000 0.2500 1.0000 0.0000 0.0000 b 0.3590 1.2500 1.0883 1.0800 0.2500 0.2500 0.2500 0.2500 0.0000 0.0000 0.0000 0.0000 0.0000 
main 10.0000 7.0000 18.0000 9.0000 1.0000 9.0000 8.0000 2.0000 0.0979 0.2499 1.9992 0.0906 0.1145 b 0.1310 2.2492 1.3359 1.3276 0.3975 0.1552 0.1973 0.2240 0.1741 0.4000 0.2674 0.1837 0.0000 
main 10.0000 7.0000 15.0000 8.0000 1.0000 8.0000 7.0000 2.0000 0.0962 0.2497 1.7481 0.0906 0.1145 b 0.1580 1.9981 1.1845 1.1762 0.1661 0.2062 0.3412 0.1617 0.3948 0.3069 0.1711 0.0000 0.0000 
main 10.0000 7.0000 63.0000 10.0000 2.0000 10.0000 9.0000 2.0000 0.0911 0.2499 2.2491 0.0906 0.1145 b 0.1750 2.4991 1.2620 1.2537 0.1772 0.2886 0.3752 0.2713 0.1889 0.2486 0.1511 0.3943 0.1540 
main 10.0000 7.0000 58.0000 9.0000 1.0000 9.0000 8.0000 0.0000 0.0000 0.2500 2.0000 0.0000 0.0000 b 0.1390 2.2500 1.1492 1.1409 0.2500 0.2500 0.2500 0.2500 0.2500 0.2500 0.2500 0.2500 0.0000 
main 10.0000 7.0000 44.0000 4.0000 0.0000 4.0000 3.0000 1.0000 0.0536 0.2516 0.7548 0.0349 0.0588 b 0.2640 1.0048 1.1951 1.1867 0.2893 0.1902 0.2753 0.0000 0.0000 0.0000 0.0000 0.0000 0.0000 
main 10.0000 7.0000 56.0000 8.0000 1.0000 8.0000 7.0000 1.0000 0.0464 0.2497 1.7479 0.0349 0.0588 b 0.1810 1.9979 1.0237 1.0154 0.2552 0.2150 0.3233 0.2748 0.2163 0.1878 0.2756 0.0000 0.0000 
main 10.0000 8.0000 38.0000 9.0000 1.0000 9.0000 8.0000 1.0000 0.0527 0.2494 1.9953 0.0349 0.0588 b 0.1410 2.2453 1.4403 1.4320 0.1987 0.2590 0.3097 0.2573 0.3246 0.2621 0.2109 0.1732 0.0000 
main 10.0000 8.0000 54.0000 7.0000 1.0000 7.0000 6.0000 2.0000 0.1001 0.2494 1.4962 0.0906 0.1145 b 0.1380 1.7462 1.4366 1.4283 0.1765 0.3662 0.1523 0.2789 0.3626 0.1596 0.0000 0.0000 0.0000 
main 10.0000 8.0000 45.0000 4.0000 0.0000 4.0000 3.0000 2.0000 0.0970 0.2504 0.7511 0.0906 0.1145 b 0.1950 1.0011 1.3308 1.3225 0.1729 0.2191 0.3592 0.0000 0.0000 0.0000 0.0000 0.0000 0.0000 
main 10.0000 8.0000 2.0000 4.0000 0.0000 4.0000 3.0000 1.0000 0.0428 0.2511 0.7533 0.0349 0.0588 b 0.2670 1.0033 1.4669 1.4586 0.2500 0.2944 0.2088 0.0000 0.0000 0.0000 0.0000 0.0000 0.0000 
main 10.0000 8.0000 4.0000 5.0000 0.0000 5.0000 4.0000 0.0000 0.0000 0.2500 1.0000 0.0000 0.0000 b 0.1800 1.2500 1.1679 1.1595 0.2500 0.2500 0.2500 0.2500 0.0000 0.0000 0.0000 0.0000 0.0000 
main 10.0000 8.0000 50.0000 6.0000 0.0000 6.0000 5.0000 1.0000 0.0553 0.2494 1.2472 0.0349 0.0588 b 0.1240 1.4972 1.1831 1.1747 0.2357 0.3270 0.2639 0.1733 0.2472 0.0000 0.0000 0.0000 0.0000 
main 10.0000 8.0000 1.0000 4.0000 0.0000 4.0000 3.0000 0.0000 0.0000 0.2500 0.7500 0.0000 0.0000 b 0.2800 1.0000 1.3100 1.3017 0.2500 0.2500 0.2500 0.0000 0.0000 0.0000 0.0000 0.0000 0.0000 
main 10.0000 8.0000 62.0000 10.0000 2.0000 10.0000 9.0000 1.0000 0.0385 0.2496 2.2466 0.0349 0.0588 NA E 2.4966 1.1962 1.1878 0.2641 0.2349 0.2804 0.1743 0.2373 0.2942 0.2196 0.2499 0.2919 
main 10.0000 8.0000 18.0000 9.0000 1.0000 9.0000 8.0000 2.0000 0.0918 0.2503 2.0023 0.0906 0.1145 b 0.1460 2.2523 1.1542 1.1459 0.1583 0.3677 0.1638 0.1937 0.3403 0.3017 0.1518 0.3250 0.0000 
main 10.0000 8.0000 12.0000 7.0000 1.0000 7.0000 6.0000 2.0000 0.0911 0.2504 1.5025 0.0906 0.1145 b 0.1770 1.7525 1.0289 1.0205 0.1559 0.3172 0.3917 0.1693 0.2109 0.2575 0.0000 0.0000 0.0000 
main 10.0000 8.0000 31.0000 7.0000 1.0000 7.0000 6.0000 0.0000 0.0000 0.2500 1.5000 0.0000 0.0000 b 0.1820 1.7500 1.3574 1.3490 0.2500 0.2500 0.2500 0.2500 0.2500 0.2500 0.0000 0.0000 0.0000 
main 10.0000 8.0000 17.0000 9.0000 1.0000 9.0000 8.0000 1.0000 0.0530 0.2498 1.9988 0.0349 0.0588 b 0.1630 2.2488 1.0354 1.0271 0.3214 0.2476 0.1826 0.2669 0.2329 0.3044 0.1723 0.2706 0.0000 
main 10.0000 8.0000 58.0000 9.0000 1.0000 9.0000 8.0000 0.0000 0.0000 0.2500 2.0000 0.0000 0.0000 b 0.1600 2.2500 1.2994 1.2911 0.2500 0.2500 0.2500 0.2500 0.2500 0.2500 0.2500 0.2500 0.0000 
main 10.0000 8.0000 3.0000 4.0000 0.0000 4.0000 3.0000 2.0000 0.0961 0.2498 0.7493 0.0906 0.1145 b 0.2420 0.9993 1.1278 1.1194 0.2063 0.3599 0.1830 0.0000 0.0000 0.0000 0.0000 0.0000 0.0000 
main 10.0000 8.0000 37.0000 9.0000 1.0000 9.0000 8.0000 0.0000 0.0000 0.2500 2.0000 0.0000 0.0000 b 0.1600 2.2500 1.1802 1.1718 0.2500 0.2500 0.2500 0.2500 0.2500 0.2500 0.2500 0.2500 0.0000 
main 10.0000 8.0000 32.0000 7.0000 1.0000 7.0000 6.0000 1.0000 0.0542 0.2492 1.4951 0.0349 0.0588 b 0.5610 1.7451 1.3391 1.3308 0.1999 0.2906 0.3243 0.2405 0.1806 0.2593 0.0000 0.0000 0.0000 
main 10.0000 8.0000 8.0000 6.0000 0.0000 6.0000 5.0000 1.0000 0.0431 0.2505 1.2526 0.0349 0.0588 b 0.1790 1.5026 1.3275 1.3191 0.1953 0.2571 0.2983 0.2190 0.2830 0.0000 0.0000 0.0000 0.0000 
main 10.0000 8.0000 48.0000 5.0000 0.0000 5.0000 4.0000 2.0000 0.0947 0.2499 0.9997 0.0906 0.1145 b 0.2790 1.2497 1.3504 1.3421 0.2776 0.1731 0.3721 0.1769 0.0000 0.0000 0.0000 0.0000 0.0000 
main 10.0000 8.0000 40.0000 10.0000 2.0000 10.0000 9.0000 0.0000 0.0000 0.2500 2.2500 0.0000 0.0000 NA E 2.5000 1.1974 1.1891 0.2500 0.2500 0.2500 0.2500 0.2500 0.2500 0.2500 0.2500 0.2500 
main 10.0000 8.0000 33.0000 7.0000 1.0000 7.0000 6.0000 2.0000 0.0955 0.2507 1.5040 0.0906 0.1145 b 0.1980 1.7540 1.2052 1.1969 0.3271 0.2416 0.1635 0.3974 0.2228 0.1516 0.0000 0.0000 0.0000 
main 10.0000 8.0000 5.0000 5.0000 0.0000 5.0000 4.0000 1.0000 0.0520 0.2506 1.0024 0.0349 0.0588 b 0.1830 1.2524 1.0121 1.0038 0.3176 0.2027 0.2648 0.2172 0.0000 0.0000 0.0000 0.0000 0.0000 
main 10.0000 8.0000 57.0000 8.0000 1.0000 8.0000 7.0000 2.0000 0.0995 0.2503 1.7520 0.0906 0.1145 b 0.1600 2.0020 1.4399 1.4316 0.1860 0.3789 0.2467 0.2073 0.3999 0.1517 0.1815 0.0000 0.0000 
main 10.0000 8.0000 43.0000 4.0000 0.0000 4.0000 3.0000 0.0000 0.0000 0.2500 0.7500 0.0000 0.0000 b 0.2890 1.0000 1.3234 1.3151 0.2500 0.2500 0.2500 0.0000 0.0000 0.0000 0.0000 0.0000 0.0000 
main 10.0000 8.0000 15.0000 8.0000 1.0000 8.0000 7.0000 2.0000 0.0977 0.2507 1.7548 0.0906 0.1145 b 0.1690 2.0048 1.3622 1.3538 0.3818 0.1848 0.3547 0.1657 0.1924 0.1541 0.3213 0.0000 0.0000 
main 10.0000 8.0000 30.0000 6.0000 0.0000 6.0000 5.0000 2.0000 0.0962 0.2498 1.2490 0.0906 0.1145 b 0.1820 1.4990 1.2608 1.2525 0.1520 0.3530 0.2029 0.3534 0.1877 0.0000 0.0000 0.0000 0.0000 
main 10.0000 8.0000 25.0000 5.0000 0.0000 5.0000 4.0000 0.0000 0.0000 0.2500 1.0000 0.0000 0.0000 b 0.1910 1.2500 1.0312 1.0229 0.2500 0.2500 0.2500 0.2500 0.0000 0.0000 0.0000 0.0000 0.0000 
main 10.0000 8.0000 46.0000 5.0000 0.0000 5.0000 4.0000 0.0000 0.0000 0.2500 1.0000 0.0000 0.0000 b 0.0960 1.2500 1.1184 1.1101 0.2500 0.2500 0.2500 0.2500 0.0000 0.0000 0.0000 0.0000 0.0000 
main 10.0000 8.0000 55.0000 8.0000 1.0000 8.0000 7.0000 0.0000 0.0000 0.2500 1.7500 0.0000 0.0000 NA E 2.0000 1.0855 1.0771 0.2500 0.2500 0.2500 0.2500 0.2500 0.2500 0.2500 0.0000 0.0000 
main 10.0000 8.0000 7.0000 6.0000 0.0000 6.0000 5.0000 0.0000 0.0000 0.2500 1.2500 0.0000 0.0000 b 0.1760 1.5000 1.2114 1.2031 0.2500 0.2500 0.2500 0.2500 0.2500 0.0000 0.0000 0.0000 0.0000 
main 10.0000 8.0000 16.0000 9.0000 1.0000 9.0000 8.0000 0.0000 0.0000 0.2500 2.0000 0.0000 0.0000 b 0.1200 2.2500 1.4231 1.4148 0.2500 0.2500 0.2500 0.2500 0.2500 0.2500 0.2500 0.2500 0.0000 
main 10.0000 8.0000 11.0000 7.0000 1.0000 7.0000 6.0000 1.0000 0.0532 0.2496 1.4978 0.0349 0.0588 b 0.1630 1.7478 1.3222 1.3138 0.1695 0.3022 0.2215 0.2553 0.3128 0.2364 0.0000 0.0000 0.0000 
main 10.0000 8.0000 51.0000 6.0000 0.0000 6.0000 5.0000 2.0000 0.0939 0.2505 1.2527 0.0906 0.1145 b 0.2070 1.5027 1.3395 1.3311 0.2411 0.1587 0.3257 0.1618 0.3654 0.0000 0.0000 0.0000 0.0000 
main 10.0000 8.0000 53.0000 7.0000 1.0000 7.0000 6.0000 1.0000 0.0572 0.2495 1.4970 0.0349 0.0588 b 0.2680 1.7470 1.3835 1.3752 0.1661 0.2140 0.3059 0.2262 0.2732 0.3114 0.0000 0.0000 0.0000 
main 10.0000 8.0000 20.0000 10.0000 2.0000 10.0000 9.0000 1.0000 0.0483 0.2496 2.2465 0.0349 0.0588 b 0.2070 2.4965 1.3623 1.3540 0.2537 0.2958 0.2633 0.1645 0.2615 0.1801 0.2459 0.2721 0.3097 
main 10.0000 8.0000 14.0000 8.0000 1.0000 8.0000 7.0000 1.0000 0.0554 0.2497 1.7477 0.0349 0.0588 b 0.2310 1.9977 1.0616 1.0532 0.1776 0.2746 0.2071 0.2742 0.3382 0.2059 0.2702 0.0000 0.0000 
main 10.0000 8.0000 47.0000 5.0000 0.0000 5.0000 4.0000 1.0000 0.0532 0.2494 0.9975 0.0349 0.0588 b 0.2510 1.2475 1.2700 1.2617 0.3014 0.1770 0.2730 0.2461 0.0000 0.0000 0.0000 0.0000 0.0000 
main 10.0000 8.0000 28.0000 6.0000 0.0000 6.0000 5.0000 0.0000 0.0000 0.2500 1.2500 0.0000 0.0000 b 0.2060 1.5000 1.0699 1.0616 0.2500 0.2500 0.2500 0.2500 0.2500 0.0000 0.0000 0.0000 0.0000 
main 10.0000 8.0000 56.0000 8.0000 1.0000 8.0000 7.0000 1.0000 0.0582 0.2498 1.7487 0.0349 0.0588 b 0.1510 1.9987 1.4418 1.4335 0.1697 0.2925 0.1920 0.3290 0.2525 0.2909 0.2221 0.0000 0.0000 
main 10.0000 8.0000 19.0000 10.0000 2.0000 10.0000 9.0000 0.0000 0.0000 0.2500 2.2500 0.0000 0.0000 b 0.1750 2.5000 1.2590 1.2507 0.2500 0.2500 0.2500 0.2500 0.2500 0.2500 0.2500 0.2500 0.2500 
main 10.0000 8.0000 60.0000 9.0000 1.0000 9.0000 8.0000 2.0000 0.0919 0.2499 1.9995 0.0906 0.1145 b 0.1590 2.2495 1.3311 1.3228 0.1592 0.3636 0.1564 0.2253 0.1908 0.3859 0.3158 0.2024 0.0000 
main 10.0000 8.0000 21.0000 10.0000 2.0000 10.0000 9.0000 2.0000 0.0931 0.2502 2.2516 0.0906 0.1145 b 0.1430 2.5016 1.0735 1.0651 0.1616 0.3680 0.2217 0.3824 0.3414 0.1574 0.1920 0.2695 0.1576 
main 10.0000 8.0000 59.0000 9.0000 1.0000 9.0000 8.0000 1.0000 0.0515 0.2497 1.9978 0.0349 0.0588 b 0.1500 2.2478 1.4227 1.4144 0.2996 0.2100 0.2612 0.2348 0.2770 0.3291 0.1745 0.2115 0.0000 
main 10.0000 8.0000 39.0000 9.0000 1.0000 9.0000 8.0000 2.0000 0.0929 0.2494 1.9954 0.0906 0.1145 b 0.1580 2.2454 1.0748 1.0664 0.3846 0.1537 0.1811 0.2472 0.3526 0.3240 0.2023 0.1500 0.0000 
main 10.0000 8.0000 52.0000 7.0000 1.0000 7.0000 6.0000 0.0000 0.0000 0.2500 1.5000 0.0000 0.0000 b 0.1960 1.7500 1.2027 1.1943 0.2500 0.2500 0.2500 0.2500 0.2500 0.2500 0.0000 0.0000 0.0000 
main 10.0000 8.0000 27.0000 5.0000 0.0000 5.0000 4.0000 2.0000 0.1022 0.2511 1.0043 0.0906 0.1145 b 0.3190 1.2543 1.1220 1.1137 0.3419 0.1582 0.3372 0.1671 0.0000 0.0000 0.0000 0.0000 0.0000 
main 10.0000 8.0000 63.0000 10.0000 2.0000 10.0000 9.0000 2.0000 0.0943 0.2503 2.2531 0.0906 0.1145 b 0.1510 2.5031 1.3494 1.3411 0.2089 0.3400 0.1573 0.2133 0.1528 0.3889 0.1548 0.3643 0.2729 
main 10.0000 8.0000 36.0000 8.0000 1.0000 8.0000 7.0000 2.0000 0.0916 0.2495 1.7468 0.0906 0.1145 b 0.1660 1.9968 1.1631 1.1547 0.2385 0.3801 0.1552 0.3660 0.1654 0.2523 0.1892 0.0000 0.0000 
main 10.0000 8.0000 34.0000 8.0000 1.0000 8.0000 7.0000 0.0000 0.0000 0.2500 1.7500 0.0000 0.0000 b 0.1790 2.0000 1.0131 1.0048 0.2500 0.2500 0.2500 0.2500 0.2500 0.2500 0.2500 0.0000 0.0000 
main 10.0000 8.0000 35.0000 8.0000 1.0000 8.0000 7.0000 1.0000 0.0450 0.2507 1.7547 0.0349 0.0588 b 0.1860 2.0047 1.4463 1.4379 0.1724 0.2224 0.2745 0.3051 0.2738 0.2293 0.2772 0.0000 0.0000 
main 10.0000 8.0000 44.0000 4.0000 0.0000 4.0000 3.0000 1.0000 0.0576 0.2484 0.7453 0.0349 0.0588 b 0.2440 0.9953 1.4614 1.4531 0.3008 0.2577 0.1868 0.0000 0.0000 0.0000 0.0000 0.0000 0.0000 
main 10.0000 8.0000 23.0000 4.0000 0.0000 4.0000 3.0000 1.0000 0.0565 0.2501 0.7502 0.0349 0.0588 b 0.2740 1.0002 1.0912 1.0829 0.3119 0.2373 0.2010 0.0000 0.0000 0.0000 0.0000 0.0000 0.0000 
main 10.0000 8.0000 24.0000 4.0000 0.0000 4.0000 3.0000 2.0000 0.1055 0.2492 0.7476 0.0906 0.1145 b 0.2450 0.9976 1.1674 1.1591 0.2095 0.3688 0.1693 0.0000 0.0000 0.0000 0.0000 0.0000 0.0000 
main 10.0000 8.0000 9.0000 6.0000 0.0000 6.0000 5.0000 2.0000 0.1051 0.2506 1.2532 0.0906 0.1145 b 0.1490 1.5032 1.1664 1.1580 0.3914 0.2026 0.1631 0.3327 0.1634 0.0000 0.0000 0.0000 0.0000 
main 10.0000 8.0000 22.0000 4.0000 0.0000 4.0000 3.0000 0.0000 0.0000 0.2500 0.7500 0.0000 0.0000 b 0.2760 1.0000 1.3958 1.3875 0.2500 0.2500 0.2500 0.0000 0.0000 0.0000 0.0000 0.0000 0.0000 
main 10.0000 8.0000 13.0000 8.0000 1.0000 8.0000 7.0000 0.0000 0.0000 0.2500 1.7500 0.0000 0.0000 b 0.1650 2.0000 1.3353 1.3269 0.2500 0.2500 0.2500 0.2500 0.2500 0.2500 0.2500 0.0000 0.0000 
main 10.0000 8.0000 29.0000 6.0000 0.0000 6.0000 5.0000 1.0000 0.0398 0.2504 1.2518 0.0349 0.0588 b 0.1440 1.5018 1.1003 1.0919 0.2626 0.3043 0.2315 0.2568 0.1966 0.0000 0.0000 0.0000 0.0000 
main 10.0000 8.0000 26.0000 5.0000 0.0000 5.0000 4.0000 1.0000 0.0578 0.2500 1.0000 0.0349 0.0588 b 0.2110 1.2500 1.4100 1.4016 0.1958 0.3178 0.2087 0.2777 0.0000 0.0000 0.0000 0.0000 0.0000 
main 10.0000 8.0000 49.0000 6.0000 0.0000 6.0000 5.0000 0.0000 0.0000 0.2500 1.2500 0.0000 0.0000 b 0.2930 1.5000 1.2620 1.2537 0.2500 0.2500 0.2500 0.2500 0.2500 0.0000 0.0000 0.0000 0.0000 
main 10.0000 8.0000 41.0000 10.0000 2.0000 10.0000 9.0000 1.0000 0.0585 0.2497 2.2473 0.0349 0.0588 b 0.1820 2.4973 1.2149 1.2065 0.2112 0.1855 0.3073 0.2795 0.2157 0.3031 0.3418 0.1865 0.2167 
main 10.0000 8.0000 10.0000 7.0000 1.0000 7.0000 6.0000 0.0000 0.0000 0.2500 1.5000 0.0000 0.0000 b 0.1500 1.7500 1.3740 1.3657 0.2500 0.2500 0.2500 0.2500 0.2500 0.2500 0.0000 0.0000 0.0000 
main 10.0000 8.0000 42.0000 10.0000 2.0000 10.0000 9.0000 2.0000 0.0998 0.2501 2.2507 0.0906 0.1145 b 0.1630 2.5007 1.0621 1.0538 0.1893 0.3859 0.2008 0.1721 0.3615 0.1775 0.2171 0.1526 0.3940 
main 10.0000 8.0000 61.0000 10.0000 2.0000 10.0000 9.0000 0.0000 0.0000 0.2500 2.2500 0.0000 0.0000 b 0.1910 2.5000 1.2466 1.2383 0.2500 0.2500 0.2500 0.2500 0.2500 0.2500 0.2500 0.2500 0.2500 
main 10.0000 8.0000 6.0000 5.0000 0.0000 5.0000 4.0000 2.0000 0.1007 0.2504 1.0016 0.0906 0.1145 b 0.2270 1.2516 1.3435 1.3351 0.1569 0.1920 0.3844 0.2684 0.0000 0.0000 0.0000 0.0000 0.0000 
