group subNo block index seqDur shortLong nTargets nIOI rhythmicVarTAG seqSTD seqMeanIOI seqSumIOI Lowbound Upbound pressedKey rt seqDuration startInterval trialDuration IOI1 IOI2 IOI3 IOI4 IOI5 IOI6 IOI7 IOI8 IOI9 
main 9.0000 1.0000 62.0000 10.0000 2.0000 10.0000 9.0000 1.0000 0.0533 0.2504 2.2533 0.0349 0.0588 b 0.4460 2.5033 1.0472 1.0389 0.2601 0.1652 0.2498 0.3265 0.2822 0.2150 0.2470 0.3140 0.1933 
main 9.0000 1.0000 42.0000 10.0000 2.0000 10.0000 9.0000 2.0000 0.0913 0.2505 2.2546 0.0906 0.1145 b 0.6670 2.5046 1.1736 1.1652 0.1978 0.1578 0.3860 0.1749 0.3437 0.3739 0.2341 0.2090 0.1775 
main 9.0000 1.0000 40.0000 10.0000 2.0000 10.0000 9.0000 0.0000 0.0000 0.2500 2.2500 0.0000 0.0000 NA TO 2.5000 1.2603 1.2520 0.2500 0.2500 0.2500 0.2500 0.2500 0.2500 0.2500 0.2500 0.2500 
main 9.0000 1.0000 3.0000 4.0000 0.0000 4.0000 3.0000 2.0000 0.1121 0.2511 0.7533 0.0906 0.1145 b 0.3440 1.0033 1.3606 1.3523 0.2151 0.1614 0.3768 0.0000 0.0000 0.0000 0.0000 0.0000 0.0000 
main 9.0000 1.0000 11.0000 7.0000 1.0000 7.0000 6.0000 1.0000 0.0528 0.2496 1.4977 0.0349 0.0588 b 0.1820 1.7477 1.1055 1.0971 0.2210 0.1786 0.3198 0.2692 0.2178 0.2913 0.0000 0.0000 0.0000 
main 9.0000 1.0000 18.0000 9.0000 1.0000 9.0000 8.0000 2.0000 0.1022 0.2494 1.9954 0.0906 0.1145 b 0.3190 2.2454 1.0748 1.0665 0.1510 0.3185 0.1743 0.3986 0.1708 0.1990 0.3876 0.1956 0.0000 
main 9.0000 1.0000 14.0000 8.0000 1.0000 8.0000 7.0000 1.0000 0.0439 0.2505 1.7537 0.0349 0.0588 b 0.1350 2.0037 1.0786 1.0703 0.2630 0.3108 0.2760 0.2293 0.2711 0.1746 0.2289 0.0000 0.0000 
main 9.0000 1.0000 52.0000 7.0000 1.0000 7.0000 6.0000 0.0000 0.0000 0.2500 1.5000 0.0000 0.0000 b 0.1810 1.7500 1.0250 1.0166 0.2500 0.2500 0.2500 0.2500 0.2500 0.2500 0.0000 0.0000 0.0000 
main 9.0000 1.0000 21.0000 10.0000 2.0000 10.0000 9.0000 2.0000 0.0965 0.2498 2.2479 0.0906 0.1145 b 0.1900 2.4979 1.2917 1.2833 0.1562 0.2364 0.2760 0.3499 0.1781 0.1515 0.3648 0.1532 0.3818 
main 9.0000 1.0000 4.0000 5.0000 0.0000 5.0000 4.0000 0.0000 0.0000 0.2500 1.0000 0.0000 0.0000 b 0.2280 1.2500 1.1144 1.1061 0.2500 0.2500 0.2500 0.2500 0.0000 0.0000 0.0000 0.0000 0.0000 
main 9.0000 1.0000 10.0000 7.0000 1.0000 7.0000 6.0000 0.0000 0.0000 0.2500 1.5000 0.0000 0.0000 b 0.1950 1.7500 1.4805 1.4722 0.2500 0.2500 0.2500 0.2500 0.2500 0.2500 0.0000 0.0000 0.0000 
main 9.0000 1.0000 44.0000 4.0000 0.0000 4.0000 3.0000 1.0000 0.0450 0.2491 0.7473 0.0349 0.0588 b 0.2100 0.9973 1.2729 1.2646 0.2010 0.2562 0.2901 0.0000 0.0000 0.0000 0.0000 0.0000 0.0000 
main 9.0000 1.0000 47.0000 5.0000 0.0000 5.0000 4.0000 1.0000 0.0430 0.2493 0.9973 0.0349 0.0588 b 0.1590 1.2473 1.4953 1.4870 0.2686 0.2407 0.1938 0.2943 0.0000 0.0000 0.0000 0.0000 0.0000 
main 9.0000 1.0000 13.0000 8.0000 1.0000 8.0000 7.0000 0.0000 0.0000 0.2500 1.7500 0.0000 0.0000 b 0.1720 2.0000 1.4152 1.4069 0.2500 0.2500 0.2500 0.2500 0.2500 0.2500 0.2500 0.0000 0.0000 
main 9.0000 1.0000 19.0000 10.0000 2.0000 10.0000 9.0000 0.0000 0.0000 0.2500 2.2500 0.0000 0.0000 b 0.1560 2.5000 1.1435 1.1352 0.2500 0.2500 0.2500 0.2500 0.2500 0.2500 0.2500 0.2500 0.2500 
main 9.0000 1.0000 38.0000 9.0000 1.0000 9.0000 8.0000 1.0000 0.0545 0.2505 2.0037 0.0349 0.0588 b 0.1810 2.2537 1.0874 1.0791 0.3137 0.2606 0.2251 0.2660 0.3325 0.2320 0.1690 0.2049 0.0000 
main 9.0000 1.0000 43.0000 4.0000 0.0000 4.0000 3.0000 0.0000 0.0000 0.2500 0.7500 0.0000 0.0000 b 0.2150 1.0000 1.0499 1.0416 0.2500 0.2500 0.2500 0.0000 0.0000 0.0000 0.0000 0.0000 0.0000 
main 9.0000 1.0000 26.0000 5.0000 0.0000 5.0000 4.0000 1.0000 0.0560 0.2503 1.0013 0.0349 0.0588 b 0.1970 1.2513 1.2468 1.2385 0.2442 0.3263 0.2395 0.1913 0.0000 0.0000 0.0000 0.0000 0.0000 
main 9.0000 1.0000 45.0000 4.0000 0.0000 4.0000 3.0000 2.0000 0.1006 0.2495 0.7486 0.0906 0.1145 b 0.2130 0.9986 1.3288 1.3204 0.1636 0.2248 0.3602 0.0000 0.0000 0.0000 0.0000 0.0000 0.0000 
main 9.0000 1.0000 31.0000 7.0000 1.0000 7.0000 6.0000 0.0000 0.0000 0.2500 1.5000 0.0000 0.0000 b 0.1660 1.7500 1.4971 1.4888 0.2500 0.2500 0.2500 0.2500 0.2500 0.2500 0.0000 0.0000 0.0000 
main 9.0000 1.0000 1.0000 4.0000 0.0000 4.0000 3.0000 0.0000 0.0000 0.2500 0.7500 0.0000 0.0000 b 0.2190 1.0000 1.1764 1.1681 0.2500 0.2500 0.2500 0.0000 0.0000 0.0000 0.0000 0.0000 0.0000 
main 9.0000 1.0000 57.0000 8.0000 1.0000 8.0000 7.0000 2.0000 0.0986 0.2497 1.7480 0.0906 0.1145 b 0.1730 1.9980 1.1575 1.1492 0.2117 0.1529 0.3540 0.1669 0.2933 0.1718 0.3973 0.0000 0.0000 
main 9.0000 1.0000 39.0000 9.0000 1.0000 9.0000 8.0000 2.0000 0.0910 0.2495 1.9959 0.0906 0.1145 b 0.1700 2.2459 1.0877 1.0794 0.3171 0.1507 0.3361 0.2194 0.3987 0.1776 0.2332 0.1631 0.0000 
main 9.0000 1.0000 24.0000 4.0000 0.0000 4.0000 3.0000 2.0000 0.0961 0.2486 0.7459 0.0906 0.1145 b 0.3020 0.9959 1.3773 1.3690 0.3546 0.2244 0.1670 0.0000 0.0000 0.0000 0.0000 0.0000 0.0000 
main 9.0000 1.0000 41.0000 10.0000 2.0000 10.0000 9.0000 1.0000 0.0561 0.2503 2.2531 0.0349 0.0588 b 0.1800 2.5031 1.2398 1.2315 0.2564 0.1925 0.2242 0.2636 0.2969 0.1749 0.2421 0.3637 0.2388 
main 9.0000 1.0000 9.0000 6.0000 0.0000 6.0000 5.0000 2.0000 0.1032 0.2506 1.2528 0.0906 0.1145 b 0.2170 1.5028 1.4888 1.4804 0.1729 0.3984 0.1950 0.3191 0.1673 0.0000 0.0000 0.0000 0.0000 
main 9.0000 1.0000 55.0000 8.0000 1.0000 8.0000 7.0000 0.0000 0.0000 0.2500 1.7500 0.0000 0.0000 b 0.1850 2.0000 1.2404 1.2321 0.2500 0.2500 0.2500 0.2500 0.2500 0.2500 0.2500 0.0000 0.0000 
main 9.0000 1.0000 29.0000 6.0000 0.0000 6.0000 5.0000 1.0000 0.0586 0.2506 1.2530 0.0349 0.0588 b 0.1720 1.5030 1.3130 1.3046 0.2800 0.2460 0.3322 0.1814 0.2134 0.0000 0.0000 0.0000 0.0000 
main 9.0000 1.0000 48.0000 5.0000 0.0000 5.0000 4.0000 2.0000 0.1036 0.2510 1.0041 0.0906 0.1145 b 0.1580 1.2541 1.0383 1.0300 0.3974 0.1911 0.2495 0.1662 0.0000 0.0000 0.0000 0.0000 0.0000 
main 9.0000 1.0000 37.0000 9.0000 1.0000 9.0000 8.0000 0.0000 0.0000 0.2500 2.0000 0.0000 0.0000 b 0.1580 2.2500 1.3922 1.3839 0.2500 0.2500 0.2500 0.2500 0.2500 0.2500 0.2500 0.2500 0.0000 
main 9.0000 1.0000 8.0000 6.0000 0.0000 6.0000 5.0000 1.0000 0.0501 0.2508 1.2541 0.0349 0.0588 b 0.2710 1.5041 1.4041 1.3958 0.1933 0.3123 0.2568 0.2838 0.2079 0.0000 0.0000 0.0000 0.0000 
main 9.0000 1.0000 7.0000 6.0000 0.0000 6.0000 5.0000 0.0000 0.0000 0.2500 1.2500 0.0000 0.0000 b 0.1500 1.5000 1.1589 1.1506 0.2500 0.2500 0.2500 0.2500 0.2500 0.0000 0.0000 0.0000 0.0000 
main 9.0000 1.0000 61.0000 10.0000 2.0000 10.0000 9.0000 0.0000 0.0000 0.2500 2.2500 0.0000 0.0000 b 0.1520 2.5000 1.3566 1.3483 0.2500 0.2500 0.2500 0.2500 0.2500 0.2500 0.2500 0.2500 0.2500 
main 9.0000 1.0000 63.0000 10.0000 2.0000 10.0000 9.0000 2.0000 0.0950 0.2496 2.2463 0.0906 0.1145 b 0.1800 2.4963 1.4902 1.4819 0.2104 0.1812 0.3863 0.1637 0.2650 0.3883 0.1773 0.3231 0.1508 
main 9.0000 1.0000 17.0000 9.0000 1.0000 9.0000 8.0000 1.0000 0.0498 0.2501 2.0011 0.0349 0.0588 b 0.1510 2.2511 1.1449 1.1366 0.2960 0.2637 0.1771 0.2713 0.3135 0.2371 0.2625 0.1799 0.0000 
main 9.0000 1.0000 56.0000 8.0000 1.0000 8.0000 7.0000 1.0000 0.0553 0.2494 1.7461 0.0349 0.0588 b 0.2580 1.9961 1.0355 1.0272 0.1858 0.3255 0.2225 0.1918 0.3095 0.2750 0.2359 0.0000 0.0000 
main 9.0000 1.0000 49.0000 6.0000 0.0000 6.0000 5.0000 0.0000 0.0000 0.2500 1.2500 0.0000 0.0000 b 0.3180 1.5000 1.3591 1.3508 0.2500 0.2500 0.2500 0.2500 0.2500 0.0000 0.0000 0.0000 0.0000 
main 9.0000 1.0000 35.0000 8.0000 1.0000 8.0000 7.0000 1.0000 0.0557 0.2505 1.7537 0.0349 0.0588 b 0.1460 2.0037 1.4051 1.3967 0.1612 0.2530 0.3034 0.2067 0.2432 0.3264 0.2597 0.0000 0.0000 
main 9.0000 1.0000 28.0000 6.0000 0.0000 6.0000 5.0000 0.0000 0.0000 0.2500 1.2500 0.0000 0.0000 b 0.1940 1.5000 1.0258 1.0174 0.2500 0.2500 0.2500 0.2500 0.2500 0.0000 0.0000 0.0000 0.0000 
main 9.0000 1.0000 20.0000 10.0000 2.0000 10.0000 9.0000 1.0000 0.0542 0.2505 2.2544 0.0349 0.0588 b 0.1610 2.5044 1.1452 1.1369 0.2689 0.3357 0.2666 0.2052 0.2435 0.2183 0.3142 0.1588 0.2432 
main 9.0000 1.0000 15.0000 8.0000 1.0000 8.0000 7.0000 2.0000 0.0997 0.2500 1.7498 0.0906 0.1145 b 0.2660 1.9998 1.0919 1.0836 0.1525 0.3612 0.1512 0.3707 0.2443 0.1545 0.3155 0.0000 0.0000 
main 9.0000 1.0000 59.0000 9.0000 1.0000 9.0000 8.0000 1.0000 0.0433 0.2499 1.9994 0.0349 0.0588 b 0.1320 2.2494 1.4962 1.4879 0.2268 0.3105 0.2051 0.2693 0.1878 0.2517 0.3014 0.2467 0.0000 
main 9.0000 1.0000 32.0000 7.0000 1.0000 7.0000 6.0000 1.0000 0.0585 0.2495 1.4971 0.0349 0.0588 b 0.1870 1.7471 1.1921 1.1837 0.2486 0.1881 0.2719 0.1815 0.2687 0.3382 0.0000 0.0000 0.0000 
main 9.0000 1.0000 30.0000 6.0000 0.0000 6.0000 5.0000 2.0000 0.0951 0.2491 1.2457 0.0906 0.1145 b 0.2470 1.4957 1.1354 1.1270 0.1725 0.3776 0.2225 0.1566 0.3166 0.0000 0.0000 0.0000 0.0000 
main 9.0000 1.0000 58.0000 9.0000 1.0000 9.0000 8.0000 0.0000 0.0000 0.2500 2.0000 0.0000 0.0000 b 0.1280 2.2500 1.3069 1.2985 0.2500 0.2500 0.2500 0.2500 0.2500 0.2500 0.2500 0.2500 0.0000 
main 9.0000 1.0000 23.0000 4.0000 0.0000 4.0000 3.0000 1.0000 0.0498 0.2511 0.7533 0.0349 0.0588 b 0.2590 1.0033 1.4614 1.4530 0.2139 0.3077 0.2318 0.0000 0.0000 0.0000 0.0000 0.0000 0.0000 
main 9.0000 1.0000 6.0000 5.0000 0.0000 5.0000 4.0000 2.0000 0.0985 0.2504 1.0017 0.0906 0.1145 b 0.1880 1.2517 1.3785 1.3701 0.2030 0.2612 0.3829 0.1546 0.0000 0.0000 0.0000 0.0000 0.0000 
main 9.0000 1.0000 54.0000 7.0000 1.0000 7.0000 6.0000 2.0000 0.0912 0.2504 1.5026 0.0906 0.1145 b 0.1680 1.7526 1.2655 1.2571 0.1972 0.1631 0.3587 0.1708 0.3647 0.2482 0.0000 0.0000 0.0000 
main 9.0000 1.0000 2.0000 4.0000 0.0000 4.0000 3.0000 1.0000 0.0502 0.2491 0.7474 0.0349 0.0588 b 0.1730 0.9974 1.3579 1.3496 0.2585 0.2939 0.1949 0.0000 0.0000 0.0000 0.0000 0.0000 0.0000 
main 9.0000 1.0000 60.0000 9.0000 1.0000 9.0000 8.0000 2.0000 0.0970 0.2498 1.9981 0.0906 0.1145 b 0.1650 2.2481 1.2271 1.2188 0.2598 0.1529 0.2333 0.3998 0.1731 0.2121 0.1740 0.3931 0.0000 
main 9.0000 1.0000 5.0000 5.0000 0.0000 5.0000 4.0000 1.0000 0.0426 0.2491 0.9964 0.0349 0.0588 b 0.1900 1.2464 1.0503 1.0419 0.2798 0.2439 0.2819 0.1908 0.0000 0.0000 0.0000 0.0000 0.0000 
main 9.0000 1.0000 33.0000 7.0000 1.0000 7.0000 6.0000 2.0000 0.0953 0.2498 1.4990 0.0906 0.1145 b 0.1370 1.7490 1.2300 1.2217 0.3704 0.1669 0.2583 0.1883 0.1575 0.3576 0.0000 0.0000 0.0000 
main 9.0000 1.0000 25.0000 5.0000 0.0000 5.0000 4.0000 0.0000 0.0000 0.2500 1.0000 0.0000 0.0000 b 0.1600 1.2500 1.0659 1.0576 0.2500 0.2500 0.2500 0.2500 0.0000 0.0000 0.0000 0.0000 0.0000 
main 9.0000 1.0000 36.0000 8.0000 1.0000 8.0000 7.0000 2.0000 0.0906 0.2499 1.7491 0.0906 0.1145 b 0.1550 1.9991 1.4483 1.4399 0.1804 0.3336 0.1604 0.2265 0.3997 0.2747 0.1738 0.0000 0.0000 
main 9.0000 1.0000 16.0000 9.0000 1.0000 9.0000 8.0000 0.0000 0.0000 0.2500 2.0000 0.0000 0.0000 b 0.1910 2.2500 1.4835 1.4751 0.2500 0.2500 0.2500 0.2500 0.2500 0.2500 0.2500 0.2500 0.0000 
main 9.0000 1.0000 34.0000 8.0000 1.0000 8.0000 7.0000 0.0000 0.0000 0.2500 1.7500 0.0000 0.0000 b 0.3040 2.0000 1.0635 1.0552 0.2500 0.2500 0.2500 0.2500 0.2500 0.2500 0.2500 0.0000 0.0000 
main 9.0000 1.0000 50.0000 6.0000 0.0000 6.0000 5.0000 1.0000 0.0496 0.2496 1.2479 0.0349 0.0588 b 0.3400 1.4979 1.1599 1.1516 0.2354 0.2798 0.2018 0.3200 0.2109 0.0000 0.0000 0.0000 0.0000 
main 9.0000 1.0000 46.0000 5.0000 0.0000 5.0000 4.0000 0.0000 0.0000 0.2500 1.0000 0.0000 0.0000 b 0.1840 1.2500 1.3419 1.3336 0.2500 0.2500 0.2500 0.2500 0.0000 0.0000 0.0000 0.0000 0.0000 
main 9.0000 1.0000 27.0000 5.0000 0.0000 5.0000 4.0000 2.0000 0.0941 0.2496 0.9984 0.0906 0.1145 b 0.1750 1.2484 1.0617 1.0533 0.1972 0.3778 0.2592 0.1642 0.0000 0.0000 0.0000 0.0000 0.0000 
main 9.0000 1.0000 22.0000 4.0000 0.0000 4.0000 3.0000 0.0000 0.0000 0.2500 0.7500 0.0000 0.0000 b 0.1690 1.0000 1.2908 1.2824 0.2500 0.2500 0.2500 0.0000 0.0000 0.0000 0.0000 0.0000 0.0000 
main 9.0000 1.0000 53.0000 7.0000 1.0000 7.0000 6.0000 1.0000 0.0535 0.2505 1.5032 0.0349 0.0588 b 0.1510 1.7532 1.3739 1.3656 0.1833 0.3288 0.2821 0.2028 0.2669 0.2393 0.0000 0.0000 0.0000 
main 9.0000 1.0000 12.0000 7.0000 1.0000 7.0000 6.0000 2.0000 0.0945 0.2504 1.5027 0.0906 0.1145 b 0.1280 1.7527 1.1656 1.1572 0.3554 0.1527 0.2336 0.1503 0.3677 0.2429 0.0000 0.0000 0.0000 
main 9.0000 1.0000 51.0000 6.0000 0.0000 6.0000 5.0000 2.0000 0.0937 0.2496 1.2480 0.0906 0.1145 b 0.1700 1.4980 1.2184 1.2101 0.3574 0.2170 0.1505 0.1830 0.3401 0.0000 0.0000 0.0000 0.0000 
main 9.0000 2.0000 58.0000 9.0000 1.0000 9.0000 8.0000 0.0000 0.0000 0.2500 2.0000 0.0000 0.0000 b 0.1700 2.2500 1.4065 1.3982 0.2500 0.2500 0.2500 0.2500 0.2500 0.2500 0.2500 0.2500 0.0000 
main 9.0000 2.0000 57.0000 8.0000 1.0000 8.0000 7.0000 2.0000 0.0940 0.2493 1.7450 0.0906 0.1145 b 0.1590 1.9950 1.1117 1.1034 0.1531 0.3713 0.1858 0.3096 0.2016 0.3583 0.1654 0.0000 0.0000 
main 9.0000 2.0000 8.0000 6.0000 0.0000 6.0000 5.0000 1.0000 0.0384 0.2493 1.2466 0.0349 0.0588 b 0.1670 1.4966 1.1824 1.1741 0.3047 0.2224 0.2694 0.2412 0.2090 0.0000 0.0000 0.0000 0.0000 
main 9.0000 2.0000 36.0000 8.0000 1.0000 8.0000 7.0000 2.0000 0.0984 0.2506 1.7544 0.0906 0.1145 b 0.1260 2.0044 1.1034 1.0951 0.1675 0.3986 0.2742 0.1801 0.3665 0.1577 0.2097 0.0000 0.0000 
main 9.0000 2.0000 31.0000 7.0000 1.0000 7.0000 6.0000 0.0000 0.0000 0.2500 1.5000 0.0000 0.0000 b 0.1660 1.7500 1.3426 1.3343 0.2500 0.2500 0.2500 0.2500 0.2500 0.2500 0.0000 0.0000 0.0000 
main 9.0000 2.0000 9.0000 6.0000 0.0000 6.0000 5.0000 2.0000 0.0921 0.2506 1.2529 0.0906 0.1145 b 0.1630 1.5029 1.0538 1.0455 0.3966 0.2799 0.1885 0.2208 0.1670 0.0000 0.0000 0.0000 0.0000 
main 9.0000 2.0000 21.0000 10.0000 2.0000 10.0000 9.0000 2.0000 0.0907 0.2501 2.2505 0.0906 0.1145 b 0.1280 2.5005 1.3962 1.3879 0.2139 0.3393 0.2417 0.1525 0.2387 0.1665 0.3865 0.3586 0.1529 
main 9.0000 2.0000 59.0000 9.0000 1.0000 9.0000 8.0000 1.0000 0.0564 0.2498 1.9981 0.0349 0.0588 b 0.1660 2.2481 1.3209 1.3126 0.2485 0.2207 0.3439 0.2880 0.1651 0.1958 0.2550 0.2811 0.0000 
main 9.0000 2.0000 50.0000 6.0000 0.0000 6.0000 5.0000 1.0000 0.0408 0.2490 1.2450 0.0349 0.0588 b 0.1700 1.4950 1.1095 1.1011 0.2207 0.2672 0.3035 0.1987 0.2548 0.0000 0.0000 0.0000 0.0000 
main 9.0000 2.0000 4.0000 5.0000 0.0000 5.0000 4.0000 0.0000 0.0000 0.2500 1.0000 0.0000 0.0000 b 0.1750 1.2500 1.3260 1.3176 0.2500 0.2500 0.2500 0.2500 0.0000 0.0000 0.0000 0.0000 0.0000 
main 9.0000 2.0000 26.0000 5.0000 0.0000 5.0000 4.0000 1.0000 0.0454 0.2504 1.0015 0.0349 0.0588 b 0.1670 1.2515 1.0480 1.0397 0.2434 0.1957 0.2563 0.3061 0.0000 0.0000 0.0000 0.0000 0.0000 
main 9.0000 2.0000 44.0000 4.0000 0.0000 4.0000 3.0000 1.0000 0.0514 0.2505 0.7514 0.0349 0.0588 b 0.1450 1.0014 1.3069 1.2986 0.2033 0.2429 0.3052 0.0000 0.0000 0.0000 0.0000 0.0000 0.0000 
main 9.0000 2.0000 17.0000 9.0000 1.0000 9.0000 8.0000 1.0000 0.0561 0.2499 1.9994 0.0349 0.0588 b 0.1590 2.2494 1.2575 1.2492 0.2809 0.1584 0.2859 0.2129 0.3111 0.2274 0.3139 0.2089 0.0000 
main 9.0000 2.0000 48.0000 5.0000 0.0000 5.0000 4.0000 2.0000 0.0918 0.2493 0.9973 0.0906 0.1145 b 0.2740 1.2473 1.4391 1.4308 0.3585 0.2888 0.1942 0.1558 0.0000 0.0000 0.0000 0.0000 0.0000 
main 9.0000 2.0000 15.0000 8.0000 1.0000 8.0000 7.0000 2.0000 0.0943 0.2499 1.7491 0.0906 0.1145 b 0.1850 1.9991 1.4108 1.4024 0.1541 0.3867 0.2727 0.1531 0.3603 0.2246 0.1977 0.0000 0.0000 
main 9.0000 2.0000 38.0000 9.0000 1.0000 9.0000 8.0000 1.0000 0.0534 0.2495 1.9961 0.0349 0.0588 b 0.1760 2.2461 1.4599 1.4516 0.2812 0.2160 0.3457 0.2704 0.1953 0.2403 0.1800 0.2671 0.0000 
main 9.0000 2.0000 37.0000 9.0000 1.0000 9.0000 8.0000 0.0000 0.0000 0.2500 2.0000 0.0000 0.0000 b 0.1600 2.2500 1.2302 1.2218 0.2500 0.2500 0.2500 0.2500 0.2500 0.2500 0.2500 0.2500 0.0000 
main 9.0000 2.0000 54.0000 7.0000 1.0000 7.0000 6.0000 2.0000 0.0968 0.2506 1.5036 0.0906 0.1145 b 0.1950 1.7536 1.4438 1.4355 0.3418 0.3991 0.1868 0.2135 0.1551 0.2073 0.0000 0.0000 0.0000 
main 9.0000 2.0000 60.0000 9.0000 1.0000 9.0000 8.0000 2.0000 0.0935 0.2505 2.0036 0.0906 0.1145 b 0.1650 2.2536 1.4932 1.4848 0.1530 0.2020 0.2890 0.3951 0.3558 0.1677 0.2806 0.1603 0.0000 
main 9.0000 2.0000 19.0000 10.0000 2.0000 10.0000 9.0000 0.0000 0.0000 0.2500 2.2500 0.0000 0.0000 b 0.1860 2.5000 1.0248 1.0165 0.2500 0.2500 0.2500 0.2500 0.2500 0.2500 0.2500 0.2500 0.2500 
main 9.0000 2.0000 61.0000 10.0000 2.0000 10.0000 9.0000 0.0000 0.0000 0.2500 2.2500 0.0000 0.0000 b 0.1390 2.5000 1.1227 1.1143 0.2500 0.2500 0.2500 0.2500 0.2500 0.2500 0.2500 0.2500 0.2500 
main 9.0000 2.0000 62.0000 10.0000 2.0000 10.0000 9.0000 1.0000 0.0583 0.2497 2.2477 0.0349 0.0588 b 0.1660 2.4977 1.1055 1.0972 0.2536 0.1779 0.2557 0.2974 0.1925 0.2624 0.3649 0.1951 0.2482 
main 9.0000 2.0000 52.0000 7.0000 1.0000 7.0000 6.0000 0.0000 0.0000 0.2500 1.5000 0.0000 0.0000 b 0.1500 1.7500 1.1984 1.1901 0.2500 0.2500 0.2500 0.2500 0.2500 0.2500 0.0000 0.0000 0.0000 
main 9.0000 2.0000 23.0000 4.0000 0.0000 4.0000 3.0000 1.0000 0.0541 0.2507 0.7522 0.0349 0.0588 b 0.2200 1.0022 1.3760 1.3677 0.1922 0.2611 0.2989 0.0000 0.0000 0.0000 0.0000 0.0000 0.0000 
main 9.0000 2.0000 40.0000 10.0000 2.0000 10.0000 9.0000 0.0000 0.0000 0.2500 2.2500 0.0000 0.0000 b 0.1750 2.5000 1.0477 1.0393 0.2500 0.2500 0.2500 0.2500 0.2500 0.2500 0.2500 0.2500 0.2500 
main 9.0000 2.0000 16.0000 9.0000 1.0000 9.0000 8.0000 0.0000 0.0000 0.2500 2.0000 0.0000 0.0000 b 0.1730 2.2500 1.0976 1.0893 0.2500 0.2500 0.2500 0.2500 0.2500 0.2500 0.2500 0.2500 0.0000 
main 9.0000 2.0000 13.0000 8.0000 1.0000 8.0000 7.0000 0.0000 0.0000 0.2500 1.7500 0.0000 0.0000 b 0.1730 2.0000 1.2965 1.2882 0.2500 0.2500 0.2500 0.2500 0.2500 0.2500 0.2500 0.0000 0.0000 
main 9.0000 2.0000 18.0000 9.0000 1.0000 9.0000 8.0000 2.0000 0.0910 0.2494 1.9955 0.0906 0.1145 b 0.1930 2.2455 1.1230 1.1147 0.1873 0.1599 0.2070 0.1765 0.3712 0.1933 0.3683 0.3321 0.0000 
main 9.0000 2.0000 28.0000 6.0000 0.0000 6.0000 5.0000 0.0000 0.0000 0.2500 1.2500 0.0000 0.0000 b 0.1550 1.5000 1.2192 1.2108 0.2500 0.2500 0.2500 0.2500 0.2500 0.0000 0.0000 0.0000 0.0000 
main 9.0000 2.0000 39.0000 9.0000 1.0000 9.0000 8.0000 2.0000 0.0951 0.2496 1.9969 0.0906 0.1145 b 0.1910 2.2469 1.1447 1.1364 0.2175 0.3200 0.1545 0.3760 0.1650 0.2351 0.1537 0.3750 0.0000 
main 9.0000 2.0000 55.0000 8.0000 1.0000 8.0000 7.0000 0.0000 0.0000 0.2500 1.7500 0.0000 0.0000 b 0.1370 2.0000 1.0909 1.0825 0.2500 0.2500 0.2500 0.2500 0.2500 0.2500 0.2500 0.0000 0.0000 
main 9.0000 2.0000 34.0000 8.0000 1.0000 8.0000 7.0000 0.0000 0.0000 0.2500 1.7500 0.0000 0.0000 b 0.1480 2.0000 1.0093 1.0009 0.2500 0.2500 0.2500 0.2500 0.2500 0.2500 0.2500 0.0000 0.0000 
main 9.0000 2.0000 35.0000 8.0000 1.0000 8.0000 7.0000 1.0000 0.0549 0.2502 1.7511 0.0349 0.0588 b 0.1510 2.0011 1.3799 1.3716 0.2377 0.2031 0.2850 0.2132 0.3395 0.1874 0.2852 0.0000 0.0000 
main 9.0000 2.0000 47.0000 5.0000 0.0000 5.0000 4.0000 1.0000 0.0570 0.2492 0.9968 0.0349 0.0588 b 0.1610 1.2468 1.3503 1.3420 0.3235 0.2429 0.1846 0.2458 0.0000 0.0000 0.0000 0.0000 0.0000 
main 9.0000 2.0000 53.0000 7.0000 1.0000 7.0000 6.0000 1.0000 0.0582 0.2506 1.5037 0.0349 0.0588 b 0.1090 1.7537 1.2146 1.2063 0.2941 0.1998 0.3326 0.2645 0.1776 0.2351 0.0000 0.0000 0.0000 
main 9.0000 2.0000 11.0000 7.0000 1.0000 7.0000 6.0000 1.0000 0.0578 0.2494 1.4962 0.0349 0.0588 b 0.1880 1.7462 1.4739 1.4656 0.1879 0.2744 0.2354 0.1970 0.3459 0.2555 0.0000 0.0000 0.0000 
main 9.0000 2.0000 1.0000 4.0000 0.0000 4.0000 3.0000 0.0000 0.0000 0.2500 0.7500 0.0000 0.0000 b 0.2250 1.0000 1.2819 1.2736 0.2500 0.2500 0.2500 0.0000 0.0000 0.0000 0.0000 0.0000 0.0000 
main 9.0000 2.0000 27.0000 5.0000 0.0000 5.0000 4.0000 2.0000 0.1038 0.2497 0.9988 0.0906 0.1145 b 0.1680 1.2488 1.2194 1.2110 0.2294 0.1515 0.3963 0.2216 0.0000 0.0000 0.0000 0.0000 0.0000 
main 9.0000 2.0000 24.0000 4.0000 0.0000 4.0000 3.0000 2.0000 0.0907 0.2488 0.7464 0.0906 0.1145 b 0.2280 0.9964 1.4241 1.4157 0.1691 0.2299 0.3475 0.0000 0.0000 0.0000 0.0000 0.0000 0.0000 
main 9.0000 2.0000 29.0000 6.0000 0.0000 6.0000 5.0000 1.0000 0.0576 0.2509 1.2544 0.0349 0.0588 NA E 1.5044 1.0348 1.0264 0.2537 0.2264 0.1981 0.2284 0.3478 0.0000 0.0000 0.0000 0.0000 
main 9.0000 2.0000 32.0000 7.0000 1.0000 7.0000 6.0000 1.0000 0.0544 0.2502 1.5011 0.0349 0.0588 b 0.1990 1.7511 1.1447 1.1363 0.2669 0.2386 0.1788 0.2205 0.3418 0.2545 0.0000 0.0000 0.0000 
main 9.0000 2.0000 5.0000 5.0000 0.0000 5.0000 4.0000 1.0000 0.0437 0.2489 0.9957 0.0349 0.0588 b 0.1840 1.2457 1.1936 1.1853 0.1979 0.2362 0.3025 0.2590 0.0000 0.0000 0.0000 0.0000 0.0000 
main 9.0000 2.0000 22.0000 4.0000 0.0000 4.0000 3.0000 0.0000 0.0000 0.2500 0.7500 0.0000 0.0000 b 0.2590 1.0000 1.4500 1.4417 0.2500 0.2500 0.2500 0.0000 0.0000 0.0000 0.0000 0.0000 0.0000 
main 9.0000 2.0000 20.0000 10.0000 2.0000 10.0000 9.0000 1.0000 0.0503 0.2499 2.2494 0.0349 0.0588 b 0.1520 2.4994 1.1755 1.1671 0.2364 0.2710 0.2104 0.3431 0.2090 0.3087 0.2114 0.2606 0.1988 
main 9.0000 2.0000 41.0000 10.0000 2.0000 10.0000 9.0000 1.0000 0.0537 0.2502 2.2514 0.0349 0.0588 b 0.1770 2.5014 1.2144 1.2061 0.2474 0.2848 0.1907 0.2397 0.3623 0.2520 0.1818 0.2685 0.2243 
main 9.0000 2.0000 46.0000 5.0000 0.0000 5.0000 4.0000 0.0000 0.0000 0.2500 1.0000 0.0000 0.0000 b 0.1530 1.2500 1.1067 1.0983 0.2500 0.2500 0.2500 0.2500 0.0000 0.0000 0.0000 0.0000 0.0000 
main 9.0000 2.0000 7.0000 6.0000 0.0000 6.0000 5.0000 0.0000 0.0000 0.2500 1.2500 0.0000 0.0000 b 0.1660 1.5000 1.2854 1.2771 0.2500 0.2500 0.2500 0.2500 0.2500 0.0000 0.0000 0.0000 0.0000 
main 9.0000 2.0000 14.0000 8.0000 1.0000 8.0000 7.0000 1.0000 0.0418 0.2505 1.7536 0.0349 0.0588 b 0.1380 2.0036 1.3725 1.3642 0.2209 0.2847 0.1990 0.2957 0.2617 0.2037 0.2880 0.0000 0.0000 
main 9.0000 2.0000 6.0000 5.0000 0.0000 5.0000 4.0000 2.0000 0.1084 0.2494 0.9976 0.0906 0.1145 b 0.2290 1.2476 1.2480 1.2397 0.1542 0.1823 0.2652 0.3959 0.0000 0.0000 0.0000 0.0000 0.0000 
main 9.0000 2.0000 30.0000 6.0000 0.0000 6.0000 5.0000 2.0000 0.0916 0.2502 1.2508 0.0906 0.1145 b 0.3120 1.5008 1.1968 1.1885 0.3099 0.1742 0.3709 0.1521 0.2437 0.0000 0.0000 0.0000 0.0000 
main 9.0000 2.0000 3.0000 4.0000 0.0000 4.0000 3.0000 2.0000 0.1022 0.2492 0.7476 0.0906 0.1145 b 0.1680 0.9976 1.1620 1.1537 0.2216 0.1636 0.3623 0.0000 0.0000 0.0000 0.0000 0.0000 0.0000 
main 9.0000 2.0000 33.0000 7.0000 1.0000 7.0000 6.0000 2.0000 0.1067 0.2493 1.4957 0.0906 0.1145 b 0.2850 1.7457 1.0179 1.0096 0.1721 0.3872 0.1667 0.3774 0.1569 0.2355 0.0000 0.0000 0.0000 
main 9.0000 2.0000 51.0000 6.0000 0.0000 6.0000 5.0000 2.0000 0.0955 0.2507 1.2534 0.0906 0.1145 b 0.2030 1.5034 1.1312 1.1228 0.1752 0.3848 0.1973 0.3186 0.1776 0.0000 0.0000 0.0000 0.0000 
main 9.0000 2.0000 45.0000 4.0000 0.0000 4.0000 3.0000 2.0000 0.1035 0.2508 0.7524 0.0906 0.1145 b 0.1750 1.0024 1.1444 1.1361 0.1668 0.3664 0.2192 0.0000 0.0000 0.0000 0.0000 0.0000 0.0000 
main 9.0000 2.0000 43.0000 4.0000 0.0000 4.0000 3.0000 0.0000 0.0000 0.2500 0.7500 0.0000 0.0000 b 0.1210 1.0000 1.0729 1.0646 0.2500 0.2500 0.2500 0.0000 0.0000 0.0000 0.0000 0.0000 0.0000 
main 9.0000 2.0000 2.0000 4.0000 0.0000 4.0000 3.0000 1.0000 0.0414 0.2504 0.7511 0.0349 0.0588 b 0.1700 1.0011 1.1227 1.1144 0.2650 0.2036 0.2825 0.0000 0.0000 0.0000 0.0000 0.0000 0.0000 
main 9.0000 2.0000 49.0000 6.0000 0.0000 6.0000 5.0000 0.0000 0.0000 0.2500 1.2500 0.0000 0.0000 b 0.1430 1.5000 1.3224 1.3140 0.2500 0.2500 0.2500 0.2500 0.2500 0.0000 0.0000 0.0000 0.0000 
main 9.0000 2.0000 25.0000 5.0000 0.0000 5.0000 4.0000 0.0000 0.0000 0.2500 1.0000 0.0000 0.0000 b 0.1800 1.2500 1.1578 1.1495 0.2500 0.2500 0.2500 0.2500 0.0000 0.0000 0.0000 0.0000 0.0000 
main 9.0000 2.0000 63.0000 10.0000 2.0000 10.0000 9.0000 2.0000 0.0908 0.2498 2.2481 0.0906 0.1145 b 0.1630 2.4981 1.2762 1.2678 0.1637 0.2239 0.3923 0.2643 0.1826 0.3783 0.3043 0.1551 0.1837 
main 9.0000 2.0000 42.0000 10.0000 2.0000 10.0000 9.0000 2.0000 0.0914 0.2496 2.2462 0.0906 0.1145 b 0.1420 2.4962 1.0193 1.0110 0.2757 0.3964 0.1504 0.3060 0.1560 0.3637 0.2339 0.1964 0.1676 
main 9.0000 2.0000 10.0000 7.0000 1.0000 7.0000 6.0000 0.0000 0.0000 0.2500 1.5000 0.0000 0.0000 b 0.1850 1.7500 1.1625 1.1542 0.2500 0.2500 0.2500 0.2500 0.2500 0.2500 0.0000 0.0000 0.0000 
main 9.0000 2.0000 12.0000 7.0000 1.0000 7.0000 6.0000 2.0000 0.0934 0.2498 1.4991 0.0906 0.1145 b 0.2130 1.7491 1.4069 1.3986 0.2903 0.1919 0.1561 0.3255 0.3761 0.1593 0.0000 0.0000 0.0000 
main 9.0000 2.0000 56.0000 8.0000 1.0000 8.0000 7.0000 1.0000 0.0585 0.2497 1.7479 0.0349 0.0588 b 0.1490 1.9979 1.4752 1.4669 0.2028 0.2525 0.2166 0.3465 0.1814 0.2423 0.3057 0.0000 0.0000 
main 9.0000 3.0000 21.0000 10.0000 2.0000 10.0000 9.0000 2.0000 0.0913 0.2501 2.2508 0.0906 0.1145 b 0.1930 2.5008 1.2774 1.2691 0.3906 0.2890 0.2058 0.1807 0.2407 0.1591 0.3959 0.1571 0.2318 
main 9.0000 3.0000 27.0000 5.0000 0.0000 5.0000 4.0000 2.0000 0.1020 0.2492 0.9967 0.0906 0.1145 b 0.2610 1.2467 1.1742 1.1659 0.3954 0.1639 0.2003 0.2370 0.0000 0.0000 0.0000 0.0000 0.0000 
main 9.0000 3.0000 47.0000 5.0000 0.0000 5.0000 4.0000 1.0000 0.0498 0.2493 0.9972 0.0349 0.0588 b 0.1870 1.2472 1.4393 1.4309 0.3065 0.2319 0.2686 0.1902 0.0000 0.0000 0.0000 0.0000 0.0000 
main 9.0000 3.0000 17.0000 9.0000 1.0000 9.0000 8.0000 1.0000 0.0533 0.2498 1.9982 0.0349 0.0588 b 0.0010 2.2482 1.3792 1.3708 0.2144 0.2584 0.2096 0.2568 0.1840 0.3490 0.2974 0.2286 0.0000 
main 9.0000 3.0000 30.0000 6.0000 0.0000 6.0000 5.0000 2.0000 0.0934 0.2509 1.2543 0.0906 0.1145 b 0.2490 1.5043 1.0059 0.9975 0.1676 0.3481 0.1999 0.3566 0.1821 0.0000 0.0000 0.0000 0.0000 
main 9.0000 3.0000 6.0000 5.0000 0.0000 5.0000 4.0000 2.0000 0.1026 0.2488 0.9953 0.0906 0.1145 b 0.1640 1.2453 1.1367 1.1284 0.1805 0.2309 0.1850 0.3988 0.0000 0.0000 0.0000 0.0000 0.0000 
main 9.0000 3.0000 15.0000 8.0000 1.0000 8.0000 7.0000 2.0000 0.0953 0.2495 1.7464 0.0906 0.1145 b 0.1800 1.9964 1.4420 1.4337 0.1701 0.2154 0.3560 0.1537 0.3405 0.1602 0.3507 0.0000 0.0000 
main 9.0000 3.0000 33.0000 7.0000 1.0000 7.0000 6.0000 2.0000 0.1052 0.2499 1.4994 0.0906 0.1145 b 0.1790 1.7494 1.1795 1.1712 0.1659 0.2063 0.1629 0.1976 0.3967 0.3701 0.0000 0.0000 0.0000 
main 9.0000 3.0000 22.0000 4.0000 0.0000 4.0000 3.0000 0.0000 0.0000 0.2500 0.7500 0.0000 0.0000 b 0.2690 1.0000 1.2854 1.2770 0.2500 0.2500 0.2500 0.0000 0.0000 0.0000 0.0000 0.0000 0.0000 
main 9.0000 3.0000 8.0000 6.0000 0.0000 6.0000 5.0000 1.0000 0.0510 0.2504 1.2522 0.0349 0.0588 b 0.1560 1.5022 1.1537 1.1453 0.2248 0.1815 0.2616 0.3186 0.2656 0.0000 0.0000 0.0000 0.0000 
main 9.0000 3.0000 19.0000 10.0000 2.0000 10.0000 9.0000 0.0000 0.0000 0.2500 2.2500 0.0000 0.0000 b 0.1850 2.5000 1.0915 1.0831 0.2500 0.2500 0.2500 0.2500 0.2500 0.2500 0.2500 0.2500 0.2500 
main 9.0000 3.0000 34.0000 8.0000 1.0000 8.0000 7.0000 0.0000 0.0000 0.2500 1.7500 0.0000 0.0000 b 0.1380 2.0000 1.2574 1.2491 0.2500 0.2500 0.2500 0.2500 0.2500 0.2500 0.2500 0.0000 0.0000 
main 9.0000 3.0000 50.0000 6.0000 0.0000 6.0000 5.0000 1.0000 0.0500 0.2503 1.2514 0.0349 0.0588 b 0.1460 1.5014 1.0655 1.0571 0.2446 0.1950 0.2200 0.2654 0.3263 0.0000 0.0000 0.0000 0.0000 
main 9.0000 3.0000 9.0000 6.0000 0.0000 6.0000 5.0000 2.0000 0.0955 0.2503 1.2513 0.0906 0.1145 b 0.1570 1.5013 1.0860 1.0777 0.1545 0.2013 0.3932 0.2984 0.2039 0.0000 0.0000 0.0000 0.0000 
main 9.0000 3.0000 39.0000 9.0000 1.0000 9.0000 8.0000 2.0000 0.0915 0.2497 1.9975 0.0906 0.1145 b 0.1670 2.2475 1.3570 1.3486 0.1725 0.2651 0.3830 0.2175 0.3660 0.1548 0.2874 0.1512 0.0000 
main 9.0000 3.0000 2.0000 4.0000 0.0000 4.0000 3.0000 1.0000 0.0361 0.2487 0.7461 0.0349 0.0588 b 0.2670 0.9961 1.1976 1.1893 0.2522 0.2110 0.2830 0.0000 0.0000 0.0000 0.0000 0.0000 0.0000 
main 9.0000 3.0000 13.0000 8.0000 1.0000 8.0000 7.0000 0.0000 0.0000 0.2500 1.7500 0.0000 0.0000 b 0.1760 2.0000 1.0699 1.0615 0.2500 0.2500 0.2500 0.2500 0.2500 0.2500 0.2500 0.0000 0.0000 
main 9.0000 3.0000 48.0000 5.0000 0.0000 5.0000 4.0000 2.0000 0.1118 0.2492 0.9969 0.0906 0.1145 b 0.1980 1.2469 1.4718 1.4635 0.3834 0.1626 0.2992 0.1518 0.0000 0.0000 0.0000 0.0000 0.0000 
main 9.0000 3.0000 54.0000 7.0000 1.0000 7.0000 6.0000 2.0000 0.0931 0.2496 1.4978 0.0906 0.1145 b 0.2210 1.7478 1.3630 1.3546 0.3235 0.1581 0.2828 0.1547 0.1994 0.3793 0.0000 0.0000 0.0000 
main 9.0000 3.0000 32.0000 7.0000 1.0000 7.0000 6.0000 1.0000 0.0547 0.2501 1.5005 0.0349 0.0588 b 0.2370 1.7505 1.0431 1.0348 0.3060 0.2535 0.1986 0.3203 0.1868 0.2354 0.0000 0.0000 0.0000 
main 9.0000 3.0000 53.0000 7.0000 1.0000 7.0000 6.0000 1.0000 0.0564 0.2508 1.5049 0.0349 0.0588 b 0.1670 1.7549 1.0318 1.0235 0.2674 0.2406 0.1859 0.2664 0.2010 0.3436 0.0000 0.0000 0.0000 
main 9.0000 3.0000 44.0000 4.0000 0.0000 4.0000 3.0000 1.0000 0.0444 0.2490 0.7470 0.0349 0.0588 b 0.2050 0.9970 1.0123 1.0039 0.2386 0.2107 0.2976 0.0000 0.0000 0.0000 0.0000 0.0000 0.0000 
main 9.0000 3.0000 42.0000 10.0000 2.0000 10.0000 9.0000 2.0000 0.0908 0.2504 2.2533 0.0906 0.1145 b 0.2010 2.5033 1.1800 1.1717 0.1522 0.3757 0.1721 0.2787 0.3154 0.3821 0.1690 0.2282 0.1797 
main 9.0000 3.0000 31.0000 7.0000 1.0000 7.0000 6.0000 0.0000 0.0000 0.2500 1.5000 0.0000 0.0000 b 0.1710 1.7500 1.3052 1.2968 0.2500 0.2500 0.2500 0.2500 0.2500 0.2500 0.0000 0.0000 0.0000 
main 9.0000 3.0000 41.0000 10.0000 2.0000 10.0000 9.0000 1.0000 0.0548 0.2498 2.2479 0.0349 0.0588 NA E 2.4979 1.0943 1.0859 0.2468 0.2209 0.2936 0.2066 0.2780 0.2099 0.2381 0.1894 0.3647 
main 9.0000 3.0000 49.0000 6.0000 0.0000 6.0000 5.0000 0.0000 0.0000 0.2500 1.2500 0.0000 0.0000 b 0.2160 1.5000 1.3326 1.3242 0.2500 0.2500 0.2500 0.2500 0.2500 0.0000 0.0000 0.0000 0.0000 
main 9.0000 3.0000 1.0000 4.0000 0.0000 4.0000 3.0000 0.0000 0.0000 0.2500 0.7500 0.0000 0.0000 b 0.3240 1.0000 1.1730 1.1646 0.2500 0.2500 0.2500 0.0000 0.0000 0.0000 0.0000 0.0000 0.0000 
main 9.0000 3.0000 43.0000 4.0000 0.0000 4.0000 3.0000 0.0000 0.0000 0.2500 0.7500 0.0000 0.0000 b 0.4570 1.0000 1.2532 1.2449 0.2500 0.2500 0.2500 0.0000 0.0000 0.0000 0.0000 0.0000 0.0000 
main 9.0000 3.0000 46.0000 5.0000 0.0000 5.0000 4.0000 0.0000 0.0000 0.2500 1.0000 0.0000 0.0000 b 0.2400 1.2500 1.0501 1.0418 0.2500 0.2500 0.2500 0.2500 0.0000 0.0000 0.0000 0.0000 0.0000 
main 9.0000 3.0000 7.0000 6.0000 0.0000 6.0000 5.0000 0.0000 0.0000 0.2500 1.2500 0.0000 0.0000 b 0.1640 1.5000 1.3487 1.3403 0.2500 0.2500 0.2500 0.2500 0.2500 0.0000 0.0000 0.0000 0.0000 
main 9.0000 3.0000 55.0000 8.0000 1.0000 8.0000 7.0000 0.0000 0.0000 0.2500 1.7500 0.0000 0.0000 b 0.1880 2.0000 1.0679 1.0596 0.2500 0.2500 0.2500 0.2500 0.2500 0.2500 0.2500 0.0000 0.0000 
main 9.0000 3.0000 28.0000 6.0000 0.0000 6.0000 5.0000 0.0000 0.0000 0.2500 1.2500 0.0000 0.0000 b 0.1770 1.5000 1.2038 1.1955 0.2500 0.2500 0.2500 0.2500 0.2500 0.0000 0.0000 0.0000 0.0000 
main 9.0000 3.0000 4.0000 5.0000 0.0000 5.0000 4.0000 0.0000 0.0000 0.2500 1.0000 0.0000 0.0000 b 0.1950 1.2500 1.1909 1.1826 0.2500 0.2500 0.2500 0.2500 0.0000 0.0000 0.0000 0.0000 0.0000 
main 9.0000 3.0000 36.0000 8.0000 1.0000 8.0000 7.0000 2.0000 0.0943 0.2499 1.7495 0.0906 0.1145 b 0.2600 1.9995 1.0201 1.0117 0.1518 0.2400 0.1518 0.2638 0.3958 0.3487 0.1975 0.0000 0.0000 
main 9.0000 3.0000 20.0000 10.0000 2.0000 10.0000 9.0000 1.0000 0.0471 0.2497 2.2473 0.0349 0.0588 b 0.2040 2.4973 1.0505 1.0422 0.2969 0.2449 0.3003 0.2517 0.2024 0.2641 0.2969 0.2288 0.1613 
main 9.0000 3.0000 12.0000 7.0000 1.0000 7.0000 6.0000 2.0000 0.0921 0.2508 1.5049 0.0906 0.1145 b 0.2300 1.7549 1.1042 1.0959 0.1788 0.3609 0.1916 0.3718 0.2321 0.1697 0.0000 0.0000 0.0000 
main 9.0000 3.0000 11.0000 7.0000 1.0000 7.0000 6.0000 1.0000 0.0555 0.2496 1.4977 0.0349 0.0588 b 0.2070 1.7477 1.2090 1.2006 0.2624 0.2960 0.2116 0.3279 0.2170 0.1827 0.0000 0.0000 0.0000 
main 9.0000 3.0000 25.0000 5.0000 0.0000 5.0000 4.0000 0.0000 0.0000 0.2500 1.0000 0.0000 0.0000 b 0.3610 1.2500 1.1629 1.1546 0.2500 0.2500 0.2500 0.2500 0.0000 0.0000 0.0000 0.0000 0.0000 
main 9.0000 3.0000 38.0000 9.0000 1.0000 9.0000 8.0000 1.0000 0.0480 0.2505 2.0042 0.0349 0.0588 b 0.1630 2.2542 1.0319 1.0235 0.2352 0.2942 0.2034 0.3087 0.2613 0.1868 0.2119 0.3028 0.0000 
main 9.0000 3.0000 63.0000 10.0000 2.0000 10.0000 9.0000 2.0000 0.0963 0.2505 2.2544 0.0906 0.1145 b 0.2060 2.5044 1.4393 1.4310 0.1547 0.2242 0.3922 0.3490 0.2298 0.1732 0.2025 0.3773 0.1514 
main 9.0000 3.0000 52.0000 7.0000 1.0000 7.0000 6.0000 0.0000 0.0000 0.2500 1.5000 0.0000 0.0000 b 0.1970 1.7500 1.1356 1.1272 0.2500 0.2500 0.2500 0.2500 0.2500 0.2500 0.0000 0.0000 0.0000 
main 9.0000 3.0000 51.0000 6.0000 0.0000 6.0000 5.0000 2.0000 0.1068 0.2496 1.2481 0.0906 0.1145 b 0.1880 1.4981 1.3968 1.3884 0.1704 0.3979 0.3254 0.1534 0.2010 0.0000 0.0000 0.0000 0.0000 
main 9.0000 3.0000 16.0000 9.0000 1.0000 9.0000 8.0000 0.0000 0.0000 0.2500 2.0000 0.0000 0.0000 b 0.1730 2.2500 1.2389 1.2306 0.2500 0.2500 0.2500 0.2500 0.2500 0.2500 0.2500 0.2500 0.0000 
main 9.0000 3.0000 58.0000 9.0000 1.0000 9.0000 8.0000 0.0000 0.0000 0.2500 2.0000 0.0000 0.0000 b 0.1640 2.2500 1.0818 1.0735 0.2500 0.2500 0.2500 0.2500 0.2500 0.2500 0.2500 0.2500 0.0000 
main 9.0000 3.0000 56.0000 8.0000 1.0000 8.0000 7.0000 1.0000 0.0573 0.2502 1.7513 0.0349 0.0588 b 0.1730 2.0013 1.4328 1.4245 0.2415 0.1502 0.2613 0.2945 0.2571 0.3300 0.2167 0.0000 0.0000 
main 9.0000 3.0000 59.0000 9.0000 1.0000 9.0000 8.0000 1.0000 0.0496 0.2496 1.9969 0.0349 0.0588 b 0.2050 2.2469 1.3768 1.3685 0.2195 0.1890 0.3292 0.2611 0.2143 0.2396 0.3157 0.2285 0.0000 
main 9.0000 3.0000 62.0000 10.0000 2.0000 10.0000 9.0000 1.0000 0.0516 0.2499 2.2492 0.0349 0.0588 b 0.1880 2.4992 1.2892 1.2809 0.2104 0.1694 0.3168 0.2025 0.2671 0.2396 0.3248 0.2467 0.2719 
main 9.0000 3.0000 23.0000 4.0000 0.0000 4.0000 3.0000 1.0000 0.0365 0.2502 0.7507 0.0349 0.0588 b 0.2560 1.0007 1.1460 1.1376 0.2786 0.2090 0.2630 0.0000 0.0000 0.0000 0.0000 0.0000 0.0000 
main 9.0000 3.0000 40.0000 10.0000 2.0000 10.0000 9.0000 0.0000 0.0000 0.2500 2.2500 0.0000 0.0000 b 0.1830 2.5000 1.1501 1.1417 0.2500 0.2500 0.2500 0.2500 0.2500 0.2500 0.2500 0.2500 0.2500 
main 9.0000 3.0000 61.0000 10.0000 2.0000 10.0000 9.0000 0.0000 0.0000 0.2500 2.2500 0.0000 0.0000 b 0.1830 2.5000 1.1378 1.1294 0.2500 0.2500 0.2500 0.2500 0.2500 0.2500 0.2500 0.2500 0.2500 
main 9.0000 3.0000 29.0000 6.0000 0.0000 6.0000 5.0000 1.0000 0.0493 0.2493 1.2466 0.0349 0.0588 b 0.2190 1.4966 1.4964 1.4881 0.2559 0.2966 0.1701 0.2823 0.2416 0.0000 0.0000 0.0000 0.0000 
main 9.0000 3.0000 45.0000 4.0000 0.0000 4.0000 3.0000 2.0000 0.1005 0.2503 0.7509 0.0906 0.1145 b 0.2020 1.0009 1.4698 1.4614 0.2304 0.3593 0.1612 0.0000 0.0000 0.0000 0.0000 0.0000 0.0000 
main 9.0000 3.0000 10.0000 7.0000 1.0000 7.0000 6.0000 0.0000 0.0000 0.2500 1.5000 0.0000 0.0000 b 0.1810 1.7500 1.4426 1.4342 0.2500 0.2500 0.2500 0.2500 0.2500 0.2500 0.0000 0.0000 0.0000 
main 9.0000 3.0000 14.0000 8.0000 1.0000 8.0000 7.0000 1.0000 0.0556 0.2500 1.7500 0.0349 0.0588 b 0.1420 2.0000 1.4767 1.4683 0.1871 0.2875 0.3155 0.2337 0.3032 0.1739 0.2492 0.0000 0.0000 
main 9.0000 3.0000 5.0000 5.0000 0.0000 5.0000 4.0000 1.0000 0.0524 0.2499 0.9996 0.0349 0.0588 b 0.2370 1.2496 1.3009 1.2926 0.2097 0.3214 0.2568 0.2117 0.0000 0.0000 0.0000 0.0000 0.0000 
main 9.0000 3.0000 26.0000 5.0000 0.0000 5.0000 4.0000 1.0000 0.0475 0.2511 1.0045 0.0349 0.0588 b 0.2590 1.2545 1.1131 1.1048 0.2615 0.1924 0.2434 0.3072 0.0000 0.0000 0.0000 0.0000 0.0000 
main 9.0000 3.0000 18.0000 9.0000 1.0000 9.0000 8.0000 2.0000 0.0907 0.2498 1.9987 0.0906 0.1145 b 0.1730 2.2487 1.0453 1.0370 0.1626 0.1963 0.3372 0.1566 0.3832 0.1700 0.3302 0.2626 0.0000 
main 9.0000 3.0000 60.0000 9.0000 1.0000 9.0000 8.0000 2.0000 0.0918 0.2500 2.0003 0.0906 0.1145 b 0.1640 2.2503 1.2698 1.2614 0.1832 0.1507 0.3792 0.1683 0.2834 0.2055 0.2451 0.3848 0.0000 
main 9.0000 3.0000 57.0000 8.0000 1.0000 8.0000 7.0000 2.0000 0.1022 0.2507 1.7547 0.0906 0.1145 b 0.2310 2.0047 1.2186 1.2103 0.1730 0.3908 0.1692 0.1981 0.2728 0.1616 0.3893 0.0000 0.0000 
main 9.0000 3.0000 24.0000 4.0000 0.0000 4.0000 3.0000 2.0000 0.1140 0.2499 0.7497 0.0906 0.1145 b 0.2710 0.9997 1.0219 1.0136 0.1632 0.2074 0.3791 0.0000 0.0000 0.0000 0.0000 0.0000 0.0000 
main 9.0000 3.0000 37.0000 9.0000 1.0000 9.0000 8.0000 0.0000 0.0000 0.2500 2.0000 0.0000 0.0000 b 0.1480 2.2500 1.3494 1.3411 0.2500 0.2500 0.2500 0.2500 0.2500 0.2500 0.2500 0.2500 0.0000 
main 9.0000 3.0000 3.0000 4.0000 0.0000 4.0000 3.0000 2.0000 0.1007 0.2485 0.7454 0.0906 0.1145 b 0.2830 0.9954 1.4169 1.4086 0.1514 0.3525 0.2415 0.0000 0.0000 0.0000 0.0000 0.0000 0.0000 
main 9.0000 3.0000 35.0000 8.0000 1.0000 8.0000 7.0000 1.0000 0.0494 0.2495 1.7468 0.0349 0.0588 b 0.2980 1.9968 1.3191 1.3108 0.2763 0.2018 0.2550 0.1904 0.3128 0.2101 0.3004 0.0000 0.0000 
main 9.0000 4.0000 37.0000 9.0000 1.0000 9.0000 8.0000 0.0000 0.0000 0.2500 2.0000 0.0000 0.0000 b 0.1900 2.2500 1.0375 1.0292 0.2500 0.2500 0.2500 0.2500 0.2500 0.2500 0.2500 0.2500 0.0000 
main 9.0000 4.0000 35.0000 8.0000 1.0000 8.0000 7.0000 1.0000 0.0555 0.2504 1.7525 0.0349 0.0588 b 0.1710 2.0025 1.1678 1.1594 0.2232 0.3230 0.2960 0.2533 0.2857 0.1664 0.2050 0.0000 0.0000 
main 9.0000 4.0000 59.0000 9.0000 1.0000 9.0000 8.0000 1.0000 0.0538 0.2504 2.0032 0.0349 0.0588 b 0.1550 2.2532 1.4776 1.4693 0.1648 0.2618 0.2184 0.3401 0.2806 0.2065 0.2511 0.2799 0.0000 
main 9.0000 4.0000 9.0000 6.0000 0.0000 6.0000 5.0000 2.0000 0.1032 0.2504 1.2518 0.0906 0.1145 b 0.1950 1.5018 1.0023 0.9940 0.3443 0.1663 0.2029 0.3781 0.1601 0.0000 0.0000 0.0000 0.0000 
main 9.0000 4.0000 50.0000 6.0000 0.0000 6.0000 5.0000 1.0000 0.0564 0.2498 1.2490 0.0349 0.0588 b 0.1880 1.4990 1.1703 1.1619 0.2549 0.1931 0.2614 0.2044 0.3351 0.0000 0.0000 0.0000 0.0000 
main 9.0000 4.0000 47.0000 5.0000 0.0000 5.0000 4.0000 1.0000 0.0479 0.2495 0.9979 0.0349 0.0588 b 0.1630 1.2479 1.0800 1.0717 0.3012 0.2667 0.1873 0.2428 0.0000 0.0000 0.0000 0.0000 0.0000 
main 9.0000 4.0000 7.0000 6.0000 0.0000 6.0000 5.0000 0.0000 0.0000 0.2500 1.2500 0.0000 0.0000 b 0.1530 1.5000 1.0768 1.0684 0.2500 0.2500 0.2500 0.2500 0.2500 0.0000 0.0000 0.0000 0.0000 
main 9.0000 4.0000 24.0000 4.0000 0.0000 4.0000 3.0000 2.0000 0.0966 0.2501 0.7503 0.0906 0.1145 b 0.1930 1.0003 1.3289 1.3205 0.1701 0.3574 0.2228 0.0000 0.0000 0.0000 0.0000 0.0000 0.0000 
main 9.0000 4.0000 44.0000 4.0000 0.0000 4.0000 3.0000 1.0000 0.0475 0.2513 0.7538 0.0349 0.0588 b 0.1470 1.0038 1.1908 1.1824 0.2621 0.2924 0.1993 0.0000 0.0000 0.0000 0.0000 0.0000 0.0000 
main 9.0000 4.0000 11.0000 7.0000 1.0000 7.0000 6.0000 1.0000 0.0548 0.2503 1.5021 0.0349 0.0588 NA E 1.7521 1.3696 1.3613 0.2504 0.3185 0.2656 0.2122 0.1659 0.2895 0.0000 0.0000 0.0000 
main 9.0000 4.0000 20.0000 10.0000 2.0000 10.0000 9.0000 1.0000 0.0489 0.2495 2.2454 0.0349 0.0588 b 0.3630 2.4954 1.4617 1.4534 0.2866 0.1761 0.2146 0.2909 0.2108 0.3285 0.2700 0.2136 0.2542 
main 9.0000 4.0000 56.0000 8.0000 1.0000 8.0000 7.0000 1.0000 0.0530 0.2495 1.7466 0.0349 0.0588 b 0.2120 1.9966 1.0952 1.0869 0.2702 0.2213 0.2879 0.2472 0.1730 0.3332 0.2138 0.0000 0.0000 
main 9.0000 4.0000 58.0000 9.0000 1.0000 9.0000 8.0000 0.0000 0.0000 0.2500 2.0000 0.0000 0.0000 b 0.1450 2.2500 1.2168 1.2085 0.2500 0.2500 0.2500 0.2500 0.2500 0.2500 0.2500 0.2500 0.0000 
main 9.0000 4.0000 29.0000 6.0000 0.0000 6.0000 5.0000 1.0000 0.0430 0.2497 1.2486 0.0349 0.0588 b 0.2180 1.4986 1.4332 1.4249 0.2807 0.2322 0.2988 0.2481 0.1887 0.0000 0.0000 0.0000 0.0000 
main 9.0000 4.0000 15.0000 8.0000 1.0000 8.0000 7.0000 2.0000 0.0949 0.2495 1.7463 0.0906 0.1145 b 0.1920 1.9963 1.2706 1.2623 0.3557 0.1569 0.2313 0.3904 0.1837 0.2741 0.1542 0.0000 0.0000 
main 9.0000 4.0000 17.0000 9.0000 1.0000 9.0000 8.0000 1.0000 0.0534 0.2505 2.0037 0.0349 0.0588 b 0.1750 2.2537 1.0529 1.0446 0.2589 0.2089 0.2396 0.3400 0.2606 0.1747 0.3050 0.2161 0.0000 
main 9.0000 4.0000 10.0000 7.0000 1.0000 7.0000 6.0000 0.0000 0.0000 0.2500 1.5000 0.0000 0.0000 b 0.3220 1.7500 1.4265 1.4182 0.2500 0.2500 0.2500 0.2500 0.2500 0.2500 0.0000 0.0000 0.0000 
main 9.0000 4.0000 27.0000 5.0000 0.0000 5.0000 4.0000 2.0000 0.1014 0.2491 0.9965 0.0906 0.1145 b 0.1710 1.2465 1.1037 1.0953 0.2555 0.3873 0.1517 0.2019 0.0000 0.0000 0.0000 0.0000 0.0000 
main 9.0000 4.0000 19.0000 10.0000 2.0000 10.0000 9.0000 0.0000 0.0000 0.2500 2.2500 0.0000 0.0000 b 0.1360 2.5000 1.2487 1.2404 0.2500 0.2500 0.2500 0.2500 0.2500 0.2500 0.2500 0.2500 0.2500 
main 9.0000 4.0000 12.0000 7.0000 1.0000 7.0000 6.0000 2.0000 0.0990 0.2508 1.5047 0.0906 0.1145 b 0.2770 1.7547 1.2678 1.2594 0.3858 0.1672 0.2767 0.1819 0.1507 0.3423 0.0000 0.0000 0.0000 
main 9.0000 4.0000 36.0000 8.0000 1.0000 8.0000 7.0000 2.0000 0.0924 0.2498 1.7489 0.0906 0.1145 b 0.1520 1.9989 1.4501 1.4417 0.1691 0.3865 0.2200 0.1553 0.2937 0.1785 0.3458 0.0000 0.0000 
main 9.0000 4.0000 45.0000 4.0000 0.0000 4.0000 3.0000 2.0000 0.0997 0.2497 0.7492 0.0906 0.1145 b 0.1860 0.9992 1.0679 1.0596 0.3633 0.2092 0.1767 0.0000 0.0000 0.0000 0.0000 0.0000 0.0000 
main 9.0000 4.0000 23.0000 4.0000 0.0000 4.0000 3.0000 1.0000 0.0503 0.2499 0.7497 0.0349 0.0588 b 0.1640 0.9997 1.2691 1.2607 0.2408 0.2047 0.3042 0.0000 0.0000 0.0000 0.0000 0.0000 0.0000 
main 9.0000 4.0000 52.0000 7.0000 1.0000 7.0000 6.0000 0.0000 0.0000 0.2500 1.5000 0.0000 0.0000 b 0.1090 1.7500 1.0947 1.0864 0.2500 0.2500 0.2500 0.2500 0.2500 0.2500 0.0000 0.0000 0.0000 
main 9.0000 4.0000 5.0000 5.0000 0.0000 5.0000 4.0000 1.0000 0.0464 0.2490 0.9958 0.0349 0.0588 b 0.1730 1.2458 1.2725 1.2642 0.2943 0.1917 0.2778 0.2320 0.0000 0.0000 0.0000 0.0000 0.0000 
main 9.0000 4.0000 18.0000 9.0000 1.0000 9.0000 8.0000 2.0000 0.1021 0.2498 1.9981 0.0906 0.1145 b 0.1780 2.2481 1.1014 1.0931 0.3927 0.1630 0.3414 0.2126 0.1546 0.1956 0.1630 0.3752 0.0000 
main 9.0000 4.0000 25.0000 5.0000 0.0000 5.0000 4.0000 0.0000 0.0000 0.2500 1.0000 0.0000 0.0000 b 0.1680 1.2500 1.4711 1.4628 0.2500 0.2500 0.2500 0.2500 0.0000 0.0000 0.0000 0.0000 0.0000 
main 9.0000 4.0000 16.0000 9.0000 1.0000 9.0000 8.0000 0.0000 0.0000 0.2500 2.0000 0.0000 0.0000 b 0.1780 2.2500 1.2108 1.2024 0.2500 0.2500 0.2500 0.2500 0.2500 0.2500 0.2500 0.2500 0.0000 
main 9.0000 4.0000 4.0000 5.0000 0.0000 5.0000 4.0000 0.0000 0.0000 0.2500 1.0000 0.0000 0.0000 b 0.1810 1.2500 1.1577 1.1494 0.2500 0.2500 0.2500 0.2500 0.0000 0.0000 0.0000 0.0000 0.0000 
main 9.0000 4.0000 8.0000 6.0000 0.0000 6.0000 5.0000 1.0000 0.0565 0.2496 1.2481 0.0349 0.0588 b 0.1790 1.4981 1.2458 1.2375 0.2188 0.2988 0.2672 0.2966 0.1668 0.0000 0.0000 0.0000 0.0000 
main 9.0000 4.0000 13.0000 8.0000 1.0000 8.0000 7.0000 0.0000 0.0000 0.2500 1.7500 0.0000 0.0000 b 0.1790 2.0000 1.3118 1.3034 0.2500 0.2500 0.2500 0.2500 0.2500 0.2500 0.2500 0.0000 0.0000 
main 9.0000 4.0000 40.0000 10.0000 2.0000 10.0000 9.0000 0.0000 0.0000 0.2500 2.2500 0.0000 0.0000 b 0.1860 2.5000 1.1636 1.1553 0.2500 0.2500 0.2500 0.2500 0.2500 0.2500 0.2500 0.2500 0.2500 
main 9.0000 4.0000 26.0000 5.0000 0.0000 5.0000 4.0000 1.0000 0.0558 0.2490 0.9958 0.0349 0.0588 b 0.2860 1.2458 1.1954 1.1870 0.2565 0.3120 0.1760 0.2513 0.0000 0.0000 0.0000 0.0000 0.0000 
main 9.0000 4.0000 38.0000 9.0000 1.0000 9.0000 8.0000 1.0000 0.0542 0.2499 1.9994 0.0349 0.0588 b 0.1520 2.2494 1.2371 1.2288 0.1937 0.3114 0.2501 0.3004 0.1616 0.2611 0.2987 0.2224 0.0000 
main 9.0000 4.0000 60.0000 9.0000 1.0000 9.0000 8.0000 2.0000 0.1003 0.2502 2.0017 0.0906 0.1145 b 0.1430 2.2517 1.2901 1.2818 0.1710 0.3708 0.1900 0.3382 0.1592 0.1890 0.3985 0.1853 0.0000 
main 9.0000 4.0000 49.0000 6.0000 0.0000 6.0000 5.0000 0.0000 0.0000 0.2500 1.2500 0.0000 0.0000 b 0.2710 1.5000 1.4188 1.4104 0.2500 0.2500 0.2500 0.2500 0.2500 0.0000 0.0000 0.0000 0.0000 
main 9.0000 4.0000 34.0000 8.0000 1.0000 8.0000 7.0000 0.0000 0.0000 0.2500 1.7500 0.0000 0.0000 b 0.1990 2.0000 1.2325 1.2242 0.2500 0.2500 0.2500 0.2500 0.2500 0.2500 0.2500 0.0000 0.0000 
main 9.0000 4.0000 61.0000 10.0000 2.0000 10.0000 9.0000 0.0000 0.0000 0.2500 2.2500 0.0000 0.0000 b 0.1480 2.5000 1.2563 1.2479 0.2500 0.2500 0.2500 0.2500 0.2500 0.2500 0.2500 0.2500 0.2500 
main 9.0000 4.0000 32.0000 7.0000 1.0000 7.0000 6.0000 1.0000 0.0572 0.2499 1.4997 0.0349 0.0588 b 0.1280 1.7497 1.0028 0.9945 0.2588 0.2220 0.3445 0.1755 0.2718 0.2270 0.0000 0.0000 0.0000 
main 9.0000 4.0000 22.0000 4.0000 0.0000 4.0000 3.0000 0.0000 0.0000 0.2500 0.7500 0.0000 0.0000 b 0.2310 1.0000 1.1726 1.1642 0.2500 0.2500 0.2500 0.0000 0.0000 0.0000 0.0000 0.0000 0.0000 
main 9.0000 4.0000 41.0000 10.0000 2.0000 10.0000 9.0000 1.0000 0.0441 0.2504 2.2539 0.0349 0.0588 b 0.1820 2.5039 1.0549 1.0465 0.2665 0.2172 0.2515 0.2803 0.2042 0.2520 0.3136 0.1765 0.2920 
main 9.0000 4.0000 1.0000 4.0000 0.0000 4.0000 3.0000 0.0000 0.0000 0.2500 0.7500 0.0000 0.0000 b 0.2970 1.0000 1.4380 1.4297 0.2500 0.2500 0.2500 0.0000 0.0000 0.0000 0.0000 0.0000 0.0000 
main 9.0000 4.0000 30.0000 6.0000 0.0000 6.0000 5.0000 2.0000 0.0940 0.2493 1.2465 0.0906 0.1145 b 0.1730 1.4965 1.3501 1.3418 0.1555 0.1877 0.3984 0.2688 0.2361 0.0000 0.0000 0.0000 0.0000 
main 9.0000 4.0000 3.0000 4.0000 0.0000 4.0000 3.0000 2.0000 0.0969 0.2505 0.7514 0.0906 0.1145 b 0.2790 1.0014 1.0418 1.0335 0.3582 0.1705 0.2227 0.0000 0.0000 0.0000 0.0000 0.0000 0.0000 
main 9.0000 4.0000 54.0000 7.0000 1.0000 7.0000 6.0000 2.0000 0.0948 0.2493 1.4961 0.0906 0.1145 b 0.1890 1.7461 1.2892 1.2809 0.1778 0.1507 0.2917 0.1733 0.3216 0.3809 0.0000 0.0000 0.0000 
main 9.0000 4.0000 43.0000 4.0000 0.0000 4.0000 3.0000 0.0000 0.0000 0.2500 0.7500 0.0000 0.0000 b 0.2040 1.0000 1.1162 1.1079 0.2500 0.2500 0.2500 0.0000 0.0000 0.0000 0.0000 0.0000 0.0000 
main 9.0000 4.0000 51.0000 6.0000 0.0000 6.0000 5.0000 2.0000 0.0930 0.2497 1.2487 0.0906 0.1145 b 0.2810 1.4987 1.2610 1.2527 0.1910 0.1523 0.3768 0.3147 0.2139 0.0000 0.0000 0.0000 0.0000 
main 9.0000 4.0000 39.0000 9.0000 1.0000 9.0000 8.0000 2.0000 0.0923 0.2504 2.0033 0.0906 0.1145 b 0.2430 2.2533 1.2494 1.2411 0.2186 0.1902 0.3902 0.2212 0.1669 0.3849 0.2752 0.1561 0.0000 
main 9.0000 4.0000 2.0000 4.0000 0.0000 4.0000 3.0000 1.0000 0.0587 0.2485 0.7455 0.0349 0.0588 b 0.3750 0.9955 1.1356 1.1273 0.3118 0.2376 0.1960 0.0000 0.0000 0.0000 0.0000 0.0000 0.0000 
main 9.0000 4.0000 53.0000 7.0000 1.0000 7.0000 6.0000 1.0000 0.0566 0.2501 1.5009 0.0349 0.0588 b 0.1890 1.7509 1.2482 1.2399 0.2431 0.3092 0.2834 0.1603 0.2120 0.2930 0.0000 0.0000 0.0000 
main 9.0000 4.0000 55.0000 8.0000 1.0000 8.0000 7.0000 0.0000 0.0000 0.2500 1.7500 0.0000 0.0000 b 0.1750 2.0000 1.0165 1.0082 0.2500 0.2500 0.2500 0.2500 0.2500 0.2500 0.2500 0.0000 0.0000 
main 9.0000 4.0000 31.0000 7.0000 1.0000 7.0000 6.0000 0.0000 0.0000 0.2500 1.5000 0.0000 0.0000 b 0.1850 1.7500 1.3389 1.3306 0.2500 0.2500 0.2500 0.2500 0.2500 0.2500 0.0000 0.0000 0.0000 
main 9.0000 4.0000 48.0000 5.0000 0.0000 5.0000 4.0000 2.0000 0.1043 0.2488 0.9951 0.0906 0.1145 b 0.1910 1.2451 1.3209 1.3126 0.2151 0.1536 0.3973 0.2291 0.0000 0.0000 0.0000 0.0000 0.0000 
main 9.0000 4.0000 21.0000 10.0000 2.0000 10.0000 9.0000 2.0000 0.0916 0.2500 2.2500 0.0906 0.1145 b 0.1630 2.5000 1.2075 1.1992 0.1541 0.3856 0.1523 0.2669 0.1971 0.2682 0.3980 0.1817 0.2461 
main 9.0000 4.0000 28.0000 6.0000 0.0000 6.0000 5.0000 0.0000 0.0000 0.2500 1.2500 0.0000 0.0000 b 0.1080 1.5000 1.1652 1.1568 0.2500 0.2500 0.2500 0.2500 0.2500 0.0000 0.0000 0.0000 0.0000 
main 9.0000 4.0000 6.0000 5.0000 0.0000 5.0000 4.0000 2.0000 0.0935 0.2510 1.0039 0.0906 0.1145 b 0.1510 1.2539 1.4097 1.4013 0.1576 0.3723 0.2024 0.2716 0.0000 0.0000 0.0000 0.0000 0.0000 
main 9.0000 4.0000 63.0000 10.0000 2.0000 10.0000 9.0000 2.0000 0.0912 0.2498 2.2480 0.0906 0.1145 b 0.1470 2.4980 1.4726 1.4643 0.1523 0.2442 0.3687 0.1561 0.1869 0.3005 0.1750 0.3969 0.2674 
main 9.0000 4.0000 14.0000 8.0000 1.0000 8.0000 7.0000 1.0000 0.0447 0.2505 1.7535 0.0349 0.0588 b 0.1470 2.0035 1.4773 1.4690 0.2354 0.2618 0.2902 0.2324 0.1724 0.2502 0.3110 0.0000 0.0000 
main 9.0000 4.0000 62.0000 10.0000 2.0000 10.0000 9.0000 1.0000 0.0548 0.2504 2.2540 0.0349 0.0588 b 0.1550 2.5040 1.3779 1.3696 0.3063 0.3416 0.2149 0.1813 0.2385 0.2685 0.2325 0.2868 0.1835 
main 9.0000 4.0000 57.0000 8.0000 1.0000 8.0000 7.0000 2.0000 0.0958 0.2501 1.7508 0.0906 0.1145 b 0.1990 2.0008 1.3195 1.3112 0.1668 0.2254 0.3945 0.2185 0.3727 0.1505 0.2223 0.0000 0.0000 
main 9.0000 4.0000 42.0000 10.0000 2.0000 10.0000 9.0000 2.0000 0.0983 0.2497 2.2469 0.0906 0.1145 b 0.1850 2.4969 1.0819 1.0735 0.1621 0.3405 0.1756 0.2018 0.3676 0.2803 0.1623 0.3998 0.1569 
main 9.0000 4.0000 33.0000 7.0000 1.0000 7.0000 6.0000 2.0000 0.0907 0.2493 1.4957 0.0906 0.1145 b 0.2250 1.7457 1.3087 1.3004 0.1898 0.3832 0.2893 0.1636 0.3066 0.1632 0.0000 0.0000 0.0000 
main 9.0000 4.0000 46.0000 5.0000 0.0000 5.0000 4.0000 0.0000 0.0000 0.2500 1.0000 0.0000 0.0000 b 0.2000 1.2500 1.4160 1.4077 0.2500 0.2500 0.2500 0.2500 0.0000 0.0000 0.0000 0.0000 0.0000 
main 9.0000 5.0000 17.0000 9.0000 1.0000 9.0000 8.0000 1.0000 0.0535 0.2498 1.9985 0.0349 0.0588 b 0.4340 2.2485 1.1065 1.0981 0.2533 0.2869 0.2015 0.2782 0.3294 0.2728 0.2108 0.1656 0.0000 
main 9.0000 5.0000 52.0000 7.0000 1.0000 7.0000 6.0000 0.0000 0.0000 0.2500 1.5000 0.0000 0.0000 b 0.1250 1.7500 1.3886 1.3802 0.2500 0.2500 0.2500 0.2500 0.2500 0.2500 0.0000 0.0000 0.0000 
main 9.0000 5.0000 14.0000 8.0000 1.0000 8.0000 7.0000 1.0000 0.0479 0.2507 1.7549 0.0349 0.0588 b 0.1690 2.0049 1.4362 1.4279 0.2511 0.2923 0.2453 0.2937 0.2152 0.1658 0.2915 0.0000 0.0000 
main 9.0000 5.0000 11.0000 7.0000 1.0000 7.0000 6.0000 1.0000 0.0546 0.2495 1.4967 0.0349 0.0588 b 0.1590 1.7467 1.1537 1.1454 0.2244 0.2497 0.2910 0.2636 0.1570 0.3110 0.0000 0.0000 0.0000 
main 9.0000 5.0000 27.0000 5.0000 0.0000 5.0000 4.0000 2.0000 0.1059 0.2506 1.0023 0.0906 0.1145 b 0.2610 1.2523 1.3356 1.3273 0.1701 0.3848 0.2857 0.1617 0.0000 0.0000 0.0000 0.0000 0.0000 
main 9.0000 5.0000 44.0000 4.0000 0.0000 4.0000 3.0000 1.0000 0.0581 0.2500 0.7501 0.0349 0.0588 b 0.1780 1.0001 1.2922 1.2838 0.3035 0.1883 0.2583 0.0000 0.0000 0.0000 0.0000 0.0000 0.0000 
main 9.0000 5.0000 15.0000 8.0000 1.0000 8.0000 7.0000 2.0000 0.0982 0.2494 1.7457 0.0906 0.1145 b 0.1500 1.9957 1.2186 1.2103 0.2320 0.3709 0.2384 0.3979 0.1524 0.1958 0.1584 0.0000 0.0000 
main 9.0000 5.0000 63.0000 10.0000 2.0000 10.0000 9.0000 2.0000 0.0940 0.2505 2.2549 0.0906 0.1145 b 0.1690 2.5049 1.0896 1.0813 0.3702 0.1558 0.1840 0.2752 0.1642 0.2368 0.3942 0.3200 0.1544 
main 9.0000 5.0000 30.0000 6.0000 0.0000 6.0000 5.0000 2.0000 0.0946 0.2509 1.2543 0.0906 0.1145 b 0.2490 1.5043 1.0158 1.0075 0.3800 0.1940 0.1603 0.1988 0.3212 0.0000 0.0000 0.0000 0.0000 
main 9.0000 5.0000 38.0000 9.0000 1.0000 9.0000 8.0000 1.0000 0.0568 0.2502 2.0012 0.0349 0.0588 b 0.0780 2.2512 1.0297 1.0214 0.1965 0.1624 0.3032 0.2393 0.2757 0.3303 0.2157 0.2781 0.0000 
main 9.0000 5.0000 51.0000 6.0000 0.0000 6.0000 5.0000 2.0000 0.0918 0.2501 1.2505 0.0906 0.1145 b 0.1920 1.5005 1.2184 1.2101 0.1689 0.2023 0.3734 0.1835 0.3223 0.0000 0.0000 0.0000 0.0000 
main 9.0000 5.0000 2.0000 4.0000 0.0000 4.0000 3.0000 1.0000 0.0413 0.2498 0.7495 0.0349 0.0588 b 0.3020 0.9995 1.3378 1.3295 0.2843 0.2040 0.2612 0.0000 0.0000 0.0000 0.0000 0.0000 0.0000 
main 9.0000 5.0000 3.0000 4.0000 0.0000 4.0000 3.0000 2.0000 0.1044 0.2506 0.7519 0.0906 0.1145 b 0.1380 1.0019 1.2334 1.2251 0.1781 0.3703 0.2035 0.0000 0.0000 0.0000 0.0000 0.0000 0.0000 
main 9.0000 5.0000 57.0000 8.0000 1.0000 8.0000 7.0000 2.0000 0.0915 0.2497 1.7480 0.0906 0.1145 b 0.1350 1.9980 1.4008 1.3925 0.2435 0.1606 0.3308 0.2801 0.1617 0.3962 0.1752 0.0000 0.0000 
main 9.0000 5.0000 16.0000 9.0000 1.0000 9.0000 8.0000 0.0000 0.0000 0.2500 2.0000 0.0000 0.0000 b 0.1800 2.2500 1.1170 1.1087 0.2500 0.2500 0.2500 0.2500 0.2500 0.2500 0.2500 0.2500 0.0000 
main 9.0000 5.0000 46.0000 5.0000 0.0000 5.0000 4.0000 0.0000 0.0000 0.2500 1.0000 0.0000 0.0000 b 0.1470 1.2500 1.4671 1.4588 0.2500 0.2500 0.2500 0.2500 0.0000 0.0000 0.0000 0.0000 0.0000 
main 9.0000 5.0000 50.0000 6.0000 0.0000 6.0000 5.0000 1.0000 0.0565 0.2492 1.2462 0.0349 0.0588 b 0.3360 1.4962 1.0763 1.0680 0.3038 0.2084 0.1827 0.3096 0.2418 0.0000 0.0000 0.0000 0.0000 
main 9.0000 5.0000 31.0000 7.0000 1.0000 7.0000 6.0000 0.0000 0.0000 0.2500 1.5000 0.0000 0.0000 b 0.2270 1.7500 1.1202 1.1118 0.2500 0.2500 0.2500 0.2500 0.2500 0.2500 0.0000 0.0000 0.0000 
main 9.0000 5.0000 6.0000 5.0000 0.0000 5.0000 4.0000 2.0000 0.1006 0.2499 0.9995 0.0906 0.1145 b 0.1610 1.2495 1.3996 1.3912 0.2044 0.3913 0.1591 0.2447 0.0000 0.0000 0.0000 0.0000 0.0000 
main 9.0000 5.0000 12.0000 7.0000 1.0000 7.0000 6.0000 2.0000 0.0926 0.2500 1.4997 0.0906 0.1145 b 0.1730 1.7497 1.0879 1.0796 0.1824 0.2259 0.1871 0.3716 0.1704 0.3623 0.0000 0.0000 0.0000 
main 9.0000 5.0000 34.0000 8.0000 1.0000 8.0000 7.0000 0.0000 0.0000 0.2500 1.7500 0.0000 0.0000 b 0.1320 2.0000 1.1398 1.1314 0.2500 0.2500 0.2500 0.2500 0.2500 0.2500 0.2500 0.0000 0.0000 
main 9.0000 5.0000 47.0000 5.0000 0.0000 5.0000 4.0000 1.0000 0.0376 0.2504 1.0016 0.0349 0.0588 b 0.1760 1.2516 1.4523 1.4440 0.2365 0.2965 0.2608 0.2078 0.0000 0.0000 0.0000 0.0000 0.0000 
main 9.0000 5.0000 41.0000 10.0000 2.0000 10.0000 9.0000 1.0000 0.0560 0.2500 2.2503 0.0349 0.0588 b 0.1760 2.5003 1.2553 1.2470 0.3135 0.1803 0.2222 0.2594 0.2942 0.2678 0.1716 0.2156 0.3258 
main 9.0000 5.0000 43.0000 4.0000 0.0000 4.0000 3.0000 0.0000 0.0000 0.2500 0.7500 0.0000 0.0000 b 0.1870 1.0000 1.4442 1.4359 0.2500 0.2500 0.2500 0.0000 0.0000 0.0000 0.0000 0.0000 0.0000 
main 9.0000 5.0000 29.0000 6.0000 0.0000 6.0000 5.0000 1.0000 0.0476 0.2506 1.2531 0.0349 0.0588 b 0.1560 1.5031 1.4333 1.4250 0.2955 0.2457 0.2850 0.1741 0.2529 0.0000 0.0000 0.0000 0.0000 
main 9.0000 5.0000 9.0000 6.0000 0.0000 6.0000 5.0000 2.0000 0.0952 0.2501 1.2503 0.0906 0.1145 b 0.1810 1.5003 1.0305 1.0222 0.1683 0.3075 0.1701 0.3872 0.2172 0.0000 0.0000 0.0000 0.0000 
main 9.0000 5.0000 19.0000 10.0000 2.0000 10.0000 9.0000 0.0000 0.0000 0.2500 2.2500 0.0000 0.0000 b 0.1000 2.5000 1.4965 1.4882 0.2500 0.2500 0.2500 0.2500 0.2500 0.2500 0.2500 0.2500 0.2500 
main 9.0000 5.0000 48.0000 5.0000 0.0000 5.0000 4.0000 2.0000 0.0968 0.2488 0.9953 0.0906 0.1145 b 0.2820 1.2453 1.3320 1.3236 0.3479 0.1820 0.1511 0.3143 0.0000 0.0000 0.0000 0.0000 0.0000 
main 9.0000 5.0000 61.0000 10.0000 2.0000 10.0000 9.0000 0.0000 0.0000 0.2500 2.2500 0.0000 0.0000 b 0.1630 2.5000 1.2307 1.2224 0.2500 0.2500 0.2500 0.2500 0.2500 0.2500 0.2500 0.2500 0.2500 
main 9.0000 5.0000 20.0000 10.0000 2.0000 10.0000 9.0000 1.0000 0.0500 0.2500 2.2504 0.0349 0.0588 b 0.1860 2.5004 1.2228 1.2145 0.2549 0.1780 0.2634 0.1912 0.2684 0.2223 0.3322 0.2343 0.3056 
main 9.0000 5.0000 32.0000 7.0000 1.0000 7.0000 6.0000 1.0000 0.0493 0.2500 1.5003 0.0349 0.0588 b 0.1490 1.7503 1.4634 1.4550 0.2414 0.2771 0.3231 0.1809 0.2606 0.2171 0.0000 0.0000 0.0000 
main 9.0000 5.0000 26.0000 5.0000 0.0000 5.0000 4.0000 1.0000 0.0552 0.2498 0.9992 0.0349 0.0588 b 0.1930 1.2492 1.3801 1.3717 0.3082 0.1814 0.2773 0.2323 0.0000 0.0000 0.0000 0.0000 0.0000 
main 9.0000 5.0000 8.0000 6.0000 0.0000 6.0000 5.0000 1.0000 0.0421 0.2506 1.2530 0.0349 0.0588 b 0.1600 1.5030 1.2205 1.2122 0.1959 0.2939 0.2239 0.2499 0.2893 0.0000 0.0000 0.0000 0.0000 
main 9.0000 5.0000 21.0000 10.0000 2.0000 10.0000 9.0000 2.0000 0.0917 0.2504 2.2535 0.0906 0.1145 b 0.1390 2.5035 1.2715 1.2632 0.3946 0.2925 0.1763 0.3975 0.1752 0.2065 0.2413 0.1599 0.2097 
main 9.0000 5.0000 39.0000 9.0000 1.0000 9.0000 8.0000 2.0000 0.0908 0.2495 1.9959 0.0906 0.1145 b 0.1850 2.2459 1.1442 1.1359 0.1708 0.2281 0.3664 0.1856 0.1553 0.2056 0.3938 0.2902 0.0000 
main 9.0000 5.0000 7.0000 6.0000 0.0000 6.0000 5.0000 0.0000 0.0000 0.2500 1.2500 0.0000 0.0000 b 0.1810 1.5000 1.0590 1.0507 0.2500 0.2500 0.2500 0.2500 0.2500 0.0000 0.0000 0.0000 0.0000 
main 9.0000 5.0000 13.0000 8.0000 1.0000 8.0000 7.0000 0.0000 0.0000 0.2500 1.7500 0.0000 0.0000 b 0.2910 2.0000 1.3323 1.3240 0.2500 0.2500 0.2500 0.2500 0.2500 0.2500 0.2500 0.0000 0.0000 
main 9.0000 5.0000 40.0000 10.0000 2.0000 10.0000 9.0000 0.0000 0.0000 0.2500 2.2500 0.0000 0.0000 b 0.1800 2.5000 1.4521 1.4438 0.2500 0.2500 0.2500 0.2500 0.2500 0.2500 0.2500 0.2500 0.2500 
main 9.0000 5.0000 23.0000 4.0000 0.0000 4.0000 3.0000 1.0000 0.0447 0.2492 0.7477 0.0349 0.0588 b 0.1620 0.9977 1.4371 1.4288 0.2481 0.2944 0.2051 0.0000 0.0000 0.0000 0.0000 0.0000 0.0000 
main 9.0000 5.0000 54.0000 7.0000 1.0000 7.0000 6.0000 2.0000 0.0911 0.2503 1.5017 0.0906 0.1145 b 0.1780 1.7517 1.1300 1.1217 0.1597 0.3042 0.1872 0.3711 0.1637 0.3158 0.0000 0.0000 0.0000 
main 9.0000 5.0000 36.0000 8.0000 1.0000 8.0000 7.0000 2.0000 0.0978 0.2495 1.7468 0.0906 0.1145 b 0.1920 1.9968 1.3342 1.3258 0.3823 0.1652 0.1918 0.1572 0.3736 0.1874 0.2891 0.0000 0.0000 
main 9.0000 5.0000 45.0000 4.0000 0.0000 4.0000 3.0000 2.0000 0.1142 0.2515 0.7544 0.0906 0.1145 b 0.1930 1.0044 1.4237 1.4154 0.1731 0.3825 0.1988 0.0000 0.0000 0.0000 0.0000 0.0000 0.0000 
main 9.0000 5.0000 28.0000 6.0000 0.0000 6.0000 5.0000 0.0000 0.0000 0.2500 1.2500 0.0000 0.0000 b 0.1330 1.5000 1.4445 1.4362 0.2500 0.2500 0.2500 0.2500 0.2500 0.0000 0.0000 0.0000 0.0000 
main 9.0000 5.0000 37.0000 9.0000 1.0000 9.0000 8.0000 0.0000 0.0000 0.2500 2.0000 0.0000 0.0000 b 0.1400 2.2500 1.1017 1.0934 0.2500 0.2500 0.2500 0.2500 0.2500 0.2500 0.2500 0.2500 0.0000 
main 9.0000 5.0000 56.0000 8.0000 1.0000 8.0000 7.0000 1.0000 0.0561 0.2500 1.7497 0.0349 0.0588 b 0.1830 1.9997 1.0216 1.0133 0.3088 0.2605 0.3025 0.2443 0.1572 0.1953 0.2810 0.0000 0.0000 
main 9.0000 5.0000 18.0000 9.0000 1.0000 9.0000 8.0000 2.0000 0.0961 0.2501 2.0008 0.0906 0.1145 b 0.1500 2.2508 1.0562 1.0478 0.2140 0.1517 0.3901 0.1550 0.2157 0.1862 0.3765 0.3116 0.0000 
main 9.0000 5.0000 58.0000 9.0000 1.0000 9.0000 8.0000 0.0000 0.0000 0.2500 2.0000 0.0000 0.0000 b 0.1470 2.2500 1.1184 1.1100 0.2500 0.2500 0.2500 0.2500 0.2500 0.2500 0.2500 0.2500 0.0000 
main 9.0000 5.0000 49.0000 6.0000 0.0000 6.0000 5.0000 0.0000 0.0000 0.2500 1.2500 0.0000 0.0000 b 0.1600 1.5000 1.1159 1.1076 0.2500 0.2500 0.2500 0.2500 0.2500 0.0000 0.0000 0.0000 0.0000 
main 9.0000 5.0000 35.0000 8.0000 1.0000 8.0000 7.0000 1.0000 0.0549 0.2501 1.7510 0.0349 0.0588 b 0.1750 2.0010 1.3301 1.3218 0.1765 0.3226 0.1838 0.2435 0.2930 0.2478 0.2839 0.0000 0.0000 
main 9.0000 5.0000 62.0000 10.0000 2.0000 10.0000 9.0000 1.0000 0.0519 0.2500 2.2502 0.0349 0.0588 b 0.1440 2.5002 1.2948 1.2865 0.2167 0.2993 0.3441 0.1971 0.2477 0.1973 0.2758 0.2004 0.2719 
main 9.0000 5.0000 60.0000 9.0000 1.0000 9.0000 8.0000 2.0000 0.0914 0.2497 1.9979 0.0906 0.1145 b 0.2010 2.2479 1.4322 1.4239 0.1761 0.3912 0.1638 0.2613 0.1521 0.2919 0.3591 0.2025 0.0000 
main 9.0000 5.0000 59.0000 9.0000 1.0000 9.0000 8.0000 1.0000 0.0498 0.2498 1.9984 0.0349 0.0588 b 0.1610 2.2484 1.3992 1.3909 0.2013 0.2418 0.1879 0.3030 0.2629 0.2069 0.3272 0.2674 0.0000 
main 9.0000 5.0000 25.0000 5.0000 0.0000 5.0000 4.0000 0.0000 0.0000 0.2500 1.0000 0.0000 0.0000 b 0.1960 1.2500 1.2019 1.1936 0.2500 0.2500 0.2500 0.2500 0.0000 0.0000 0.0000 0.0000 0.0000 
main 9.0000 5.0000 1.0000 4.0000 0.0000 4.0000 3.0000 0.0000 0.0000 0.2500 0.7500 0.0000 0.0000 b 0.2120 1.0000 1.4865 1.4782 0.2500 0.2500 0.2500 0.0000 0.0000 0.0000 0.0000 0.0000 0.0000 
main 9.0000 5.0000 42.0000 10.0000 2.0000 10.0000 9.0000 2.0000 0.0940 0.2503 2.2523 0.0906 0.1145 b 0.1660 2.5023 1.4577 1.4494 0.1797 0.3777 0.2995 0.1951 0.3797 0.1603 0.1865 0.1513 0.3226 
main 9.0000 5.0000 55.0000 8.0000 1.0000 8.0000 7.0000 0.0000 0.0000 0.2500 1.7500 0.0000 0.0000 b 0.1450 2.0000 1.4369 1.4285 0.2500 0.2500 0.2500 0.2500 0.2500 0.2500 0.2500 0.0000 0.0000 
main 9.0000 5.0000 33.0000 7.0000 1.0000 7.0000 6.0000 2.0000 0.0953 0.2500 1.4998 0.0906 0.1145 b 0.1550 1.7498 1.0769 1.0685 0.1792 0.2619 0.1764 0.3862 0.1578 0.3382 0.0000 0.0000 0.0000 
main 9.0000 5.0000 53.0000 7.0000 1.0000 7.0000 6.0000 1.0000 0.0571 0.2495 1.4970 0.0349 0.0588 b 0.1680 1.7470 1.2331 1.2248 0.2496 0.2122 0.3242 0.2523 0.1642 0.2945 0.0000 0.0000 0.0000 
main 9.0000 5.0000 4.0000 5.0000 0.0000 5.0000 4.0000 0.0000 0.0000 0.2500 1.0000 0.0000 0.0000 b 0.1860 1.2500 1.2245 1.2162 0.2500 0.2500 0.2500 0.2500 0.0000 0.0000 0.0000 0.0000 0.0000 
main 9.0000 5.0000 22.0000 4.0000 0.0000 4.0000 3.0000 0.0000 0.0000 0.2500 0.7500 0.0000 0.0000 b 0.3180 1.0000 1.1370 1.1286 0.2500 0.2500 0.2500 0.0000 0.0000 0.0000 0.0000 0.0000 0.0000 
main 9.0000 5.0000 24.0000 4.0000 0.0000 4.0000 3.0000 2.0000 0.0982 0.2514 0.7543 0.0906 0.1145 b 0.1930 1.0043 1.4769 1.4686 0.1516 0.2547 0.3480 0.0000 0.0000 0.0000 0.0000 0.0000 0.0000 
main 9.0000 5.0000 5.0000 5.0000 0.0000 5.0000 4.0000 1.0000 0.0427 0.2494 0.9976 0.0349 0.0588 b 0.2550 1.2476 1.3092 1.3009 0.2976 0.2209 0.2722 0.2069 0.0000 0.0000 0.0000 0.0000 0.0000 
main 9.0000 5.0000 10.0000 7.0000 1.0000 7.0000 6.0000 0.0000 0.0000 0.2500 1.5000 0.0000 0.0000 b 0.1230 1.7500 1.3420 1.3337 0.2500 0.2500 0.2500 0.2500 0.2500 0.2500 0.0000 0.0000 0.0000 
main 9.0000 6.0000 56.0000 8.0000 1.0000 8.0000 7.0000 1.0000 0.0536 0.2506 1.7540 0.0349 0.0588 b 0.1630 2.0040 1.0210 1.0127 0.2123 0.2568 0.2000 0.3040 0.2543 0.3340 0.1926 0.0000 0.0000 
main 9.0000 6.0000 10.0000 7.0000 1.0000 7.0000 6.0000 0.0000 0.0000 0.2500 1.5000 0.0000 0.0000 b 0.1820 1.7500 1.4865 1.4782 0.2500 0.2500 0.2500 0.2500 0.2500 0.2500 0.0000 0.0000 0.0000 
main 9.0000 6.0000 11.0000 7.0000 1.0000 7.0000 6.0000 1.0000 0.0549 0.2505 1.5033 0.0349 0.0588 b 0.1760 1.7533 1.4808 1.4725 0.3225 0.2483 0.1653 0.2931 0.2519 0.2222 0.0000 0.0000 0.0000 
main 9.0000 6.0000 26.0000 5.0000 0.0000 5.0000 4.0000 1.0000 0.0517 0.2503 1.0013 0.0349 0.0588 b 0.2040 1.2513 1.1631 1.1548 0.2815 0.1755 0.2564 0.2880 0.0000 0.0000 0.0000 0.0000 0.0000 
main 9.0000 6.0000 39.0000 9.0000 1.0000 9.0000 8.0000 2.0000 0.0972 0.2506 2.0044 0.0906 0.1145 b 0.1700 2.2544 1.2827 1.2743 0.1653 0.2842 0.1602 0.3711 0.1918 0.1508 0.3929 0.2879 0.0000 
main 9.0000 6.0000 3.0000 4.0000 0.0000 4.0000 3.0000 2.0000 0.0931 0.2509 0.7527 0.0906 0.1145 b 0.2220 1.0027 1.2129 1.2046 0.3539 0.2261 0.1728 0.0000 0.0000 0.0000 0.0000 0.0000 0.0000 
main 9.0000 6.0000 46.0000 5.0000 0.0000 5.0000 4.0000 0.0000 0.0000 0.2500 1.0000 0.0000 0.0000 b 0.2300 1.2500 1.4192 1.4109 0.2500 0.2500 0.2500 0.2500 0.0000 0.0000 0.0000 0.0000 0.0000 
main 9.0000 6.0000 35.0000 8.0000 1.0000 8.0000 7.0000 1.0000 0.0452 0.2505 1.7536 0.0349 0.0588 b 0.1660 2.0036 1.0012 0.9929 0.2491 0.2791 0.2447 0.3072 0.1656 0.2321 0.2758 0.0000 0.0000 
main 9.0000 6.0000 12.0000 7.0000 1.0000 7.0000 6.0000 2.0000 0.0943 0.2505 1.5032 0.0906 0.1145 b 0.1750 1.7532 1.2732 1.2648 0.3850 0.2655 0.1641 0.1906 0.1622 0.3358 0.0000 0.0000 0.0000 
main 9.0000 6.0000 54.0000 7.0000 1.0000 7.0000 6.0000 2.0000 0.0973 0.2501 1.5006 0.0906 0.1145 b 0.6720 1.7506 1.1354 1.1270 0.3104 0.2818 0.1594 0.3995 0.1951 0.1544 0.0000 0.0000 0.0000 
main 9.0000 6.0000 57.0000 8.0000 1.0000 8.0000 7.0000 2.0000 0.1001 0.2499 1.7490 0.0906 0.1145 b 0.1610 1.9990 1.4773 1.4690 0.1509 0.2159 0.1539 0.3960 0.3601 0.2915 0.1807 0.0000 0.0000 
main 9.0000 6.0000 15.0000 8.0000 1.0000 8.0000 7.0000 2.0000 0.0962 0.2493 1.7452 0.0906 0.1145 b 0.1930 1.9952 1.4994 1.4911 0.1607 0.2016 0.2795 0.3685 0.1788 0.3868 0.1693 0.0000 0.0000 
main 9.0000 6.0000 13.0000 8.0000 1.0000 8.0000 7.0000 0.0000 0.0000 0.2500 1.7500 0.0000 0.0000 b 0.1640 2.0000 1.1834 1.1751 0.2500 0.2500 0.2500 0.2500 0.2500 0.2500 0.2500 0.0000 0.0000 
main 9.0000 6.0000 61.0000 10.0000 2.0000 10.0000 9.0000 0.0000 0.0000 0.2500 2.2500 0.0000 0.0000 b 0.1510 2.5000 1.4923 1.4840 0.2500 0.2500 0.2500 0.2500 0.2500 0.2500 0.2500 0.2500 0.2500 
main 9.0000 6.0000 9.0000 6.0000 0.0000 6.0000 5.0000 2.0000 0.1035 0.2494 1.2468 0.0906 0.1145 b 0.1990 1.4968 1.2245 1.2161 0.1672 0.3795 0.1558 0.2036 0.3406 0.0000 0.0000 0.0000 0.0000 
main 9.0000 6.0000 8.0000 6.0000 0.0000 6.0000 5.0000 1.0000 0.0540 0.2498 1.2491 0.0349 0.0588 b 0.1680 1.4991 1.4966 1.4882 0.2479 0.1728 0.2426 0.3242 0.2616 0.0000 0.0000 0.0000 0.0000 
main 9.0000 6.0000 53.0000 7.0000 1.0000 7.0000 6.0000 1.0000 0.0502 0.2507 1.5042 0.0349 0.0588 b 0.1520 1.7542 1.2029 1.1946 0.2816 0.2287 0.3276 0.2543 0.1812 0.2309 0.0000 0.0000 0.0000 
main 9.0000 6.0000 40.0000 10.0000 2.0000 10.0000 9.0000 0.0000 0.0000 0.2500 2.2500 0.0000 0.0000 b 0.1590 2.5000 1.2769 1.2686 0.2500 0.2500 0.2500 0.2500 0.2500 0.2500 0.2500 0.2500 0.2500 
main 9.0000 6.0000 33.0000 7.0000 1.0000 7.0000 6.0000 2.0000 0.0935 0.2508 1.5049 0.0906 0.1145 b 0.1680 1.7549 1.1288 1.1205 0.1707 0.2681 0.1986 0.3917 0.3218 0.1540 0.0000 0.0000 0.0000 
main 9.0000 6.0000 16.0000 9.0000 1.0000 9.0000 8.0000 0.0000 0.0000 0.2500 2.0000 0.0000 0.0000 b 0.1590 2.2500 1.4808 1.4725 0.2500 0.2500 0.2500 0.2500 0.2500 0.2500 0.2500 0.2500 0.0000 
main 9.0000 6.0000 4.0000 5.0000 0.0000 5.0000 4.0000 0.0000 0.0000 0.2500 1.0000 0.0000 0.0000 b 0.1590 1.2500 1.0906 1.0823 0.2500 0.2500 0.2500 0.2500 0.0000 0.0000 0.0000 0.0000 0.0000 
main 9.0000 6.0000 47.0000 5.0000 0.0000 5.0000 4.0000 1.0000 0.0435 0.2509 1.0037 0.0349 0.0588 b 0.1580 1.2537 1.0998 1.0914 0.3108 0.2249 0.2546 0.2134 0.0000 0.0000 0.0000 0.0000 0.0000 
main 9.0000 6.0000 7.0000 6.0000 0.0000 6.0000 5.0000 0.0000 0.0000 0.2500 1.2500 0.0000 0.0000 b 0.1420 1.5000 1.1522 1.1439 0.2500 0.2500 0.2500 0.2500 0.2500 0.0000 0.0000 0.0000 0.0000 
main 9.0000 6.0000 43.0000 4.0000 0.0000 4.0000 3.0000 0.0000 0.0000 0.2500 0.7500 0.0000 0.0000 b 0.1790 1.0000 1.4309 1.4226 0.2500 0.2500 0.2500 0.0000 0.0000 0.0000 0.0000 0.0000 0.0000 
main 9.0000 6.0000 48.0000 5.0000 0.0000 5.0000 4.0000 2.0000 0.0909 0.2496 0.9983 0.0906 0.1145 b 0.1480 1.2483 1.3698 1.3615 0.3793 0.1814 0.2453 0.1922 0.0000 0.0000 0.0000 0.0000 0.0000 
main 9.0000 6.0000 36.0000 8.0000 1.0000 8.0000 7.0000 2.0000 0.0908 0.2502 1.7515 0.0906 0.1145 b 0.1820 2.0015 1.0317 1.0234 0.2840 0.2486 0.1634 0.3440 0.1744 0.3816 0.1555 0.0000 0.0000 
main 9.0000 6.0000 31.0000 7.0000 1.0000 7.0000 6.0000 0.0000 0.0000 0.2500 1.5000 0.0000 0.0000 b 0.1490 1.7500 1.3517 1.3434 0.2500 0.2500 0.2500 0.2500 0.2500 0.2500 0.0000 0.0000 0.0000 
main 9.0000 6.0000 51.0000 6.0000 0.0000 6.0000 5.0000 2.0000 0.0927 0.2498 1.2492 0.0906 0.1145 b 0.1870 1.4992 1.2488 1.2404 0.3847 0.1791 0.2978 0.1578 0.2298 0.0000 0.0000 0.0000 0.0000 
main 9.0000 6.0000 21.0000 10.0000 2.0000 10.0000 9.0000 2.0000 0.0935 0.2505 2.2549 0.0906 0.1145 b 0.1850 2.5049 1.1835 1.1751 0.1513 0.3781 0.1627 0.1937 0.2239 0.3706 0.1724 0.3581 0.2442 
main 9.0000 6.0000 55.0000 8.0000 1.0000 8.0000 7.0000 0.0000 0.0000 0.2500 1.7500 0.0000 0.0000 b 0.1800 2.0000 1.2096 1.2012 0.2500 0.2500 0.2500 0.2500 0.2500 0.2500 0.2500 0.0000 0.0000 
main 9.0000 6.0000 41.0000 10.0000 2.0000 10.0000 9.0000 1.0000 0.0569 0.2505 2.2549 0.0349 0.0588 b 0.1670 2.5049 1.4420 1.4336 0.2755 0.3009 0.1552 0.2625 0.3103 0.2123 0.2999 0.2640 0.1742 
main 9.0000 6.0000 58.0000 9.0000 1.0000 9.0000 8.0000 0.0000 0.0000 0.2500 2.0000 0.0000 0.0000 b 0.3670 2.2500 1.2375 1.2291 0.2500 0.2500 0.2500 0.2500 0.2500 0.2500 0.2500 0.2500 0.0000 
main 9.0000 6.0000 37.0000 9.0000 1.0000 9.0000 8.0000 0.0000 0.0000 0.2500 2.0000 0.0000 0.0000 b 0.1910 2.2500 1.4624 1.4541 0.2500 0.2500 0.2500 0.2500 0.2500 0.2500 0.2500 0.2500 0.0000 
main 9.0000 6.0000 22.0000 4.0000 0.0000 4.0000 3.0000 0.0000 0.0000 0.2500 0.7500 0.0000 0.0000 b 0.1900 1.0000 1.1064 1.0981 0.2500 0.2500 0.2500 0.0000 0.0000 0.0000 0.0000 0.0000 0.0000 
main 9.0000 6.0000 62.0000 10.0000 2.0000 10.0000 9.0000 1.0000 0.0489 0.2495 2.2458 0.0349 0.0588 b 0.1720 2.4958 1.0222 1.0139 0.2757 0.2122 0.3128 0.2127 0.2552 0.2034 0.3081 0.1800 0.2857 
main 9.0000 6.0000 63.0000 10.0000 2.0000 10.0000 9.0000 2.0000 0.0931 0.2504 2.2533 0.0906 0.1145 b 0.1830 2.5033 1.0343 1.0260 0.1604 0.3798 0.1517 0.2038 0.2948 0.2022 0.3921 0.1723 0.2962 
main 9.0000 6.0000 49.0000 6.0000 0.0000 6.0000 5.0000 0.0000 0.0000 0.2500 1.2500 0.0000 0.0000 b 0.1500 1.5000 1.0201 1.0118 0.2500 0.2500 0.2500 0.2500 0.2500 0.0000 0.0000 0.0000 0.0000 
main 9.0000 6.0000 18.0000 9.0000 1.0000 9.0000 8.0000 2.0000 0.0953 0.2504 2.0035 0.0906 0.1145 b 0.1400 2.2535 1.0319 1.0236 0.1716 0.3991 0.3576 0.3262 0.2166 0.1812 0.1543 0.1969 0.0000 
main 9.0000 6.0000 20.0000 10.0000 2.0000 10.0000 9.0000 1.0000 0.0553 0.2496 2.2464 0.0349 0.0588 b 0.1540 2.4964 1.4575 1.4492 0.1982 0.2911 0.3348 0.2600 0.1986 0.3204 0.2213 0.1852 0.2369 
main 9.0000 6.0000 14.0000 8.0000 1.0000 8.0000 7.0000 1.0000 0.0536 0.2503 1.7518 0.0349 0.0588 b 0.1600 2.0018 1.4715 1.4632 0.2585 0.1799 0.2552 0.2294 0.2746 0.3469 0.2073 0.0000 0.0000 
main 9.0000 6.0000 42.0000 10.0000 2.0000 10.0000 9.0000 2.0000 0.0974 0.2500 2.2498 0.0906 0.1145 b 0.1300 2.4998 1.4343 1.4260 0.1565 0.3512 0.1561 0.2185 0.3980 0.1763 0.3754 0.1906 0.2271 
main 9.0000 6.0000 24.0000 4.0000 0.0000 4.0000 3.0000 2.0000 0.1041 0.2502 0.7505 0.0906 0.1145 b 0.3570 1.0005 1.1235 1.1152 0.3645 0.2251 0.1609 0.0000 0.0000 0.0000 0.0000 0.0000 0.0000 
main 9.0000 6.0000 29.0000 6.0000 0.0000 6.0000 5.0000 1.0000 0.0432 0.2507 1.2533 0.0349 0.0588 b 0.2140 1.5033 1.1275 1.1192 0.2827 0.2160 0.2551 0.3008 0.1987 0.0000 0.0000 0.0000 0.0000 
main 9.0000 6.0000 25.0000 5.0000 0.0000 5.0000 4.0000 0.0000 0.0000 0.2500 1.0000 0.0000 0.0000 b 0.1800 1.2500 1.1091 1.1008 0.2500 0.2500 0.2500 0.2500 0.0000 0.0000 0.0000 0.0000 0.0000 
main 9.0000 6.0000 5.0000 5.0000 0.0000 5.0000 4.0000 1.0000 0.0454 0.2512 1.0048 0.0349 0.0588 b 0.1870 1.2548 1.2711 1.2628 0.3080 0.2148 0.2677 0.2143 0.0000 0.0000 0.0000 0.0000 0.0000 
main 9.0000 6.0000 2.0000 4.0000 0.0000 4.0000 3.0000 1.0000 0.0536 0.2511 0.7532 0.0349 0.0588 b 0.2110 1.0032 1.1032 1.0949 0.2922 0.1905 0.2705 0.0000 0.0000 0.0000 0.0000 0.0000 0.0000 
main 9.0000 6.0000 60.0000 9.0000 1.0000 9.0000 8.0000 2.0000 0.0916 0.2497 1.9973 0.0906 0.1145 b 0.1850 2.2473 1.0243 1.0159 0.1942 0.1613 0.3803 0.1875 0.3176 0.1769 0.3729 0.2066 0.0000 
main 9.0000 6.0000 6.0000 5.0000 0.0000 5.0000 4.0000 2.0000 0.0959 0.2509 1.0038 0.0906 0.1145 b 0.2660 1.2538 1.4288 1.4205 0.3619 0.1552 0.2980 0.1887 0.0000 0.0000 0.0000 0.0000 0.0000 
main 9.0000 6.0000 1.0000 4.0000 0.0000 4.0000 3.0000 0.0000 0.0000 0.2500 0.7500 0.0000 0.0000 b 0.1690 1.0000 1.2326 1.2242 0.2500 0.2500 0.2500 0.0000 0.0000 0.0000 0.0000 0.0000 0.0000 
main 9.0000 6.0000 23.0000 4.0000 0.0000 4.0000 3.0000 1.0000 0.0412 0.2490 0.7470 0.0349 0.0588 b 0.1770 0.9970 1.1702 1.1619 0.2366 0.2949 0.2154 0.0000 0.0000 0.0000 0.0000 0.0000 0.0000 
main 9.0000 6.0000 28.0000 6.0000 0.0000 6.0000 5.0000 0.0000 0.0000 0.2500 1.2500 0.0000 0.0000 b 0.1670 1.5000 1.4812 1.4729 0.2500 0.2500 0.2500 0.2500 0.2500 0.0000 0.0000 0.0000 0.0000 
main 9.0000 6.0000 45.0000 4.0000 0.0000 4.0000 3.0000 2.0000 0.1006 0.2486 0.7459 0.0906 0.1145 b 0.2020 0.9959 1.0964 1.0881 0.2036 0.1784 0.3639 0.0000 0.0000 0.0000 0.0000 0.0000 0.0000 
main 9.0000 6.0000 34.0000 8.0000 1.0000 8.0000 7.0000 0.0000 0.0000 0.2500 1.7500 0.0000 0.0000 b 0.1520 2.0000 1.2868 1.2784 0.2500 0.2500 0.2500 0.2500 0.2500 0.2500 0.2500 0.0000 0.0000 
main 9.0000 6.0000 38.0000 9.0000 1.0000 9.0000 8.0000 1.0000 0.0527 0.2500 2.0003 0.0349 0.0588 b 0.1330 2.2503 1.1154 1.1071 0.2012 0.2839 0.2119 0.2902 0.2471 0.3265 0.1691 0.2704 0.0000 
main 9.0000 6.0000 44.0000 4.0000 0.0000 4.0000 3.0000 1.0000 0.0586 0.2508 0.7523 0.0349 0.0588 b 0.1820 1.0023 1.2573 1.2490 0.1854 0.2682 0.2987 0.0000 0.0000 0.0000 0.0000 0.0000 0.0000 
main 9.0000 6.0000 19.0000 10.0000 2.0000 10.0000 9.0000 0.0000 0.0000 0.2500 2.2500 0.0000 0.0000 b 0.1640 2.5000 1.2497 1.2414 0.2500 0.2500 0.2500 0.2500 0.2500 0.2500 0.2500 0.2500 0.2500 
main 9.0000 6.0000 30.0000 6.0000 0.0000 6.0000 5.0000 2.0000 0.0968 0.2502 1.2509 0.0906 0.1145 b 0.1540 1.5009 1.1973 1.1889 0.3792 0.1649 0.2395 0.3138 0.1534 0.0000 0.0000 0.0000 0.0000 
main 9.0000 6.0000 52.0000 7.0000 1.0000 7.0000 6.0000 0.0000 0.0000 0.2500 1.5000 0.0000 0.0000 b 0.1720 1.7500 1.2653 1.2570 0.2500 0.2500 0.2500 0.2500 0.2500 0.2500 0.0000 0.0000 0.0000 
main 9.0000 6.0000 59.0000 9.0000 1.0000 9.0000 8.0000 1.0000 0.0583 0.2502 2.0017 0.0349 0.0588 b 0.1860 2.2517 1.1071 1.0988 0.1782 0.2462 0.2853 0.3109 0.1645 0.2460 0.3292 0.2413 0.0000 
main 9.0000 6.0000 27.0000 5.0000 0.0000 5.0000 4.0000 2.0000 0.1037 0.2512 1.0049 0.0906 0.1145 b 0.3930 1.2549 1.0764 1.0680 0.2582 0.1983 0.1552 0.3933 0.0000 0.0000 0.0000 0.0000 0.0000 
main 9.0000 6.0000 17.0000 9.0000 1.0000 9.0000 8.0000 1.0000 0.0502 0.2495 1.9958 0.0349 0.0588 b 0.1600 2.2458 1.0652 1.0569 0.2963 0.2218 0.2516 0.3246 0.1672 0.2173 0.2819 0.2351 0.0000 
main 9.0000 6.0000 32.0000 7.0000 1.0000 7.0000 6.0000 1.0000 0.0502 0.2506 1.5033 0.0349 0.0588 b 0.2190 1.7533 1.4265 1.4182 0.2217 0.3225 0.2071 0.3046 0.2106 0.2368 0.0000 0.0000 0.0000 
main 9.0000 6.0000 50.0000 6.0000 0.0000 6.0000 5.0000 1.0000 0.0478 0.2505 1.2523 0.0349 0.0588 b 0.1880 1.5023 1.3335 1.3252 0.2504 0.2125 0.2840 0.3100 0.1954 0.0000 0.0000 0.0000 0.0000 
main 9.0000 7.0000 8.0000 6.0000 0.0000 6.0000 5.0000 1.0000 0.0532 0.2493 1.2465 0.0349 0.0588 b 0.1990 1.4965 1.2644 1.2560 0.2201 0.1788 0.3115 0.2466 0.2895 0.0000 0.0000 0.0000 0.0000 
main 9.0000 7.0000 52.0000 7.0000 1.0000 7.0000 6.0000 0.0000 0.0000 0.2500 1.5000 0.0000 0.0000 b 0.1520 1.7500 1.3097 1.3014 0.2500 0.2500 0.2500 0.2500 0.2500 0.2500 0.0000 0.0000 0.0000 
main 9.0000 7.0000 30.0000 6.0000 0.0000 6.0000 5.0000 2.0000 0.0955 0.2502 1.2509 0.0906 0.1145 b 0.1710 1.5009 1.0996 1.0913 0.1777 0.3845 0.2088 0.1648 0.3150 0.0000 0.0000 0.0000 0.0000 
main 9.0000 7.0000 33.0000 7.0000 1.0000 7.0000 6.0000 2.0000 0.1028 0.2496 1.4978 0.0906 0.1145 b 0.1820 1.7478 1.3949 1.3866 0.3926 0.1875 0.1502 0.2270 0.1773 0.3630 0.0000 0.0000 0.0000 
main 9.0000 7.0000 26.0000 5.0000 0.0000 5.0000 4.0000 1.0000 0.0434 0.2496 0.9983 0.0349 0.0588 b 0.1910 1.2483 1.2395 1.2311 0.1924 0.2734 0.2412 0.2914 0.0000 0.0000 0.0000 0.0000 0.0000 
main 9.0000 7.0000 47.0000 5.0000 0.0000 5.0000 4.0000 1.0000 0.0561 0.2488 0.9952 0.0349 0.0588 b 0.1700 1.2452 1.3515 1.3432 0.2263 0.2771 0.1821 0.3096 0.0000 0.0000 0.0000 0.0000 0.0000 
main 9.0000 7.0000 13.0000 8.0000 1.0000 8.0000 7.0000 0.0000 0.0000 0.2500 1.7500 0.0000 0.0000 b 0.1470 2.0000 1.0486 1.0402 0.2500 0.2500 0.2500 0.2500 0.2500 0.2500 0.2500 0.0000 0.0000 
main 9.0000 7.0000 43.0000 4.0000 0.0000 4.0000 3.0000 0.0000 0.0000 0.2500 0.7500 0.0000 0.0000 b 0.2470 1.0000 1.2376 1.2292 0.2500 0.2500 0.2500 0.0000 0.0000 0.0000 0.0000 0.0000 0.0000 
main 9.0000 7.0000 31.0000 7.0000 1.0000 7.0000 6.0000 0.0000 0.0000 0.2500 1.5000 0.0000 0.0000 b 0.1830 1.7500 1.2539 1.2456 0.2500 0.2500 0.2500 0.2500 0.2500 0.2500 0.0000 0.0000 0.0000 
main 9.0000 7.0000 15.0000 8.0000 1.0000 8.0000 7.0000 2.0000 0.0955 0.2501 1.7504 0.0906 0.1145 b 0.1810 2.0004 1.3155 1.3071 0.1643 0.3176 0.2417 0.3535 0.1556 0.3660 0.1516 0.0000 0.0000 
main 9.0000 7.0000 1.0000 4.0000 0.0000 4.0000 3.0000 0.0000 0.0000 0.2500 0.7500 0.0000 0.0000 b 0.2360 1.0000 1.1489 1.1405 0.2500 0.2500 0.2500 0.0000 0.0000 0.0000 0.0000 0.0000 0.0000 
main 9.0000 7.0000 35.0000 8.0000 1.0000 8.0000 7.0000 1.0000 0.0550 0.2503 1.7524 0.0349 0.0588 b 0.1570 2.0024 1.3561 1.3478 0.2532 0.3087 0.1643 0.2471 0.3220 0.2038 0.2533 0.0000 0.0000 
main 9.0000 7.0000 34.0000 8.0000 1.0000 8.0000 7.0000 0.0000 0.0000 0.2500 1.7500 0.0000 0.0000 b 0.1630 2.0000 1.3979 1.3895 0.2500 0.2500 0.2500 0.2500 0.2500 0.2500 0.2500 0.0000 0.0000 
main 9.0000 7.0000 11.0000 7.0000 1.0000 7.0000 6.0000 1.0000 0.0416 0.2499 1.4996 0.0349 0.0588 b 0.2280 1.7496 1.1185 1.1101 0.2982 0.1791 0.2421 0.2786 0.2361 0.2655 0.0000 0.0000 0.0000 
main 9.0000 7.0000 60.0000 9.0000 1.0000 9.0000 8.0000 2.0000 0.0924 0.2497 1.9974 0.0906 0.1145 b 0.1610 2.2474 1.4824 1.4741 0.1994 0.1562 0.3323 0.1717 0.2093 0.3535 0.3882 0.1869 0.0000 
main 9.0000 7.0000 21.0000 10.0000 2.0000 10.0000 9.0000 2.0000 0.0975 0.2498 2.2481 0.0906 0.1145 b 0.1990 2.4981 1.0322 1.0238 0.1516 0.1984 0.1600 0.3065 0.3972 0.1892 0.2851 0.3895 0.1705 
main 9.0000 7.0000 51.0000 6.0000 0.0000 6.0000 5.0000 2.0000 0.0924 0.2497 1.2485 0.0906 0.1145 b 0.2220 1.4985 1.4329 1.4246 0.3650 0.2195 0.1579 0.3288 0.1773 0.0000 0.0000 0.0000 0.0000 
main 9.0000 7.0000 32.0000 7.0000 1.0000 7.0000 6.0000 1.0000 0.0512 0.2506 1.5033 0.0349 0.0588 b 0.1880 1.7533 1.0811 1.0728 0.2178 0.3262 0.1894 0.2932 0.2531 0.2236 0.0000 0.0000 0.0000 
main 9.0000 7.0000 16.0000 9.0000 1.0000 9.0000 8.0000 0.0000 0.0000 0.2500 2.0000 0.0000 0.0000 b 0.1690 2.2500 1.2466 1.2383 0.2500 0.2500 0.2500 0.2500 0.2500 0.2500 0.2500 0.2500 0.0000 
main 9.0000 7.0000 20.0000 10.0000 2.0000 10.0000 9.0000 1.0000 0.0463 0.2501 2.2513 0.0349 0.0588 b 0.1780 2.5013 1.3432 1.3349 0.3138 0.2718 0.3065 0.2320 0.1861 0.2824 0.2051 0.2478 0.2058 
main 9.0000 7.0000 48.0000 5.0000 0.0000 5.0000 4.0000 2.0000 0.1031 0.2506 1.0023 0.0906 0.1145 b 0.2800 1.2523 1.2797 1.2714 0.1722 0.2854 0.1638 0.3810 0.0000 0.0000 0.0000 0.0000 0.0000 
main 9.0000 7.0000 10.0000 7.0000 1.0000 7.0000 6.0000 0.0000 0.0000 0.2500 1.5000 0.0000 0.0000 b 0.1540 1.7500 1.0094 1.0011 0.2500 0.2500 0.2500 0.2500 0.2500 0.2500 0.0000 0.0000 0.0000 
main 9.0000 7.0000 17.0000 9.0000 1.0000 9.0000 8.0000 1.0000 0.0572 0.2496 1.9968 0.0349 0.0588 b 0.0010 2.2468 1.4837 1.4754 0.2225 0.2672 0.2413 0.3600 0.1781 0.2856 0.2488 0.1934 0.0000 
main 9.0000 7.0000 49.0000 6.0000 0.0000 6.0000 5.0000 0.0000 0.0000 0.2500 1.2500 0.0000 0.0000 b 0.1940 1.5000 1.4537 1.4453 0.2500 0.2500 0.2500 0.2500 0.2500 0.0000 0.0000 0.0000 0.0000 
main 9.0000 7.0000 12.0000 7.0000 1.0000 7.0000 6.0000 2.0000 0.0955 0.2508 1.5048 0.0906 0.1145 b 0.1750 1.7548 1.3897 1.3814 0.3988 0.1713 0.2780 0.1842 0.3130 0.1596 0.0000 0.0000 0.0000 
main 9.0000 7.0000 18.0000 9.0000 1.0000 9.0000 8.0000 2.0000 0.0940 0.2499 1.9993 0.0906 0.1145 b 0.1420 2.2493 1.2286 1.2202 0.3862 0.2024 0.2569 0.1795 0.3959 0.2481 0.1516 0.1786 0.0000 
main 9.0000 7.0000 62.0000 10.0000 2.0000 10.0000 9.0000 1.0000 0.0561 0.2504 2.2532 0.0349 0.0588 b 0.3300 2.5032 1.3186 1.3102 0.3546 0.2540 0.2174 0.2912 0.2295 0.2873 0.2135 0.1589 0.2468 
main 9.0000 7.0000 27.0000 5.0000 0.0000 5.0000 4.0000 2.0000 0.0983 0.2505 1.0019 0.0906 0.1145 b 0.2630 1.2519 1.1973 1.1890 0.2315 0.1509 0.2334 0.3861 0.0000 0.0000 0.0000 0.0000 0.0000 
main 9.0000 7.0000 19.0000 10.0000 2.0000 10.0000 9.0000 0.0000 0.0000 0.2500 2.2500 0.0000 0.0000 b 0.1770 2.5000 1.4417 1.4334 0.2500 0.2500 0.2500 0.2500 0.2500 0.2500 0.2500 0.2500 0.2500 
main 9.0000 7.0000 14.0000 8.0000 1.0000 8.0000 7.0000 1.0000 0.0465 0.2499 1.7495 0.0349 0.0588 b 0.2180 1.9995 1.0512 1.0429 0.2485 0.2944 0.2356 0.3078 0.1750 0.2145 0.2736 0.0000 0.0000 
main 9.0000 7.0000 3.0000 4.0000 0.0000 4.0000 3.0000 2.0000 0.1077 0.2486 0.7459 0.0906 0.1145 b 0.3210 0.9959 1.3083 1.2999 0.1565 0.2223 0.3671 0.0000 0.0000 0.0000 0.0000 0.0000 0.0000 
main 9.0000 7.0000 37.0000 9.0000 1.0000 9.0000 8.0000 0.0000 0.0000 0.2500 2.0000 0.0000 0.0000 b 0.1660 2.2500 1.3878 1.3795 0.2500 0.2500 0.2500 0.2500 0.2500 0.2500 0.2500 0.2500 0.0000 
main 9.0000 7.0000 6.0000 5.0000 0.0000 5.0000 4.0000 2.0000 0.0958 0.2505 1.0022 0.0906 0.1145 b 0.1480 1.2522 1.0757 1.0674 0.1673 0.2941 0.1756 0.3651 0.0000 0.0000 0.0000 0.0000 0.0000 
main 9.0000 7.0000 45.0000 4.0000 0.0000 4.0000 3.0000 2.0000 0.1070 0.2488 0.7463 0.0906 0.1145 b 0.1720 0.9963 1.1732 1.1648 0.3694 0.1652 0.2118 0.0000 0.0000 0.0000 0.0000 0.0000 0.0000 
main 9.0000 7.0000 29.0000 6.0000 0.0000 6.0000 5.0000 1.0000 0.0586 0.2506 1.2528 0.0349 0.0588 b 0.0920 1.5028 1.4949 1.4866 0.1883 0.2882 0.2229 0.3330 0.2205 0.0000 0.0000 0.0000 0.0000 
main 9.0000 7.0000 61.0000 10.0000 2.0000 10.0000 9.0000 0.0000 0.0000 0.2500 2.2500 0.0000 0.0000 b 0.1960 2.5000 1.4489 1.4406 0.2500 0.2500 0.2500 0.2500 0.2500 0.2500 0.2500 0.2500 0.2500 
main 9.0000 7.0000 9.0000 6.0000 0.0000 6.0000 5.0000 2.0000 0.0979 0.2492 1.2459 0.0906 0.1145 b 0.1880 1.4959 1.3530 1.3446 0.2281 0.1624 0.3168 0.3810 0.1577 0.0000 0.0000 0.0000 0.0000 
main 9.0000 7.0000 23.0000 4.0000 0.0000 4.0000 3.0000 1.0000 0.0427 0.2500 0.7500 0.0349 0.0588 b 0.2040 1.0000 1.3217 1.3133 0.2828 0.2017 0.2654 0.0000 0.0000 0.0000 0.0000 0.0000 0.0000 
main 9.0000 7.0000 54.0000 7.0000 1.0000 7.0000 6.0000 2.0000 0.0907 0.2495 1.4968 0.0906 0.1145 b 0.1730 1.7468 1.2346 1.2263 0.1762 0.4000 0.2487 0.1524 0.2180 0.3015 0.0000 0.0000 0.0000 
main 9.0000 7.0000 58.0000 9.0000 1.0000 9.0000 8.0000 0.0000 0.0000 0.2500 2.0000 0.0000 0.0000 b 0.1570 2.2500 1.4499 1.4416 0.2500 0.2500 0.2500 0.2500 0.2500 0.2500 0.2500 0.2500 0.0000 
main 9.0000 7.0000 57.0000 8.0000 1.0000 8.0000 7.0000 2.0000 0.0936 0.2496 1.7470 0.0906 0.1145 b 0.1280 1.9970 1.3482 1.3398 0.1730 0.2224 0.3904 0.1698 0.3660 0.1710 0.2544 0.0000 0.0000 
main 9.0000 7.0000 63.0000 10.0000 2.0000 10.0000 9.0000 2.0000 0.0925 0.2499 2.2494 0.0906 0.1145 b 0.1680 2.4994 1.1713 1.1630 0.2420 0.1833 0.1508 0.3834 0.3395 0.3715 0.2382 0.1522 0.1886 
main 9.0000 7.0000 22.0000 4.0000 0.0000 4.0000 3.0000 0.0000 0.0000 0.2500 0.7500 0.0000 0.0000 b 0.2730 1.0000 1.4656 1.4572 0.2500 0.2500 0.2500 0.0000 0.0000 0.0000 0.0000 0.0000 0.0000 
main 9.0000 7.0000 59.0000 9.0000 1.0000 9.0000 8.0000 1.0000 0.0450 0.2503 2.0020 0.0349 0.0588 b 0.1780 2.2520 1.3142 1.3059 0.2485 0.2811 0.3216 0.2714 0.1942 0.2614 0.1849 0.2388 0.0000 
main 9.0000 7.0000 24.0000 4.0000 0.0000 4.0000 3.0000 2.0000 0.1016 0.2509 0.7526 0.0906 0.1145 b 0.4210 1.0026 1.0228 1.0144 0.1547 0.2407 0.3572 0.0000 0.0000 0.0000 0.0000 0.0000 0.0000 
main 9.0000 7.0000 2.0000 4.0000 0.0000 4.0000 3.0000 1.0000 0.0402 0.2508 0.7525 0.0349 0.0588 b 0.1760 1.0025 1.0487 1.0404 0.2930 0.2466 0.2129 0.0000 0.0000 0.0000 0.0000 0.0000 0.0000 
main 9.0000 7.0000 7.0000 6.0000 0.0000 6.0000 5.0000 0.0000 0.0000 0.2500 1.2500 0.0000 0.0000 b 0.1840 1.5000 1.2476 1.2393 0.2500 0.2500 0.2500 0.2500 0.2500 0.0000 0.0000 0.0000 0.0000 
main 9.0000 7.0000 42.0000 10.0000 2.0000 10.0000 9.0000 2.0000 0.0931 0.2497 2.2473 0.0906 0.1145 b 0.2170 2.4973 1.1708 1.1625 0.1624 0.1897 0.3016 0.1944 0.3850 0.1723 0.3663 0.1536 0.3219 
main 9.0000 7.0000 5.0000 5.0000 0.0000 5.0000 4.0000 1.0000 0.0517 0.2501 1.0003 0.0349 0.0588 b 0.3120 1.2503 1.1630 1.1547 0.2075 0.2546 0.3213 0.2170 0.0000 0.0000 0.0000 0.0000 0.0000 
main 9.0000 7.0000 41.0000 10.0000 2.0000 10.0000 9.0000 1.0000 0.0537 0.2500 2.2497 0.0349 0.0588 b 0.2250 2.4997 1.3736 1.3653 0.3017 0.2108 0.2391 0.1876 0.2191 0.3097 0.2624 0.1890 0.3303 
main 9.0000 7.0000 28.0000 6.0000 0.0000 6.0000 5.0000 0.0000 0.0000 0.2500 1.2500 0.0000 0.0000 b 0.1720 1.5000 1.2738 1.2655 0.2500 0.2500 0.2500 0.2500 0.2500 0.0000 0.0000 0.0000 0.0000 
main 9.0000 7.0000 36.0000 8.0000 1.0000 8.0000 7.0000 2.0000 0.0922 0.2506 1.7541 0.0906 0.1145 b 0.1380 2.0041 1.3196 1.3112 0.1564 0.1945 0.3864 0.2160 0.3722 0.2453 0.1832 0.0000 0.0000 
main 9.0000 7.0000 44.0000 4.0000 0.0000 4.0000 3.0000 1.0000 0.0516 0.2488 0.7464 0.0349 0.0588 b 0.2020 0.9964 1.4984 1.4901 0.2726 0.1896 0.2842 0.0000 0.0000 0.0000 0.0000 0.0000 0.0000 
main 9.0000 7.0000 39.0000 9.0000 1.0000 9.0000 8.0000 2.0000 0.0918 0.2503 2.0028 0.0906 0.1145 NA E 2.2528 1.2838 1.2755 0.3029 0.1751 0.2077 0.1543 0.3785 0.1531 0.3661 0.2651 0.0000 
main 9.0000 7.0000 56.0000 8.0000 1.0000 8.0000 7.0000 1.0000 0.0538 0.2503 1.7521 0.0349 0.0588 b 0.2790 2.0021 1.1499 1.1416 0.2541 0.3534 0.2069 0.2707 0.2079 0.2591 0.2001 0.0000 0.0000 
main 9.0000 7.0000 55.0000 8.0000 1.0000 8.0000 7.0000 0.0000 0.0000 0.2500 1.7500 0.0000 0.0000 b 0.2750 2.0000 1.4721 1.4637 0.2500 0.2500 0.2500 0.2500 0.2500 0.2500 0.2500 0.0000 0.0000 
main 9.0000 7.0000 50.0000 6.0000 0.0000 6.0000 5.0000 1.0000 0.0518 0.2496 1.2480 0.0349 0.0588 b 0.9930 1.4980 1.3426 1.3343 0.2621 0.1956 0.2546 0.2088 0.3269 0.0000 0.0000 0.0000 0.0000 
main 9.0000 7.0000 4.0000 5.0000 0.0000 5.0000 4.0000 0.0000 0.0000 0.2500 1.0000 0.0000 0.0000 b 0.8080 1.2500 1.4673 1.4590 0.2500 0.2500 0.2500 0.2500 0.0000 0.0000 0.0000 0.0000 0.0000 
main 9.0000 7.0000 40.0000 10.0000 2.0000 10.0000 9.0000 0.0000 0.0000 0.2500 2.2500 0.0000 0.0000 b 0.1940 2.5000 1.1484 1.1401 0.2500 0.2500 0.2500 0.2500 0.2500 0.2500 0.2500 0.2500 0.2500 
main 9.0000 7.0000 46.0000 5.0000 0.0000 5.0000 4.0000 0.0000 0.0000 0.2500 1.0000 0.0000 0.0000 b 0.5060 1.2500 1.2131 1.2047 0.2500 0.2500 0.2500 0.2500 0.0000 0.0000 0.0000 0.0000 0.0000 
main 9.0000 7.0000 25.0000 5.0000 0.0000 5.0000 4.0000 0.0000 0.0000 0.2500 1.0000 0.0000 0.0000 b 0.2640 1.2500 1.3655 1.3571 0.2500 0.2500 0.2500 0.2500 0.0000 0.0000 0.0000 0.0000 0.0000 
main 9.0000 7.0000 53.0000 7.0000 1.0000 7.0000 6.0000 1.0000 0.0534 0.2501 1.5007 0.0349 0.0588 b 0.3200 1.7507 1.1110 1.1027 0.2199 0.1692 0.2408 0.3090 0.2549 0.3069 0.0000 0.0000 0.0000 
main 9.0000 7.0000 38.0000 9.0000 1.0000 9.0000 8.0000 1.0000 0.0426 0.2497 1.9979 0.0349 0.0588 b 0.2220 2.2479 1.2834 1.2751 0.2788 0.2491 0.2009 0.3076 0.2198 0.1945 0.2507 0.2965 0.0000 
main 9.0000 8.0000 45.0000 4.0000 0.0000 4.0000 3.0000 2.0000 0.1019 0.2486 0.7458 0.0906 0.1145 b 0.3690 0.9958 1.2214 1.2131 0.3569 0.2343 0.1547 0.0000 0.0000 0.0000 0.0000 0.0000 0.0000 
main 9.0000 8.0000 43.0000 4.0000 0.0000 4.0000 3.0000 0.0000 0.0000 0.2500 0.7500 0.0000 0.0000 b 0.1930 1.0000 1.3645 1.3562 0.2500 0.2500 0.2500 0.0000 0.0000 0.0000 0.0000 0.0000 0.0000 
main 9.0000 8.0000 50.0000 6.0000 0.0000 6.0000 5.0000 1.0000 0.0579 0.2509 1.2544 0.0349 0.0588 b 0.1570 1.5044 1.0092 1.0009 0.3099 0.1677 0.2905 0.2174 0.2689 0.0000 0.0000 0.0000 0.0000 
main 9.0000 8.0000 63.0000 10.0000 2.0000 10.0000 9.0000 2.0000 0.0908 0.2502 2.2516 0.0906 0.1145 b 0.1850 2.5016 1.2606 1.2523 0.2377 0.3941 0.1763 0.2264 0.1660 0.1963 0.1669 0.2961 0.3918 
main 9.0000 8.0000 49.0000 6.0000 0.0000 6.0000 5.0000 0.0000 0.0000 0.2500 1.2500 0.0000 0.0000 b 0.4990 1.5000 1.3741 1.3658 0.2500 0.2500 0.2500 0.2500 0.2500 0.0000 0.0000 0.0000 0.0000 
main 9.0000 8.0000 30.0000 6.0000 0.0000 6.0000 5.0000 2.0000 0.0922 0.2495 1.2474 0.0906 0.1145 b 0.1960 1.4974 1.4783 1.4699 0.1616 0.2269 0.3944 0.2777 0.1867 0.0000 0.0000 0.0000 0.0000 
main 9.0000 8.0000 28.0000 6.0000 0.0000 6.0000 5.0000 0.0000 0.0000 0.2500 1.2500 0.0000 0.0000 b 0.1820 1.5000 1.4718 1.4635 0.2500 0.2500 0.2500 0.2500 0.2500 0.0000 0.0000 0.0000 0.0000 
main 9.0000 8.0000 31.0000 7.0000 1.0000 7.0000 6.0000 0.0000 0.0000 0.2500 1.5000 0.0000 0.0000 b 0.1480 1.7500 1.2468 1.2385 0.2500 0.2500 0.2500 0.2500 0.2500 0.2500 0.0000 0.0000 0.0000 
main 9.0000 8.0000 41.0000 10.0000 2.0000 10.0000 9.0000 1.0000 0.0538 0.2496 2.2461 0.0349 0.0588 b 0.1320 2.4961 1.1955 1.1872 0.3391 0.2608 0.2164 0.2870 0.1513 0.2702 0.2249 0.2784 0.2179 
main 9.0000 8.0000 6.0000 5.0000 0.0000 5.0000 4.0000 2.0000 0.0976 0.2500 0.9999 0.0906 0.1145 b 0.2600 1.2499 1.3368 1.3285 0.2345 0.3856 0.1531 0.2268 0.0000 0.0000 0.0000 0.0000 0.0000 
main 9.0000 8.0000 42.0000 10.0000 2.0000 10.0000 9.0000 2.0000 0.0907 0.2497 2.2474 0.0906 0.1145 b 0.2050 2.4974 1.0076 0.9992 0.1569 0.1841 0.2848 0.2138 0.3920 0.2444 0.1593 0.3942 0.2180 
main 9.0000 8.0000 16.0000 9.0000 1.0000 9.0000 8.0000 0.0000 0.0000 0.2500 2.0000 0.0000 0.0000 b 0.1470 2.2500 1.4510 1.4427 0.2500 0.2500 0.2500 0.2500 0.2500 0.2500 0.2500 0.2500 0.0000 
main 9.0000 8.0000 36.0000 8.0000 1.0000 8.0000 7.0000 2.0000 0.0919 0.2493 1.7452 0.0906 0.1145 b 0.2000 1.9952 1.3903 1.3819 0.2419 0.2093 0.3697 0.1664 0.2130 0.1602 0.3848 0.0000 0.0000 
main 9.0000 8.0000 11.0000 7.0000 1.0000 7.0000 6.0000 1.0000 0.0510 0.2493 1.4958 0.0349 0.0588 b 0.3670 1.7458 1.1082 1.0999 0.1606 0.2388 0.2949 0.2567 0.3025 0.2423 0.0000 0.0000 0.0000 
main 9.0000 8.0000 40.0000 10.0000 2.0000 10.0000 9.0000 0.0000 0.0000 0.2500 2.2500 0.0000 0.0000 b 0.1520 2.5000 1.3471 1.3388 0.2500 0.2500 0.2500 0.2500 0.2500 0.2500 0.2500 0.2500 0.2500 
main 9.0000 8.0000 48.0000 5.0000 0.0000 5.0000 4.0000 2.0000 0.0990 0.2504 1.0017 0.0906 0.1145 b 0.2570 1.2517 1.4405 1.4322 0.2171 0.3894 0.2389 0.1563 0.0000 0.0000 0.0000 0.0000 0.0000 
main 9.0000 8.0000 22.0000 4.0000 0.0000 4.0000 3.0000 0.0000 0.0000 0.2500 0.7500 0.0000 0.0000 b 0.2790 1.0000 1.0956 1.0873 0.2500 0.2500 0.2500 0.0000 0.0000 0.0000 0.0000 0.0000 0.0000 
main 9.0000 8.0000 53.0000 7.0000 1.0000 7.0000 6.0000 1.0000 0.0547 0.2494 1.4962 0.0349 0.0588 b 0.1740 1.7462 1.2646 1.2563 0.2633 0.2063 0.3060 0.1848 0.3171 0.2187 0.0000 0.0000 0.0000 
main 9.0000 8.0000 37.0000 9.0000 1.0000 9.0000 8.0000 0.0000 0.0000 0.2500 2.0000 0.0000 0.0000 b 0.1880 2.2500 1.4662 1.4579 0.2500 0.2500 0.2500 0.2500 0.2500 0.2500 0.2500 0.2500 0.0000 
main 9.0000 8.0000 20.0000 10.0000 2.0000 10.0000 9.0000 1.0000 0.0579 0.2497 2.2473 0.0349 0.0588 b 0.1410 2.4973 1.1295 1.1212 0.2055 0.2753 0.3312 0.2853 0.2043 0.3129 0.1510 0.2277 0.2541 
main 9.0000 8.0000 39.0000 9.0000 1.0000 9.0000 8.0000 2.0000 0.0925 0.2504 2.0029 0.0906 0.1145 b 0.1670 2.2529 1.4111 1.4028 0.3518 0.2083 0.1763 0.1510 0.3417 0.1682 0.3799 0.2258 0.0000 
main 9.0000 8.0000 46.0000 5.0000 0.0000 5.0000 4.0000 0.0000 0.0000 0.2500 1.0000 0.0000 0.0000 b 0.2030 1.2500 1.1708 1.1625 0.2500 0.2500 0.2500 0.2500 0.0000 0.0000 0.0000 0.0000 0.0000 
main 9.0000 8.0000 21.0000 10.0000 2.0000 10.0000 9.0000 2.0000 0.0926 0.2500 2.2503 0.0906 0.1145 b 0.1510 2.5003 1.4187 1.4104 0.3212 0.1544 0.1995 0.2573 0.3587 0.1504 0.3908 0.1501 0.2679 
main 9.0000 8.0000 25.0000 5.0000 0.0000 5.0000 4.0000 0.0000 0.0000 0.2500 1.0000 0.0000 0.0000 b 0.2100 1.2500 1.0221 1.0138 0.2500 0.2500 0.2500 0.2500 0.0000 0.0000 0.0000 0.0000 0.0000 
main 9.0000 8.0000 7.0000 6.0000 0.0000 6.0000 5.0000 0.0000 0.0000 0.2500 1.2500 0.0000 0.0000 b 0.3280 1.5000 1.0243 1.0160 0.2500 0.2500 0.2500 0.2500 0.2500 0.0000 0.0000 0.0000 0.0000 
main 9.0000 8.0000 8.0000 6.0000 0.0000 6.0000 5.0000 1.0000 0.0485 0.2501 1.2503 0.0349 0.0588 b 0.1610 1.5003 1.3937 1.3853 0.1893 0.2563 0.3196 0.2234 0.2618 0.0000 0.0000 0.0000 0.0000 
main 9.0000 8.0000 47.0000 5.0000 0.0000 5.0000 4.0000 1.0000 0.0560 0.2508 1.0033 0.0349 0.0588 b 0.1740 1.2533 1.2041 1.1958 0.3096 0.2294 0.2812 0.1831 0.0000 0.0000 0.0000 0.0000 0.0000 
main 9.0000 8.0000 18.0000 9.0000 1.0000 9.0000 8.0000 2.0000 0.0935 0.2506 2.0045 0.0906 0.1145 b 0.1870 2.2545 1.0390 1.0307 0.2340 0.1732 0.3985 0.1675 0.3814 0.2662 0.1608 0.2229 0.0000 
main 9.0000 8.0000 59.0000 9.0000 1.0000 9.0000 8.0000 1.0000 0.0583 0.2503 2.0023 0.0349 0.0588 b 0.1750 2.2523 1.4746 1.4663 0.3022 0.1584 0.2516 0.2082 0.3295 0.2110 0.3041 0.2372 0.0000 
main 9.0000 8.0000 14.0000 8.0000 1.0000 8.0000 7.0000 1.0000 0.0542 0.2504 1.7525 0.0349 0.0588 b 0.1770 2.0025 1.3963 1.3880 0.3054 0.2178 0.2566 0.2051 0.3379 0.2403 0.1894 0.0000 0.0000 
main 9.0000 8.0000 19.0000 10.0000 2.0000 10.0000 9.0000 0.0000 0.0000 0.2500 2.2500 0.0000 0.0000 b 0.1880 2.5000 1.2731 1.2648 0.2500 0.2500 0.2500 0.2500 0.2500 0.2500 0.2500 0.2500 0.2500 
main 9.0000 8.0000 60.0000 9.0000 1.0000 9.0000 8.0000 2.0000 0.0966 0.2504 2.0032 0.0906 0.1145 b 0.1730 2.2532 1.1742 1.1658 0.1539 0.3791 0.2929 0.1600 0.3180 0.1509 0.1911 0.3574 0.0000 
main 9.0000 8.0000 4.0000 5.0000 0.0000 5.0000 4.0000 0.0000 0.0000 0.2500 1.0000 0.0000 0.0000 b 0.3570 1.2500 1.0572 1.0489 0.2500 0.2500 0.2500 0.2500 0.0000 0.0000 0.0000 0.0000 0.0000 
main 9.0000 8.0000 34.0000 8.0000 1.0000 8.0000 7.0000 0.0000 0.0000 0.2500 1.7500 0.0000 0.0000 b 0.1820 2.0000 1.0182 1.0098 0.2500 0.2500 0.2500 0.2500 0.2500 0.2500 0.2500 0.0000 0.0000 
main 9.0000 8.0000 17.0000 9.0000 1.0000 9.0000 8.0000 1.0000 0.0584 0.2500 2.0001 0.0349 0.0588 b 0.1900 2.2501 1.3907 1.3824 0.2015 0.2367 0.1895 0.3228 0.1750 0.2747 0.3243 0.2755 0.0000 
main 9.0000 8.0000 24.0000 4.0000 0.0000 4.0000 3.0000 2.0000 0.1035 0.2490 0.7469 0.0906 0.1145 b 0.2570 0.9969 1.0418 1.0335 0.1562 0.3606 0.2300 0.0000 0.0000 0.0000 0.0000 0.0000 0.0000 
main 9.0000 8.0000 10.0000 7.0000 1.0000 7.0000 6.0000 0.0000 0.0000 0.2500 1.5000 0.0000 0.0000 b 0.1860 1.7500 1.2917 1.2834 0.2500 0.2500 0.2500 0.2500 0.2500 0.2500 0.0000 0.0000 0.0000 
main 9.0000 8.0000 61.0000 10.0000 2.0000 10.0000 9.0000 0.0000 0.0000 0.2500 2.2500 0.0000 0.0000 b 0.1920 2.5000 1.2050 1.1966 0.2500 0.2500 0.2500 0.2500 0.2500 0.2500 0.2500 0.2500 0.2500 
main 9.0000 8.0000 54.0000 7.0000 1.0000 7.0000 6.0000 2.0000 0.1009 0.2508 1.5049 0.0906 0.1145 b 0.2330 1.7549 1.0746 1.0663 0.3572 0.1800 0.2534 0.1632 0.3889 0.1623 0.0000 0.0000 0.0000 
main 9.0000 8.0000 57.0000 8.0000 1.0000 8.0000 7.0000 2.0000 0.1018 0.2499 1.7491 0.0906 0.1145 b 0.1620 1.9991 1.4515 1.4431 0.3900 0.1602 0.2208 0.1804 0.3893 0.1531 0.2554 0.0000 0.0000 
main 9.0000 8.0000 3.0000 4.0000 0.0000 4.0000 3.0000 2.0000 0.1117 0.2501 0.7504 0.0906 0.1145 b 0.2340 1.0004 1.3092 1.3009 0.1993 0.3782 0.1729 0.0000 0.0000 0.0000 0.0000 0.0000 0.0000 
main 9.0000 8.0000 12.0000 7.0000 1.0000 7.0000 6.0000 2.0000 0.1013 0.2503 1.5016 0.0906 0.1145 b 0.1660 1.7516 1.4183 1.4100 0.3584 0.2128 0.1876 0.1533 0.1924 0.3971 0.0000 0.0000 0.0000 
main 9.0000 8.0000 29.0000 6.0000 0.0000 6.0000 5.0000 1.0000 0.0460 0.2495 1.2473 0.0349 0.0588 b 0.1600 1.4973 1.3237 1.3154 0.2612 0.1848 0.2787 0.2225 0.3001 0.0000 0.0000 0.0000 0.0000 
main 9.0000 8.0000 26.0000 5.0000 0.0000 5.0000 4.0000 1.0000 0.0518 0.2506 1.0025 0.0349 0.0588 b 0.1330 1.2525 1.3134 1.3050 0.2800 0.2047 0.3085 0.2092 0.0000 0.0000 0.0000 0.0000 0.0000 
main 9.0000 8.0000 35.0000 8.0000 1.0000 8.0000 7.0000 1.0000 0.0585 0.2499 1.7494 0.0349 0.0588 b 0.1670 1.9994 1.4447 1.4364 0.1773 0.2351 0.3209 0.2493 0.3174 0.2707 0.1788 0.0000 0.0000 
main 9.0000 8.0000 5.0000 5.0000 0.0000 5.0000 4.0000 1.0000 0.0584 0.2502 1.0008 0.0349 0.0588 b 0.1660 1.2508 1.1238 1.1155 0.2450 0.1722 0.3099 0.2738 0.0000 0.0000 0.0000 0.0000 0.0000 
main 9.0000 8.0000 27.0000 5.0000 0.0000 5.0000 4.0000 2.0000 0.0981 0.2507 1.0028 0.0906 0.1145 b 0.1090 1.2528 1.0379 1.0295 0.2854 0.1900 0.1550 0.3724 0.0000 0.0000 0.0000 0.0000 0.0000 
main 9.0000 8.0000 13.0000 8.0000 1.0000 8.0000 7.0000 0.0000 0.0000 0.2500 1.7500 0.0000 0.0000 b 0.1750 2.0000 1.0923 1.0839 0.2500 0.2500 0.2500 0.2500 0.2500 0.2500 0.2500 0.0000 0.0000 
main 9.0000 8.0000 44.0000 4.0000 0.0000 4.0000 3.0000 1.0000 0.0352 0.2495 0.7486 0.0349 0.0588 b 0.2880 0.9986 1.0803 1.0719 0.2821 0.2122 0.2544 0.0000 0.0000 0.0000 0.0000 0.0000 0.0000 
main 9.0000 8.0000 15.0000 8.0000 1.0000 8.0000 7.0000 2.0000 0.0910 0.2494 1.7456 0.0906 0.1145 NA E 1.9956 1.0695 1.0611 0.1700 0.2384 0.3916 0.3194 0.1566 0.3021 0.1675 0.0000 0.0000 
main 9.0000 8.0000 32.0000 7.0000 1.0000 7.0000 6.0000 1.0000 0.0556 0.2503 1.5015 0.0349 0.0588 b 0.2210 1.7515 1.2560 1.2476 0.1630 0.3108 0.2353 0.2741 0.2995 0.2189 0.0000 0.0000 0.0000 
main 9.0000 8.0000 23.0000 4.0000 0.0000 4.0000 3.0000 1.0000 0.0520 0.2512 0.7537 0.0349 0.0588 b 0.2490 1.0037 1.1981 1.1898 0.2309 0.3103 0.2125 0.0000 0.0000 0.0000 0.0000 0.0000 0.0000 
main 9.0000 8.0000 2.0000 4.0000 0.0000 4.0000 3.0000 1.0000 0.0361 0.2485 0.7455 0.0349 0.0588 b 0.2220 0.9955 1.0954 1.0871 0.2489 0.2122 0.2844 0.0000 0.0000 0.0000 0.0000 0.0000 0.0000 
main 9.0000 8.0000 62.0000 10.0000 2.0000 10.0000 9.0000 1.0000 0.0582 0.2497 2.2476 0.0349 0.0588 b 0.2500 2.4976 1.4662 1.4579 0.1830 0.3150 0.2501 0.1502 0.2944 0.2495 0.2122 0.2788 0.3145 
main 9.0000 8.0000 1.0000 4.0000 0.0000 4.0000 3.0000 0.0000 0.0000 0.2500 0.7500 0.0000 0.0000 b 0.2820 1.0000 1.3920 1.3836 0.2500 0.2500 0.2500 0.0000 0.0000 0.0000 0.0000 0.0000 0.0000 
main 9.0000 8.0000 51.0000 6.0000 0.0000 6.0000 5.0000 2.0000 0.0929 0.2504 1.2522 0.0906 0.1145 b 0.3530 1.5022 1.3529 1.3446 0.3295 0.2311 0.1694 0.3639 0.1583 0.0000 0.0000 0.0000 0.0000 
main 9.0000 8.0000 56.0000 8.0000 1.0000 8.0000 7.0000 1.0000 0.0475 0.2506 1.7543 0.0349 0.0588 b 0.1510 2.0043 1.1683 1.1600 0.2548 0.2260 0.2716 0.2322 0.3331 0.2587 0.1780 0.0000 0.0000 
main 9.0000 8.0000 58.0000 9.0000 1.0000 9.0000 8.0000 0.0000 0.0000 0.2500 2.0000 0.0000 0.0000 b 0.2310 2.2500 1.2615 1.2531 0.2500 0.2500 0.2500 0.2500 0.2500 0.2500 0.2500 0.2500 0.0000 
main 9.0000 8.0000 33.0000 7.0000 1.0000 7.0000 6.0000 2.0000 0.1053 0.2508 1.5049 0.0906 0.1145 b 0.1860 1.7549 1.2501 1.2418 0.1567 0.2467 0.1597 0.3656 0.3938 0.1824 0.0000 0.0000 0.0000 
main 9.0000 8.0000 38.0000 9.0000 1.0000 9.0000 8.0000 1.0000 0.0519 0.2506 2.0044 0.0349 0.0588 b 0.1350 2.2544 1.2447 1.2364 0.1914 0.2395 0.2809 0.2214 0.2485 0.2751 0.1971 0.3506 0.0000 
main 9.0000 8.0000 55.0000 8.0000 1.0000 8.0000 7.0000 0.0000 0.0000 0.2500 1.7500 0.0000 0.0000 b 0.1810 2.0000 1.0917 1.0833 0.2500 0.2500 0.2500 0.2500 0.2500 0.2500 0.2500 0.0000 0.0000 
main 9.0000 8.0000 52.0000 7.0000 1.0000 7.0000 6.0000 0.0000 0.0000 0.2500 1.5000 0.0000 0.0000 b 0.1830 1.7500 1.1237 1.1154 0.2500 0.2500 0.2500 0.2500 0.2500 0.2500 0.0000 0.0000 0.0000 
main 9.0000 8.0000 9.0000 6.0000 0.0000 6.0000 5.0000 2.0000 0.0924 0.2503 1.2516 0.0906 0.1145 b 0.1910 1.5016 1.1739 1.1655 0.1582 0.3240 0.3625 0.2437 0.1633 0.0000 0.0000 0.0000 0.0000 
