group subNo block index seqDur shortLong nTargets nIOI rhythmicVarTAG seqSTD seqMeanIOI seqSumIOI Lowbound Upbound pressedKey rt seqDuration startInterval trialDuration IOI1 IOI2 IOI3 IOI4 IOI5 IOI6 IOI7 IOI8 IOI9 
main 4.0000 1.0000 48.0000 5.0000 0.0000 5.0000 4.0000 2.0000 0.1027 0.2501 1.0002 0.0906 0.1145 b 0.2300 1.2502 1.0903 2.3257 0.1520 0.3046 0.3670 0.1766 0.0000 0.0000 0.0000 0.0000 0.0000 
main 4.0000 1.0000 1.0000 4.0000 0.0000 4.0000 3.0000 0.0000 0.0000 0.2500 0.7500 0.0000 0.0000 b 0.1640 1.0000 1.1182 2.1257 0.2500 0.2500 0.2500 0.0000 0.0000 0.0000 0.0000 0.0000 0.0000 
main 4.0000 1.0000 14.0000 8.0000 1.0000 8.0000 7.0000 1.0000 0.0510 0.2504 1.7531 0.0349 0.0588 b 0.0940 2.0031 1.0105 3.0286 0.3098 0.2711 0.2260 0.2701 0.1514 0.2453 0.2794 0.0000 0.0000 
main 4.0000 1.0000 36.0000 8.0000 1.0000 8.0000 7.0000 2.0000 0.0915 0.2500 1.7499 0.0906 0.1145 b 0.1730 1.9999 1.3553 3.3588 0.2930 0.1670 0.2771 0.1626 0.3913 0.1511 0.3078 0.0000 0.0000 
main 4.0000 1.0000 45.0000 4.0000 0.0000 4.0000 3.0000 2.0000 0.1072 0.2513 0.7539 0.0906 0.1145 b 0.1730 1.0039 1.4522 2.4630 0.2327 0.1546 0.3666 0.0000 0.0000 0.0000 0.0000 0.0000 0.0000 
main 4.0000 1.0000 53.0000 7.0000 1.0000 7.0000 6.0000 1.0000 0.0461 0.2498 1.4989 0.0349 0.0588 b 0.1560 1.7489 1.3712 3.1246 0.1919 0.2945 0.2502 0.3068 0.2050 0.2505 0.0000 0.0000 0.0000 
main 4.0000 1.0000 28.0000 6.0000 0.0000 6.0000 5.0000 0.0000 0.0000 0.2500 1.2500 0.0000 0.0000 b 0.1620 1.5000 1.4303 2.9258 0.2500 0.2500 0.2500 0.2500 0.2500 0.0000 0.0000 0.0000 0.0000 
main 4.0000 1.0000 39.0000 9.0000 1.0000 9.0000 8.0000 2.0000 0.0941 0.2502 2.0015 0.0906 0.1145 b 0.1670 2.2515 1.4901 3.7439 0.1510 0.1961 0.1649 0.3440 0.3787 0.2501 0.1676 0.3490 0.0000 
main 4.0000 1.0000 15.0000 8.0000 1.0000 8.0000 7.0000 2.0000 0.0923 0.2494 1.7455 0.0906 0.1145 b 0.1700 1.9955 1.3762 3.3713 0.1994 0.3817 0.1672 0.2160 0.3781 0.2341 0.1691 0.0000 0.0000 
main 4.0000 1.0000 29.0000 6.0000 0.0000 6.0000 5.0000 1.0000 0.0530 0.2504 1.2520 0.0349 0.0588 b 0.1610 1.5020 1.0391 2.5442 0.2063 0.2376 0.2899 0.1983 0.3199 0.0000 0.0000 0.0000 0.0000 
main 4.0000 1.0000 30.0000 6.0000 0.0000 6.0000 5.0000 2.0000 0.0955 0.2493 1.2464 0.0906 0.1145 b 0.2080 1.4964 1.4325 2.9221 0.1953 0.3113 0.1866 0.3868 0.1664 0.0000 0.0000 0.0000 0.0000 
main 4.0000 1.0000 60.0000 9.0000 1.0000 9.0000 8.0000 2.0000 0.0944 0.2504 2.0035 0.0906 0.1145 b 0.3360 2.2535 1.0352 3.2789 0.2056 0.1505 0.1882 0.2893 0.3720 0.1596 0.2399 0.3984 0.0000 
main 4.0000 1.0000 26.0000 5.0000 0.0000 5.0000 4.0000 1.0000 0.0482 0.2504 1.0016 0.0349 0.0588 b 0.2190 1.2516 1.0171 2.2604 0.2000 0.2276 0.2625 0.3116 0.0000 0.0000 0.0000 0.0000 0.0000 
main 4.0000 1.0000 38.0000 9.0000 1.0000 9.0000 8.0000 1.0000 0.0551 0.2495 1.9956 0.0349 0.0588 b 0.1690 2.2456 1.4859 3.7213 0.3344 0.2144 0.1818 0.2844 0.2459 0.1938 0.2314 0.3094 0.0000 
main 4.0000 1.0000 41.0000 10.0000 2.0000 10.0000 9.0000 1.0000 0.0585 0.2495 2.2459 0.0349 0.0588 b 0.1920 2.4959 1.4229 3.9048 0.2746 0.1952 0.2606 0.1735 0.3042 0.3539 0.1940 0.2665 0.2236 
main 4.0000 1.0000 49.0000 6.0000 0.0000 6.0000 5.0000 0.0000 0.0000 0.2500 1.2500 0.0000 0.0000 b 0.3360 1.5000 1.0377 2.5254 0.2500 0.2500 0.2500 0.2500 0.2500 0.0000 0.0000 0.0000 0.0000 
main 4.0000 1.0000 42.0000 10.0000 2.0000 10.0000 9.0000 2.0000 0.0923 0.2503 2.2529 0.0906 0.1145 b 0.2350 2.5029 1.4933 4.0121 0.3767 0.1849 0.3962 0.1502 0.2607 0.2195 0.3107 0.2013 0.1526 
main 4.0000 1.0000 24.0000 4.0000 0.0000 4.0000 3.0000 2.0000 0.0918 0.2516 0.7549 0.0906 0.1145 b 0.3530 1.0049 1.2320 2.2472 0.1597 0.3434 0.2518 0.0000 0.0000 0.0000 0.0000 0.0000 0.0000 
main 4.0000 1.0000 11.0000 7.0000 1.0000 7.0000 6.0000 1.0000 0.0559 0.2494 1.4962 0.0349 0.0588 b 0.1740 1.7462 1.0177 2.7717 0.1932 0.2938 0.1716 0.2966 0.2448 0.2961 0.0000 0.0000 0.0000 
main 4.0000 1.0000 25.0000 5.0000 0.0000 5.0000 4.0000 0.0000 0.0000 0.2500 1.0000 0.0000 0.0000 b 0.2080 1.2500 1.4095 2.6591 0.2500 0.2500 0.2500 0.2500 0.0000 0.0000 0.0000 0.0000 0.0000 
main 4.0000 1.0000 61.0000 10.0000 2.0000 10.0000 9.0000 0.0000 0.0000 0.2500 2.2500 0.0000 0.0000 b 0.1470 2.5000 1.0981 3.6088 0.2500 0.2500 0.2500 0.2500 0.2500 0.2500 0.2500 0.2500 0.2500 
main 4.0000 1.0000 57.0000 8.0000 1.0000 8.0000 7.0000 2.0000 0.1084 0.2499 1.7496 0.0906 0.1145 b 0.1910 1.9996 1.1491 3.1584 0.3116 0.3735 0.1505 0.2047 0.1556 0.3975 0.1563 0.0000 0.0000 
main 4.0000 1.0000 44.0000 4.0000 0.0000 4.0000 3.0000 1.0000 0.0505 0.2510 0.7529 0.0349 0.0588 b 0.1760 1.0029 1.2974 2.2951 0.2466 0.3035 0.2028 0.0000 0.0000 0.0000 0.0000 0.0000 0.0000 
main 4.0000 1.0000 33.0000 7.0000 1.0000 7.0000 6.0000 2.0000 0.0909 0.2504 1.5023 0.0906 0.1145 b 0.1790 1.7523 1.0744 2.8278 0.2472 0.3296 0.1613 0.3835 0.1573 0.2234 0.0000 0.0000 0.0000 
main 4.0000 1.0000 37.0000 9.0000 1.0000 9.0000 8.0000 0.0000 0.0000 0.2500 2.0000 0.0000 0.0000 b 0.1570 2.2500 1.3603 3.6088 0.2500 0.2500 0.2500 0.2500 0.2500 0.2500 0.2500 0.2500 0.0000 
main 4.0000 1.0000 18.0000 9.0000 1.0000 9.0000 8.0000 2.0000 0.0939 0.2502 2.0017 0.0906 0.1145 b 0.3780 2.2517 1.3445 3.5940 0.1794 0.1510 0.3280 0.2013 0.3711 0.2001 0.3825 0.1883 0.0000 
main 4.0000 1.0000 23.0000 4.0000 0.0000 4.0000 3.0000 1.0000 0.0487 0.2516 0.7549 0.0349 0.0588 b 0.2320 1.0049 1.1543 2.1638 0.3060 0.2119 0.2371 0.0000 0.0000 0.0000 0.0000 0.0000 0.0000 
main 4.0000 1.0000 21.0000 10.0000 2.0000 10.0000 9.0000 2.0000 0.0923 0.2498 2.2480 0.0906 0.1145 b 0.1710 2.4980 1.3719 3.8736 0.3090 0.1612 0.2681 0.1577 0.3861 0.1686 0.2596 0.1641 0.3735 
main 4.0000 1.0000 35.0000 8.0000 1.0000 8.0000 7.0000 1.0000 0.0550 0.2506 1.7539 0.0349 0.0588 b 0.1990 2.0039 1.1468 3.1462 0.1700 0.2470 0.2151 0.3420 0.2842 0.2266 0.2689 0.0000 0.0000 
main 4.0000 1.0000 9.0000 6.0000 0.0000 6.0000 5.0000 2.0000 0.1029 0.2496 1.2481 0.0906 0.1145 b 0.1850 1.4981 1.3326 2.8238 0.1525 0.3418 0.1902 0.3789 0.1848 0.0000 0.0000 0.0000 0.0000 
main 4.0000 1.0000 43.0000 4.0000 0.0000 4.0000 3.0000 0.0000 0.0000 0.2500 0.7500 0.0000 0.0000 b 0.2280 1.0000 1.3042 2.2924 0.2500 0.2500 0.2500 0.0000 0.0000 0.0000 0.0000 0.0000 0.0000 
main 4.0000 1.0000 27.0000 5.0000 0.0000 5.0000 4.0000 2.0000 0.0953 0.2500 1.0001 0.0906 0.1145 b 0.1940 1.2501 1.2692 2.5090 0.3733 0.1854 0.2761 0.1652 0.0000 0.0000 0.0000 0.0000 0.0000 
main 4.0000 1.0000 47.0000 5.0000 0.0000 5.0000 4.0000 1.0000 0.0569 0.2511 1.0044 0.0349 0.0588 b 0.1280 1.2544 1.1755 2.4299 0.1905 0.3085 0.2157 0.2897 0.0000 0.0000 0.0000 0.0000 0.0000 
main 4.0000 1.0000 34.0000 8.0000 1.0000 8.0000 7.0000 0.0000 0.0000 0.2500 1.7500 0.0000 0.0000 b 0.1480 2.0000 1.2732 3.2756 0.2500 0.2500 0.2500 0.2500 0.2500 0.2500 0.2500 0.0000 0.0000 
main 4.0000 1.0000 54.0000 7.0000 1.0000 7.0000 6.0000 2.0000 0.1024 0.2494 1.4967 0.0906 0.1145 b 0.1560 1.7467 1.1453 2.9057 0.1563 0.2672 0.1602 0.3737 0.1717 0.3677 0.0000 0.0000 0.0000 
main 4.0000 1.0000 40.0000 10.0000 2.0000 10.0000 9.0000 0.0000 0.0000 0.2500 2.2500 0.0000 0.0000 b 0.1890 2.5000 1.1548 3.6587 0.2500 0.2500 0.2500 0.2500 0.2500 0.2500 0.2500 0.2500 0.2500 
main 4.0000 1.0000 10.0000 7.0000 1.0000 7.0000 6.0000 0.0000 0.0000 0.2500 1.5000 0.0000 0.0000 b 0.1690 1.7500 1.2053 2.9590 0.2500 0.2500 0.2500 0.2500 0.2500 0.2500 0.0000 0.0000 0.0000 
main 4.0000 1.0000 7.0000 6.0000 0.0000 6.0000 5.0000 0.0000 0.0000 0.2500 1.2500 0.0000 0.0000 b 0.2300 1.5000 1.2512 2.7591 0.2500 0.2500 0.2500 0.2500 0.2500 0.0000 0.0000 0.0000 0.0000 
main 4.0000 1.0000 12.0000 7.0000 1.0000 7.0000 6.0000 2.0000 0.0956 0.2505 1.5030 0.0906 0.1145 b 0.1810 1.7530 1.1425 2.8953 0.2069 0.1687 0.2456 0.3953 0.1538 0.3327 0.0000 0.0000 0.0000 
main 4.0000 1.0000 46.0000 5.0000 0.0000 5.0000 4.0000 0.0000 0.0000 0.2500 1.0000 0.0000 0.0000 b 0.1960 1.2500 1.0394 2.2921 0.2500 0.2500 0.2500 0.2500 0.0000 0.0000 0.0000 0.0000 0.0000 
main 4.0000 1.0000 62.0000 10.0000 2.0000 10.0000 9.0000 1.0000 0.0544 0.2500 2.2503 0.0349 0.0588 b 0.1600 2.5003 1.1974 3.6924 0.2700 0.3367 0.1931 0.2781 0.3061 0.2003 0.2658 0.2209 0.1794 
main 4.0000 1.0000 55.0000 8.0000 1.0000 8.0000 7.0000 0.0000 0.0000 0.2500 1.7500 0.0000 0.0000 b 0.1610 2.0000 1.4801 3.4756 0.2500 0.2500 0.2500 0.2500 0.2500 0.2500 0.2500 0.0000 0.0000 
main 4.0000 1.0000 59.0000 9.0000 1.0000 9.0000 8.0000 1.0000 0.0555 0.2505 2.0042 0.0349 0.0588 b 0.1890 2.2542 1.1361 3.3797 0.2098 0.2761 0.2120 0.1668 0.3036 0.2205 0.2921 0.3233 0.0000 
main 4.0000 1.0000 17.0000 9.0000 1.0000 9.0000 8.0000 1.0000 0.0575 0.2498 1.9983 0.0349 0.0588 b 0.1700 2.2483 1.2872 3.5240 0.1880 0.2322 0.2573 0.2081 0.3682 0.2090 0.2884 0.2471 0.0000 
main 4.0000 1.0000 20.0000 10.0000 2.0000 10.0000 9.0000 1.0000 0.0554 0.2504 2.2537 0.0349 0.0588 b 0.1480 2.5037 1.1595 3.6625 0.2317 0.3339 0.1905 0.3071 0.2694 0.2231 0.1603 0.2527 0.2850 
main 4.0000 1.0000 52.0000 7.0000 1.0000 7.0000 6.0000 0.0000 0.0000 0.2500 1.5000 0.0000 0.0000 b 0.1580 1.7500 1.3862 3.1257 0.2500 0.2500 0.2500 0.2500 0.2500 0.2500 0.0000 0.0000 0.0000 
main 4.0000 1.0000 50.0000 6.0000 0.0000 6.0000 5.0000 1.0000 0.0480 0.2503 1.2516 0.0349 0.0588 b 0.1430 1.5016 1.1801 2.6772 0.2222 0.2840 0.3162 0.2282 0.2010 0.0000 0.0000 0.0000 0.0000 
main 4.0000 1.0000 22.0000 4.0000 0.0000 4.0000 3.0000 0.0000 0.0000 0.2500 0.7500 0.0000 0.0000 b 0.2150 1.0000 1.3329 2.3424 0.2500 0.2500 0.2500 0.0000 0.0000 0.0000 0.0000 0.0000 0.0000 
main 4.0000 1.0000 31.0000 7.0000 1.0000 7.0000 6.0000 0.0000 0.0000 0.2500 1.5000 0.0000 0.0000 b 0.1570 1.7500 1.1158 2.8757 0.2500 0.2500 0.2500 0.2500 0.2500 0.2500 0.0000 0.0000 0.0000 
main 4.0000 1.0000 8.0000 6.0000 0.0000 6.0000 5.0000 1.0000 0.0537 0.2502 1.2512 0.0349 0.0588 b 0.1640 1.5012 1.3928 2.8934 0.3110 0.2347 0.1725 0.2890 0.2440 0.0000 0.0000 0.0000 0.0000 
main 4.0000 1.0000 63.0000 10.0000 2.0000 10.0000 9.0000 2.0000 0.0977 0.2501 2.2507 0.0906 0.1145 b 0.1590 2.5007 1.4859 3.9931 0.2800 0.1730 0.2331 0.3730 0.1517 0.3999 0.1589 0.3227 0.1584 
main 4.0000 1.0000 6.0000 5.0000 0.0000 5.0000 4.0000 2.0000 0.0986 0.2500 1.0001 0.0906 0.1145 b 0.2180 1.2501 1.0221 2.2755 0.1827 0.2929 0.3683 0.1562 0.0000 0.0000 0.0000 0.0000 0.0000 
main 4.0000 1.0000 58.0000 9.0000 1.0000 9.0000 8.0000 0.0000 0.0000 0.2500 2.0000 0.0000 0.0000 b 0.1610 2.2500 1.3778 3.6255 0.2500 0.2500 0.2500 0.2500 0.2500 0.2500 0.2500 0.2500 0.0000 
main 4.0000 1.0000 32.0000 7.0000 1.0000 7.0000 6.0000 1.0000 0.0381 0.2493 1.4958 0.0349 0.0588 b 0.1560 1.7458 1.1070 2.8547 0.2391 0.1986 0.3027 0.2342 0.2854 0.2358 0.0000 0.0000 0.0000 
main 4.0000 1.0000 51.0000 6.0000 0.0000 6.0000 5.0000 2.0000 0.0923 0.2506 1.2531 0.0906 0.1145 b 0.1910 1.5031 1.3084 2.8121 0.3314 0.1517 0.2413 0.1713 0.3573 0.0000 0.0000 0.0000 0.0000 
main 4.0000 1.0000 5.0000 5.0000 0.0000 5.0000 4.0000 1.0000 0.0355 0.2489 0.9955 0.0349 0.0588 b 0.1780 1.2455 1.2030 2.4543 0.2021 0.2796 0.2407 0.2731 0.0000 0.0000 0.0000 0.0000 0.0000 
main 4.0000 1.0000 4.0000 5.0000 0.0000 5.0000 4.0000 0.0000 0.0000 0.2500 1.0000 0.0000 0.0000 b 0.1800 1.2500 1.3523 2.6091 0.2500 0.2500 0.2500 0.2500 0.0000 0.0000 0.0000 0.0000 0.0000 
main 4.0000 1.0000 13.0000 8.0000 1.0000 8.0000 7.0000 0.0000 0.0000 0.2500 1.7500 0.0000 0.0000 b 0.1630 2.0000 1.1486 3.1421 0.2500 0.2500 0.2500 0.2500 0.2500 0.2500 0.2500 0.0000 0.0000 
main 4.0000 1.0000 19.0000 10.0000 2.0000 10.0000 9.0000 0.0000 0.0000 0.2500 2.2500 0.0000 0.0000 b 0.1800 2.5000 1.3551 3.8590 0.2500 0.2500 0.2500 0.2500 0.2500 0.2500 0.2500 0.2500 0.2500 
main 4.0000 1.0000 16.0000 9.0000 1.0000 9.0000 8.0000 0.0000 0.0000 0.2500 2.0000 0.0000 0.0000 b 0.1760 2.2500 1.3362 3.5756 0.2500 0.2500 0.2500 0.2500 0.2500 0.2500 0.2500 0.2500 0.0000 
main 4.0000 1.0000 3.0000 4.0000 0.0000 4.0000 3.0000 2.0000 0.0989 0.2485 0.7456 0.0906 0.1145 b 0.2590 0.9956 1.2673 2.2545 0.2293 0.3556 0.1607 0.0000 0.0000 0.0000 0.0000 0.0000 0.0000 
main 4.0000 1.0000 2.0000 4.0000 0.0000 4.0000 3.0000 1.0000 0.0530 0.2488 0.7463 0.0349 0.0588 b 0.1770 0.9963 1.1453 2.1384 0.2745 0.1878 0.2839 0.0000 0.0000 0.0000 0.0000 0.0000 0.0000 
main 4.0000 1.0000 56.0000 8.0000 1.0000 8.0000 7.0000 1.0000 0.0580 0.2500 1.7499 0.0349 0.0588 b 0.2450 1.9999 1.1790 3.1755 0.2820 0.2479 0.1661 0.2887 0.1783 0.2642 0.3228 0.0000 0.0000 
main 4.0000 2.0000 20.0000 10.0000 2.0000 10.0000 9.0000 1.0000 0.0480 0.2496 2.2461 0.0349 0.0588 b 0.2260 2.4961 1.3715 3.8717 0.2365 0.1892 0.3079 0.2700 0.2013 0.2803 0.2096 0.3233 0.2281 
main 4.0000 2.0000 24.0000 4.0000 0.0000 4.0000 3.0000 2.0000 0.0965 0.2493 0.7478 0.0906 0.1145 b 0.2360 0.9978 1.4458 2.4402 0.3565 0.1692 0.2221 0.0000 0.0000 0.0000 0.0000 0.0000 0.0000 
main 4.0000 2.0000 2.0000 4.0000 0.0000 4.0000 3.0000 1.0000 0.0523 0.2503 0.7510 0.0349 0.0588 b 0.1720 1.0010 1.4699 2.4599 0.2638 0.1926 0.2945 0.0000 0.0000 0.0000 0.0000 0.0000 0.0000 
main 4.0000 2.0000 25.0000 5.0000 0.0000 5.0000 4.0000 0.0000 0.0000 0.2500 1.0000 0.0000 0.0000 b 0.1500 1.2500 1.0361 2.2756 0.2500 0.2500 0.2500 0.2500 0.0000 0.0000 0.0000 0.0000 0.0000 
main 4.0000 2.0000 50.0000 6.0000 0.0000 6.0000 5.0000 1.0000 0.0399 0.2500 1.2502 0.0349 0.0588 b 0.1630 1.5002 1.2862 2.7759 0.2265 0.2646 0.2214 0.3140 0.2237 0.0000 0.0000 0.0000 0.0000 
main 4.0000 2.0000 28.0000 6.0000 0.0000 6.0000 5.0000 0.0000 0.0000 0.2500 1.2500 0.0000 0.0000 b 0.1140 1.5000 1.2642 2.7588 0.2500 0.2500 0.2500 0.2500 0.2500 0.0000 0.0000 0.0000 0.0000 
main 4.0000 2.0000 12.0000 7.0000 1.0000 7.0000 6.0000 2.0000 0.0919 0.2497 1.4979 0.0906 0.1145 b 0.1620 1.7479 1.2280 2.9735 0.2023 0.1680 0.3081 0.2570 0.1633 0.3992 0.0000 0.0000 0.0000 
main 4.0000 2.0000 55.0000 8.0000 1.0000 8.0000 7.0000 0.0000 0.0000 0.2500 1.7500 0.0000 0.0000 b 0.1160 2.0000 1.0159 3.0255 0.2500 0.2500 0.2500 0.2500 0.2500 0.2500 0.2500 0.0000 0.0000 
main 4.0000 2.0000 27.0000 5.0000 0.0000 5.0000 4.0000 2.0000 0.0927 0.2504 1.0016 0.0906 0.1145 b 0.1950 1.2516 1.1239 2.3771 0.3820 0.1712 0.2044 0.2440 0.0000 0.0000 0.0000 0.0000 0.0000 
main 4.0000 2.0000 23.0000 4.0000 0.0000 4.0000 3.0000 1.0000 0.0458 0.2491 0.7473 0.0349 0.0588 b 0.1520 0.9973 1.1853 2.1895 0.2851 0.1975 0.2646 0.0000 0.0000 0.0000 0.0000 0.0000 0.0000 
main 4.0000 2.0000 61.0000 10.0000 2.0000 10.0000 9.0000 0.0000 0.0000 0.2500 2.2500 0.0000 0.0000 b 0.1430 2.5000 1.1755 3.6756 0.2500 0.2500 0.2500 0.2500 0.2500 0.2500 0.2500 0.2500 0.2500 
main 4.0000 2.0000 3.0000 4.0000 0.0000 4.0000 3.0000 2.0000 0.0918 0.2496 0.7489 0.0906 0.1145 b 0.2110 0.9989 1.4769 2.4746 0.3493 0.2313 0.1684 0.0000 0.0000 0.0000 0.0000 0.0000 0.0000 
main 4.0000 2.0000 35.0000 8.0000 1.0000 8.0000 7.0000 1.0000 0.0397 0.2503 1.7521 0.0349 0.0588 b 0.1620 2.0021 1.4281 3.4276 0.2825 0.2561 0.1877 0.2785 0.2107 0.2954 0.2412 0.0000 0.0000 
main 4.0000 2.0000 52.0000 7.0000 1.0000 7.0000 6.0000 0.0000 0.0000 0.2500 1.5000 0.0000 0.0000 b 0.1210 1.7500 1.1918 2.9421 0.2500 0.2500 0.2500 0.2500 0.2500 0.2500 0.0000 0.0000 0.0000 
main 4.0000 2.0000 42.0000 10.0000 2.0000 10.0000 9.0000 2.0000 0.0915 0.2495 2.2456 0.0906 0.1145 b 0.1590 2.4956 1.0932 3.5878 0.1657 0.2622 0.2306 0.2820 0.3993 0.1503 0.3818 0.1681 0.2056 
main 4.0000 2.0000 37.0000 9.0000 1.0000 9.0000 8.0000 0.0000 0.0000 0.2500 2.0000 0.0000 0.0000 b 0.1950 2.2500 1.3912 3.6424 0.2500 0.2500 0.2500 0.2500 0.2500 0.2500 0.2500 0.2500 0.0000 
main 4.0000 2.0000 6.0000 5.0000 0.0000 5.0000 4.0000 2.0000 0.0961 0.2490 0.9959 0.0906 0.1145 b 0.3200 1.2459 1.1334 2.3715 0.1786 0.3546 0.1572 0.3055 0.0000 0.0000 0.0000 0.0000 0.0000 
main 4.0000 2.0000 49.0000 6.0000 0.0000 6.0000 5.0000 0.0000 0.0000 0.2500 1.2500 0.0000 0.0000 b 0.1760 1.5000 1.2188 2.7089 0.2500 0.2500 0.2500 0.2500 0.2500 0.0000 0.0000 0.0000 0.0000 
main 4.0000 2.0000 1.0000 4.0000 0.0000 4.0000 3.0000 0.0000 0.0000 0.2500 0.7500 0.0000 0.0000 b 0.1810 1.0000 1.2063 2.2090 0.2500 0.2500 0.2500 0.0000 0.0000 0.0000 0.0000 0.0000 0.0000 
main 4.0000 2.0000 10.0000 7.0000 1.0000 7.0000 6.0000 0.0000 0.0000 0.2500 1.5000 0.0000 0.0000 b 0.1500 1.7500 1.3613 3.1090 0.2500 0.2500 0.2500 0.2500 0.2500 0.2500 0.0000 0.0000 0.0000 
main 4.0000 2.0000 51.0000 6.0000 0.0000 6.0000 5.0000 2.0000 0.0918 0.2503 1.2514 0.0906 0.1145 b 0.1970 1.5014 1.4164 2.9105 0.1544 0.1810 0.3841 0.2915 0.2405 0.0000 0.0000 0.0000 0.0000 
main 4.0000 2.0000 11.0000 7.0000 1.0000 7.0000 6.0000 1.0000 0.0498 0.2507 1.5045 0.0349 0.0588 b 0.1710 1.7545 1.1766 2.9301 0.2397 0.2947 0.2040 0.3164 0.2602 0.1894 0.0000 0.0000 0.0000 
main 4.0000 2.0000 30.0000 6.0000 0.0000 6.0000 5.0000 2.0000 0.0987 0.2503 1.2516 0.0906 0.1145 b 0.1830 1.5016 1.1564 2.6438 0.3802 0.3265 0.1599 0.2190 0.1660 0.0000 0.0000 0.0000 0.0000 
main 4.0000 2.0000 54.0000 7.0000 1.0000 7.0000 6.0000 2.0000 0.1067 0.2493 1.4957 0.0906 0.1145 b 0.1690 1.7457 1.0179 2.7712 0.1721 0.3872 0.1667 0.3774 0.1569 0.2355 0.0000 0.0000 0.0000 
main 4.0000 2.0000 13.0000 8.0000 1.0000 8.0000 7.0000 0.0000 0.0000 0.2500 1.7500 0.0000 0.0000 b 0.1410 2.0000 1.1744 3.1754 0.2500 0.2500 0.2500 0.2500 0.2500 0.2500 0.2500 0.0000 0.0000 
main 4.0000 2.0000 7.0000 6.0000 0.0000 6.0000 5.0000 0.0000 0.0000 0.2500 1.2500 0.0000 0.0000 b 0.1950 1.5000 1.0620 2.5755 0.2500 0.2500 0.2500 0.2500 0.2500 0.0000 0.0000 0.0000 0.0000 
main 4.0000 2.0000 29.0000 6.0000 0.0000 6.0000 5.0000 1.0000 0.0578 0.2498 1.2490 0.0349 0.0588 b 0.1610 1.4990 1.2624 2.7581 0.2403 0.2915 0.2639 0.1549 0.2983 0.0000 0.0000 0.0000 0.0000 
main 4.0000 2.0000 38.0000 9.0000 1.0000 9.0000 8.0000 1.0000 0.0572 0.2503 2.0022 0.0349 0.0588 b 0.1690 2.2522 1.3868 3.6446 0.3009 0.3441 0.2399 0.2066 0.2899 0.2100 0.2393 0.1714 0.0000 
main 4.0000 2.0000 22.0000 4.0000 0.0000 4.0000 3.0000 0.0000 0.0000 0.2500 0.7500 0.0000 0.0000 b 0.2280 1.0000 1.1034 2.1088 0.2500 0.2500 0.2500 0.0000 0.0000 0.0000 0.0000 0.0000 0.0000 
main 4.0000 2.0000 60.0000 9.0000 1.0000 9.0000 8.0000 2.0000 0.0919 0.2498 1.9986 0.0906 0.1145 b 0.1820 2.2486 1.0303 3.2742 0.1540 0.1885 0.2239 0.3941 0.3008 0.3645 0.1654 0.2076 0.0000 
main 4.0000 2.0000 32.0000 7.0000 1.0000 7.0000 6.0000 1.0000 0.0482 0.2502 1.5015 0.0349 0.0588 b 0.1710 1.7515 1.0193 2.7771 0.2849 0.1926 0.2782 0.2217 0.3132 0.2109 0.0000 0.0000 0.0000 
main 4.0000 2.0000 46.0000 5.0000 0.0000 5.0000 4.0000 0.0000 0.0000 0.2500 1.0000 0.0000 0.0000 b 0.1620 1.2500 1.3110 2.5589 0.2500 0.2500 0.2500 0.2500 0.0000 0.0000 0.0000 0.0000 0.0000 
main 4.0000 2.0000 33.0000 7.0000 1.0000 7.0000 6.0000 2.0000 0.0907 0.2508 1.5048 0.0906 0.1145 b 0.1680 1.7548 1.0154 2.7635 0.1700 0.3205 0.2286 0.3935 0.1578 0.2344 0.0000 0.0000 0.0000 
main 4.0000 2.0000 58.0000 9.0000 1.0000 9.0000 8.0000 0.0000 0.0000 0.2500 2.0000 0.0000 0.0000 b 0.1680 2.2500 1.4484 3.6923 0.2500 0.2500 0.2500 0.2500 0.2500 0.2500 0.2500 0.2500 0.0000 
main 4.0000 2.0000 16.0000 9.0000 1.0000 9.0000 8.0000 0.0000 0.0000 0.2500 2.0000 0.0000 0.0000 b 0.1430 2.2500 1.0796 3.3255 0.2500 0.2500 0.2500 0.2500 0.2500 0.2500 0.2500 0.2500 0.0000 
main 4.0000 2.0000 62.0000 10.0000 2.0000 10.0000 9.0000 1.0000 0.0514 0.2495 2.2451 0.0349 0.0588 b 0.1650 2.4951 1.3083 3.8039 0.2042 0.2736 0.2354 0.2923 0.3436 0.2705 0.2349 0.1714 0.2193 
main 4.0000 2.0000 44.0000 4.0000 0.0000 4.0000 3.0000 1.0000 0.0430 0.2494 0.7482 0.0349 0.0588 b 0.2460 0.9982 1.0694 2.0571 0.2117 0.2403 0.2963 0.0000 0.0000 0.0000 0.0000 0.0000 0.0000 
main 4.0000 2.0000 21.0000 10.0000 2.0000 10.0000 9.0000 2.0000 0.0973 0.2501 2.2513 0.0906 0.1145 b 0.1620 2.5013 1.2726 3.7600 0.1577 0.1919 0.3477 0.1986 0.1528 0.3749 0.3130 0.1513 0.3634 
main 4.0000 2.0000 17.0000 9.0000 1.0000 9.0000 8.0000 1.0000 0.0454 0.2496 1.9971 0.0349 0.0588 b 0.1780 2.2471 1.4659 3.7227 0.1923 0.2374 0.2940 0.2536 0.3081 0.2220 0.2939 0.1959 0.0000 
main 4.0000 2.0000 39.0000 9.0000 1.0000 9.0000 8.0000 2.0000 0.0952 0.2504 2.0035 0.0906 0.1145 b 0.1650 2.2535 1.2707 3.5291 0.1528 0.3832 0.1617 0.3724 0.2082 0.2576 0.3085 0.1590 0.0000 
main 4.0000 2.0000 56.0000 8.0000 1.0000 8.0000 7.0000 1.0000 0.0420 0.2495 1.7462 0.0349 0.0588 b 0.1720 1.9962 1.3391 3.3384 0.2340 0.3074 0.2092 0.2932 0.2005 0.2281 0.2739 0.0000 0.0000 
main 4.0000 2.0000 47.0000 5.0000 0.0000 5.0000 4.0000 1.0000 0.0481 0.2507 1.0029 0.0349 0.0588 b 0.1970 1.2529 1.3980 2.6620 0.2193 0.2468 0.2169 0.3199 0.0000 0.0000 0.0000 0.0000 0.0000 
main 4.0000 2.0000 8.0000 6.0000 0.0000 6.0000 5.0000 1.0000 0.0518 0.2506 1.2530 0.0349 0.0588 b 0.2020 1.5030 1.3977 2.9121 0.3136 0.1888 0.2754 0.2061 0.2691 0.0000 0.0000 0.0000 0.0000 
main 4.0000 2.0000 43.0000 4.0000 0.0000 4.0000 3.0000 0.0000 0.0000 0.2500 0.7500 0.0000 0.0000 b 0.1610 1.0000 1.0901 2.0923 0.2500 0.2500 0.2500 0.0000 0.0000 0.0000 0.0000 0.0000 0.0000 
main 4.0000 2.0000 14.0000 8.0000 1.0000 8.0000 7.0000 1.0000 0.0517 0.2505 1.7538 0.0349 0.0588 b 0.1860 2.0038 1.2602 3.2627 0.2648 0.3184 0.2338 0.3002 0.1874 0.2644 0.1848 0.0000 0.0000 
main 4.0000 2.0000 9.0000 6.0000 0.0000 6.0000 5.0000 2.0000 0.0953 0.2498 1.2491 0.0906 0.1145 b 0.1650 1.4991 1.1386 2.6413 0.2275 0.1522 0.1866 0.3940 0.2886 0.0000 0.0000 0.0000 0.0000 
main 4.0000 2.0000 18.0000 9.0000 1.0000 9.0000 8.0000 2.0000 0.0929 0.2506 2.0050 0.0906 0.1145 b 0.1620 2.2550 1.1285 3.3806 0.1644 0.1938 0.2633 0.2914 0.1817 0.3634 0.3948 0.1523 0.0000 
main 4.0000 2.0000 59.0000 9.0000 1.0000 9.0000 8.0000 1.0000 0.0580 0.2504 2.0031 0.0349 0.0588 b 0.1270 2.2531 1.3463 3.5953 0.3358 0.2953 0.2273 0.2908 0.2089 0.1598 0.2744 0.2107 0.0000 
main 4.0000 2.0000 53.0000 7.0000 1.0000 7.0000 6.0000 1.0000 0.0580 0.2495 1.4970 0.0349 0.0588 b 0.2610 1.7470 1.2376 2.9892 0.2794 0.3424 0.2282 0.1708 0.2515 0.2246 0.0000 0.0000 0.0000 
main 4.0000 2.0000 45.0000 4.0000 0.0000 4.0000 3.0000 2.0000 0.0946 0.2505 0.7516 0.0906 0.1145 b 0.2120 1.0016 1.4295 2.4274 0.2495 0.3456 0.1565 0.0000 0.0000 0.0000 0.0000 0.0000 0.0000 
main 4.0000 2.0000 5.0000 5.0000 0.0000 5.0000 4.0000 1.0000 0.0567 0.2489 0.9957 0.0349 0.0588 b 0.1580 1.2457 1.1589 2.4045 0.1804 0.2887 0.2249 0.3016 0.0000 0.0000 0.0000 0.0000 0.0000 
main 4.0000 2.0000 57.0000 8.0000 1.0000 8.0000 7.0000 2.0000 0.0906 0.2493 1.7453 0.0906 0.1145 b 0.1790 1.9953 1.0399 3.0375 0.1839 0.2958 0.1645 0.3249 0.1626 0.2180 0.3956 0.0000 0.0000 
main 4.0000 2.0000 41.0000 10.0000 2.0000 10.0000 9.0000 1.0000 0.0529 0.2498 2.2478 0.0349 0.0588 b 0.1600 2.4978 1.0590 3.5567 0.1969 0.3196 0.2867 0.2403 0.2078 0.3159 0.2862 0.2098 0.1846 
main 4.0000 2.0000 36.0000 8.0000 1.0000 8.0000 7.0000 2.0000 0.0951 0.2497 1.7478 0.0906 0.1145 b 0.1970 1.9978 1.0252 3.0233 0.3180 0.1521 0.1790 0.3657 0.1637 0.2079 0.3614 0.0000 0.0000 
main 4.0000 2.0000 34.0000 8.0000 1.0000 8.0000 7.0000 0.0000 0.0000 0.2500 1.7500 0.0000 0.0000 b 0.1180 2.0000 1.0215 3.0255 0.2500 0.2500 0.2500 0.2500 0.2500 0.2500 0.2500 0.0000 0.0000 
main 4.0000 2.0000 15.0000 8.0000 1.0000 8.0000 7.0000 2.0000 0.0985 0.2500 1.7500 0.0906 0.1145 b 0.1630 2.0000 1.4001 3.4090 0.3761 0.1986 0.3826 0.1512 0.2808 0.1511 0.2097 0.0000 0.0000 
main 4.0000 2.0000 26.0000 5.0000 0.0000 5.0000 4.0000 1.0000 0.0532 0.2501 1.0003 0.0349 0.0588 b 0.2550 1.2503 1.1238 2.3757 0.3121 0.2255 0.1905 0.2722 0.0000 0.0000 0.0000 0.0000 0.0000 
main 4.0000 2.0000 4.0000 5.0000 0.0000 5.0000 4.0000 0.0000 0.0000 0.2500 1.0000 0.0000 0.0000 b 0.1740 1.2500 1.0274 2.2756 0.2500 0.2500 0.2500 0.2500 0.0000 0.0000 0.0000 0.0000 0.0000 
main 4.0000 2.0000 31.0000 7.0000 1.0000 7.0000 6.0000 0.0000 0.0000 0.2500 1.5000 0.0000 0.0000 b 0.1370 1.7500 1.0550 2.8089 0.2500 0.2500 0.2500 0.2500 0.2500 0.2500 0.0000 0.0000 0.0000 
main 4.0000 2.0000 48.0000 5.0000 0.0000 5.0000 4.0000 2.0000 0.1108 0.2505 1.0019 0.0906 0.1145 b 0.1910 1.2519 1.4998 2.7610 0.1640 0.3978 0.1661 0.2740 0.0000 0.0000 0.0000 0.0000 0.0000 
main 4.0000 2.0000 19.0000 10.0000 2.0000 10.0000 9.0000 0.0000 0.0000 0.2500 2.2500 0.0000 0.0000 b 0.1140 2.5000 1.0989 3.6089 0.2500 0.2500 0.2500 0.2500 0.2500 0.2500 0.2500 0.2500 0.2500 
main 4.0000 2.0000 40.0000 10.0000 2.0000 10.0000 9.0000 0.0000 0.0000 0.2500 2.2500 0.0000 0.0000 b 0.1520 2.5000 1.2957 3.7923 0.2500 0.2500 0.2500 0.2500 0.2500 0.2500 0.2500 0.2500 0.2500 
main 4.0000 2.0000 63.0000 10.0000 2.0000 10.0000 9.0000 2.0000 0.0910 0.2495 2.2457 0.0906 0.1145 b 0.1380 2.4957 1.1079 3.6046 0.1578 0.3460 0.1743 0.2260 0.2855 0.1794 0.3349 0.3890 0.1528 
main 4.0000 3.0000 22.0000 4.0000 0.0000 4.0000 3.0000 0.0000 0.0000 0.2500 0.7500 0.0000 0.0000 b 0.3130 1.0000 1.2033 2.1922 0.2500 0.2500 0.2500 0.0000 0.0000 0.0000 0.0000 0.0000 0.0000 
main 4.0000 3.0000 32.0000 7.0000 1.0000 7.0000 6.0000 1.0000 0.0531 0.2498 1.4989 0.0349 0.0588 b 0.2580 1.7489 1.1722 2.9078 0.2032 0.3288 0.2901 0.1898 0.2302 0.2568 0.0000 0.0000 0.0000 
main 4.0000 3.0000 49.0000 6.0000 0.0000 6.0000 5.0000 0.0000 0.0000 0.2500 1.2500 0.0000 0.0000 b 0.1870 1.5000 1.4867 2.9925 0.2500 0.2500 0.2500 0.2500 0.2500 0.0000 0.0000 0.0000 0.0000 
main 4.0000 3.0000 36.0000 8.0000 1.0000 8.0000 7.0000 2.0000 0.0927 0.2502 1.7515 0.0906 0.1145 b 0.1570 2.0015 1.1863 3.1939 0.3207 0.2281 0.3813 0.1543 0.3282 0.1518 0.1873 0.0000 0.0000 
main 4.0000 3.0000 14.0000 8.0000 1.0000 8.0000 7.0000 1.0000 0.0567 0.2498 1.7483 0.0349 0.0588 b 0.1440 1.9983 1.0216 3.0237 0.2430 0.2145 0.2855 0.2220 0.3243 0.2989 0.1602 0.0000 0.0000 
main 4.0000 3.0000 54.0000 7.0000 1.0000 7.0000 6.0000 2.0000 0.0952 0.2502 1.5013 0.0906 0.1145 b 0.1560 1.7513 1.2611 3.0104 0.1501 0.1968 0.3575 0.3026 0.3424 0.1519 0.0000 0.0000 0.0000 
main 4.0000 3.0000 35.0000 8.0000 1.0000 8.0000 7.0000 1.0000 0.0561 0.2505 1.7537 0.0349 0.0588 b 0.1210 2.0037 1.3325 3.3460 0.2746 0.1766 0.3040 0.2055 0.3032 0.1942 0.2956 0.0000 0.0000 
main 4.0000 3.0000 59.0000 9.0000 1.0000 9.0000 8.0000 1.0000 0.0453 0.2504 2.0031 0.0349 0.0588 b 0.2050 2.2531 1.3574 3.6120 0.2901 0.2620 0.2092 0.3227 0.2429 0.1856 0.2721 0.2186 0.0000 
main 4.0000 3.0000 23.0000 4.0000 0.0000 4.0000 3.0000 1.0000 0.0512 0.2510 0.7530 0.0349 0.0588 b 0.1990 1.0030 1.4314 2.4285 0.3047 0.2454 0.2028 0.0000 0.0000 0.0000 0.0000 0.0000 0.0000 
main 4.0000 3.0000 13.0000 8.0000 1.0000 8.0000 7.0000 0.0000 0.0000 0.2500 1.7500 0.0000 0.0000 b 0.2780 2.0000 1.4880 3.4923 0.2500 0.2500 0.2500 0.2500 0.2500 0.2500 0.2500 0.0000 0.0000 
main 4.0000 3.0000 17.0000 9.0000 1.0000 9.0000 8.0000 1.0000 0.0566 0.2495 1.9961 0.0349 0.0588 b 0.1410 2.2461 1.3868 3.6385 0.2521 0.1797 0.2799 0.3598 0.2147 0.2744 0.2346 0.2008 0.0000 
main 4.0000 3.0000 40.0000 10.0000 2.0000 10.0000 9.0000 0.0000 0.0000 0.2500 2.2500 0.0000 0.0000 b 0.1420 2.5000 1.3391 3.8423 0.2500 0.2500 0.2500 0.2500 0.2500 0.2500 0.2500 0.2500 0.2500 
main 4.0000 3.0000 8.0000 6.0000 0.0000 6.0000 5.0000 1.0000 0.0558 0.2509 1.2545 0.0349 0.0588 b 0.2050 1.5045 1.2829 2.7802 0.3124 0.2558 0.2959 0.2096 0.1808 0.0000 0.0000 0.0000 0.0000 
main 4.0000 3.0000 11.0000 7.0000 1.0000 7.0000 6.0000 1.0000 0.0546 0.2502 1.5011 0.0349 0.0588 b 0.1690 1.7511 1.4654 3.2101 0.2061 0.2439 0.2744 0.1799 0.2614 0.3355 0.0000 0.0000 0.0000 
main 4.0000 3.0000 26.0000 5.0000 0.0000 5.0000 4.0000 1.0000 0.0581 0.2499 0.9995 0.0349 0.0588 b 0.1760 1.2495 1.0773 2.3250 0.2697 0.1910 0.3219 0.2170 0.0000 0.0000 0.0000 0.0000 0.0000 
main 4.0000 3.0000 10.0000 7.0000 1.0000 7.0000 6.0000 0.0000 0.0000 0.2500 1.5000 0.0000 0.0000 b 0.1500 1.7500 1.0398 2.7922 0.2500 0.2500 0.2500 0.2500 0.2500 0.2500 0.0000 0.0000 0.0000 
main 4.0000 3.0000 47.0000 5.0000 0.0000 5.0000 4.0000 1.0000 0.0587 0.2493 0.9973 0.0349 0.0588 b 0.2080 1.2473 1.2524 2.4895 0.2643 0.2251 0.3228 0.1850 0.0000 0.0000 0.0000 0.0000 0.0000 
main 4.0000 3.0000 38.0000 9.0000 1.0000 9.0000 8.0000 1.0000 0.0454 0.2503 2.0028 0.0349 0.0588 b 0.1260 2.2528 1.2351 3.4784 0.2303 0.1879 0.3208 0.2823 0.2487 0.2916 0.2026 0.2385 0.0000 
main 4.0000 3.0000 18.0000 9.0000 1.0000 9.0000 8.0000 2.0000 0.0948 0.2505 2.0041 0.0906 0.1145 b 0.1500 2.2541 1.2395 3.4963 0.1535 0.1912 0.1624 0.2910 0.3988 0.1754 0.3626 0.2691 0.0000 
main 4.0000 3.0000 16.0000 9.0000 1.0000 9.0000 8.0000 0.0000 0.0000 0.2500 2.0000 0.0000 0.0000 b 0.1270 2.2500 1.2160 3.4755 0.2500 0.2500 0.2500 0.2500 0.2500 0.2500 0.2500 0.2500 0.0000 
main 4.0000 3.0000 25.0000 5.0000 0.0000 5.0000 4.0000 0.0000 0.0000 0.2500 1.0000 0.0000 0.0000 b 0.2240 1.2500 1.2655 2.5257 0.2500 0.2500 0.2500 0.2500 0.0000 0.0000 0.0000 0.0000 0.0000 
main 4.0000 3.0000 52.0000 7.0000 1.0000 7.0000 6.0000 0.0000 0.0000 0.2500 1.5000 0.0000 0.0000 b 0.1650 1.7500 1.1906 2.9423 0.2500 0.2500 0.2500 0.2500 0.2500 0.2500 0.0000 0.0000 0.0000 
main 4.0000 3.0000 24.0000 4.0000 0.0000 4.0000 3.0000 2.0000 0.1019 0.2499 0.7498 0.0906 0.1145 b 0.1760 0.9998 1.0563 2.0587 0.1853 0.3674 0.1971 0.0000 0.0000 0.0000 0.0000 0.0000 0.0000 
main 4.0000 3.0000 5.0000 5.0000 0.0000 5.0000 4.0000 1.0000 0.0382 0.2509 1.0038 0.0349 0.0588 b 0.1570 1.2538 1.0845 2.3460 0.2580 0.2033 0.2465 0.2961 0.0000 0.0000 0.0000 0.0000 0.0000 
main 4.0000 3.0000 55.0000 8.0000 1.0000 8.0000 7.0000 0.0000 0.0000 0.2500 1.7500 0.0000 0.0000 b 0.1260 2.0000 1.0666 3.0755 0.2500 0.2500 0.2500 0.2500 0.2500 0.2500 0.2500 0.0000 0.0000 
main 4.0000 3.0000 63.0000 10.0000 2.0000 10.0000 9.0000 2.0000 0.0908 0.2504 2.2533 0.0906 0.1145 b 0.1720 2.5033 1.1800 3.6788 0.1522 0.3757 0.1721 0.2787 0.3154 0.3821 0.1690 0.2282 0.1797 
main 4.0000 3.0000 12.0000 7.0000 1.0000 7.0000 6.0000 2.0000 0.0953 0.2497 1.4983 0.0906 0.1145 b 0.1760 1.7483 1.4776 3.2240 0.1902 0.3591 0.1523 0.2310 0.1883 0.3775 0.0000 0.0000 0.0000 
main 4.0000 3.0000 43.0000 4.0000 0.0000 4.0000 3.0000 0.0000 0.0000 0.2500 0.7500 0.0000 0.0000 b 0.1590 1.0000 1.3349 2.3257 0.2500 0.2500 0.2500 0.0000 0.0000 0.0000 0.0000 0.0000 0.0000 
main 4.0000 3.0000 42.0000 10.0000 2.0000 10.0000 9.0000 2.0000 0.0912 0.2505 2.2548 0.0906 0.1145 b 0.1430 2.5048 1.1668 3.6637 0.2962 0.2000 0.1625 0.3498 0.1613 0.3843 0.1632 0.1974 0.3402 
main 4.0000 3.0000 53.0000 7.0000 1.0000 7.0000 6.0000 1.0000 0.0568 0.2494 1.4966 0.0349 0.0588 b 0.1500 1.7466 1.2203 2.9555 0.1885 0.2788 0.1838 0.2630 0.3335 0.2490 0.0000 0.0000 0.0000 
main 4.0000 3.0000 60.0000 9.0000 1.0000 9.0000 8.0000 2.0000 0.0935 0.2502 2.0019 0.0906 0.1145 b 0.1310 2.2519 1.1353 3.3774 0.2493 0.3744 0.1544 0.2298 0.3351 0.1566 0.3518 0.1505 0.0000 
main 4.0000 3.0000 58.0000 9.0000 1.0000 9.0000 8.0000 0.0000 0.0000 0.2500 2.0000 0.0000 0.0000 b 0.1300 2.2500 1.3375 3.5756 0.2500 0.2500 0.2500 0.2500 0.2500 0.2500 0.2500 0.2500 0.0000 
main 4.0000 3.0000 6.0000 5.0000 0.0000 5.0000 4.0000 2.0000 0.1059 0.2503 1.0014 0.0906 0.1145 b 0.1590 1.2514 1.2389 2.4770 0.2064 0.3998 0.1539 0.2412 0.0000 0.0000 0.0000 0.0000 0.0000 
main 4.0000 3.0000 57.0000 8.0000 1.0000 8.0000 7.0000 2.0000 0.0936 0.2506 1.7539 0.0906 0.1145 b 0.1430 2.0039 1.4784 3.4962 0.3758 0.1504 0.2970 0.2500 0.1698 0.3507 0.1602 0.0000 0.0000 
main 4.0000 3.0000 44.0000 4.0000 0.0000 4.0000 3.0000 1.0000 0.0547 0.2505 0.7515 0.0349 0.0588 b 0.1990 1.0015 1.2658 2.2770 0.2703 0.1887 0.2925 0.0000 0.0000 0.0000 0.0000 0.0000 0.0000 
main 4.0000 3.0000 19.0000 10.0000 2.0000 10.0000 9.0000 0.0000 0.0000 0.2500 2.2500 0.0000 0.0000 b 0.1710 2.5000 1.0665 3.5756 0.2500 0.2500 0.2500 0.2500 0.2500 0.2500 0.2500 0.2500 0.2500 
main 4.0000 3.0000 50.0000 6.0000 0.0000 6.0000 5.0000 1.0000 0.0542 0.2502 1.2512 0.0349 0.0588 b 0.2250 1.5012 1.2163 2.7268 0.2999 0.1736 0.2941 0.2161 0.2675 0.0000 0.0000 0.0000 0.0000 
main 4.0000 3.0000 27.0000 5.0000 0.0000 5.0000 4.0000 2.0000 0.0960 0.2502 1.0010 0.0906 0.1145 b 0.3360 1.2510 1.2268 2.4765 0.2549 0.3813 0.2076 0.1572 0.0000 0.0000 0.0000 0.0000 0.0000 
main 4.0000 3.0000 29.0000 6.0000 0.0000 6.0000 5.0000 1.0000 0.0398 0.2500 1.2502 0.0349 0.0588 b 0.1520 1.5002 1.0277 2.5258 0.2792 0.2282 0.3019 0.2372 0.2036 0.0000 0.0000 0.0000 0.0000 
main 4.0000 3.0000 30.0000 6.0000 0.0000 6.0000 5.0000 2.0000 0.0981 0.2495 1.2474 0.0906 0.1145 b 0.1030 1.4974 1.0955 2.5896 0.3993 0.1831 0.1527 0.2891 0.2232 0.0000 0.0000 0.0000 0.0000 
main 4.0000 3.0000 20.0000 10.0000 2.0000 10.0000 9.0000 1.0000 0.0518 0.2496 2.2464 0.0349 0.0588 b 0.1380 2.4964 1.1373 3.6386 0.2719 0.3456 0.2438 0.1747 0.2276 0.2969 0.2200 0.2645 0.2015 
main 4.0000 3.0000 15.0000 8.0000 1.0000 8.0000 7.0000 2.0000 0.0921 0.2500 1.7503 0.0906 0.1145 b 0.1980 2.0003 1.4463 3.4426 0.2376 0.1569 0.3674 0.2771 0.1560 0.3704 0.1848 0.0000 0.0000 
main 4.0000 3.0000 46.0000 5.0000 0.0000 5.0000 4.0000 0.0000 0.0000 0.2500 1.0000 0.0000 0.0000 b 0.1960 1.2500 1.0990 2.3422 0.2500 0.2500 0.2500 0.2500 0.0000 0.0000 0.0000 0.0000 0.0000 
main 4.0000 3.0000 3.0000 4.0000 0.0000 4.0000 3.0000 2.0000 0.0998 0.2497 0.7491 0.0906 0.1145 b 0.2150 0.9991 1.2072 2.2079 0.2221 0.1666 0.3604 0.0000 0.0000 0.0000 0.0000 0.0000 0.0000 
main 4.0000 3.0000 7.0000 6.0000 0.0000 6.0000 5.0000 0.0000 0.0000 0.2500 1.2500 0.0000 0.0000 b 0.1220 1.5000 1.3009 2.7922 0.2500 0.2500 0.2500 0.2500 0.2500 0.0000 0.0000 0.0000 0.0000 
main 4.0000 3.0000 41.0000 10.0000 2.0000 10.0000 9.0000 1.0000 0.0532 0.2495 2.2453 0.0349 0.0588 b 0.1500 2.4953 1.1844 3.6710 0.2104 0.3152 0.2876 0.2233 0.2708 0.2016 0.2491 0.1667 0.3206 
main 4.0000 3.0000 61.0000 10.0000 2.0000 10.0000 9.0000 0.0000 0.0000 0.2500 2.2500 0.0000 0.0000 b 0.1880 2.5000 1.4129 3.9090 0.2500 0.2500 0.2500 0.2500 0.2500 0.2500 0.2500 0.2500 0.2500 
main 4.0000 3.0000 45.0000 4.0000 0.0000 4.0000 3.0000 2.0000 0.0962 0.2499 0.7497 0.0906 0.1145 b 0.2150 0.9997 1.0507 2.0419 0.3450 0.1525 0.2521 0.0000 0.0000 0.0000 0.0000 0.0000 0.0000 
main 4.0000 3.0000 33.0000 7.0000 1.0000 7.0000 6.0000 2.0000 0.0921 0.2506 1.5037 0.0906 0.1145 b 0.1940 1.7537 1.2544 2.9960 0.3706 0.1739 0.3504 0.1553 0.2579 0.1956 0.0000 0.0000 0.0000 
main 4.0000 3.0000 56.0000 8.0000 1.0000 8.0000 7.0000 1.0000 0.0569 0.2496 1.7470 0.0349 0.0588 b 0.1390 1.9970 1.0295 3.0390 0.2804 0.1988 0.3517 0.2229 0.1848 0.2699 0.2384 0.0000 0.0000 
main 4.0000 3.0000 37.0000 9.0000 1.0000 9.0000 8.0000 0.0000 0.0000 0.2500 2.0000 0.0000 0.0000 b 0.1670 2.2500 1.1821 3.4422 0.2500 0.2500 0.2500 0.2500 0.2500 0.2500 0.2500 0.2500 0.0000 
main 4.0000 3.0000 62.0000 10.0000 2.0000 10.0000 9.0000 1.0000 0.0581 0.2502 2.2520 0.0349 0.0588 b 0.1630 2.5020 1.0303 3.5442 0.1989 0.2624 0.3009 0.1883 0.2400 0.2118 0.3401 0.1913 0.3185 
main 4.0000 3.0000 48.0000 5.0000 0.0000 5.0000 4.0000 2.0000 0.0974 0.2504 1.0017 0.0906 0.1145 b 0.1750 1.2517 1.1619 2.4107 0.2910 0.1776 0.3690 0.1642 0.0000 0.0000 0.0000 0.0000 0.0000 
main 4.0000 3.0000 2.0000 4.0000 0.0000 4.0000 3.0000 1.0000 0.0584 0.2513 0.7540 0.0349 0.0588 b 0.1530 1.0040 1.2518 2.2629 0.3079 0.2550 0.1912 0.0000 0.0000 0.0000 0.0000 0.0000 0.0000 
main 4.0000 3.0000 31.0000 7.0000 1.0000 7.0000 6.0000 0.0000 0.0000 0.2500 1.5000 0.0000 0.0000 b 0.1360 1.7500 1.3811 3.1424 0.2500 0.2500 0.2500 0.2500 0.2500 0.2500 0.0000 0.0000 0.0000 
main 4.0000 3.0000 28.0000 6.0000 0.0000 6.0000 5.0000 0.0000 0.0000 0.2500 1.2500 0.0000 0.0000 b 0.1520 1.5000 1.0446 2.5421 0.2500 0.2500 0.2500 0.2500 0.2500 0.0000 0.0000 0.0000 0.0000 
main 4.0000 3.0000 51.0000 6.0000 0.0000 6.0000 5.0000 2.0000 0.0994 0.2490 1.2451 0.0906 0.1145 b 0.1440 1.4951 1.1801 2.6708 0.3287 0.1848 0.1523 0.1990 0.3802 0.0000 0.0000 0.0000 0.0000 
main 4.0000 3.0000 34.0000 8.0000 1.0000 8.0000 7.0000 0.0000 0.0000 0.2500 1.7500 0.0000 0.0000 b 0.1550 2.0000 1.2718 3.2758 0.2500 0.2500 0.2500 0.2500 0.2500 0.2500 0.2500 0.0000 0.0000 
main 4.0000 3.0000 39.0000 9.0000 1.0000 9.0000 8.0000 2.0000 0.0939 0.2495 1.9960 0.0906 0.1145 b 0.1610 2.2460 1.3229 3.5717 0.2793 0.1534 0.3852 0.2133 0.2390 0.3859 0.1547 0.1851 0.0000 
main 4.0000 3.0000 1.0000 4.0000 0.0000 4.0000 3.0000 0.0000 0.0000 0.2500 0.7500 0.0000 0.0000 b 0.2110 1.0000 1.4399 2.4424 0.2500 0.2500 0.2500 0.0000 0.0000 0.0000 0.0000 0.0000 0.0000 
main 4.0000 3.0000 9.0000 6.0000 0.0000 6.0000 5.0000 2.0000 0.0910 0.2495 1.2475 0.0906 0.1145 b 0.1310 1.4975 1.1904 2.6899 0.3895 0.1630 0.2821 0.1814 0.2315 0.0000 0.0000 0.0000 0.0000 
main 4.0000 3.0000 21.0000 10.0000 2.0000 10.0000 9.0000 2.0000 0.0963 0.2505 2.2544 0.0906 0.1145 b 0.1620 2.5044 1.4393 3.9468 0.1547 0.2242 0.3922 0.3490 0.2298 0.1732 0.2025 0.3773 0.1514 
main 4.0000 3.0000 4.0000 5.0000 0.0000 5.0000 4.0000 0.0000 0.0000 0.2500 1.0000 0.0000 0.0000 b 0.2460 1.2500 1.1356 2.3757 0.2500 0.2500 0.2500 0.2500 0.0000 0.0000 0.0000 0.0000 0.0000 
main 4.0000 4.0000 9.0000 6.0000 0.0000 6.0000 5.0000 2.0000 0.0961 0.2503 1.2516 0.0906 0.1145 b 0.1550 1.5016 1.1754 2.6771 0.1932 0.3875 0.1638 0.1930 0.3141 0.0000 0.0000 0.0000 0.0000 
main 4.0000 4.0000 42.0000 10.0000 2.0000 10.0000 9.0000 2.0000 0.0913 0.2496 2.2465 0.0906 0.1145 b 0.2060 2.4965 1.2699 3.7721 0.1555 0.1813 0.3313 0.1911 0.3712 0.3067 0.1683 0.3640 0.1770 
main 4.0000 4.0000 10.0000 7.0000 1.0000 7.0000 6.0000 0.0000 0.0000 0.2500 1.5000 0.0000 0.0000 b 0.1640 1.7500 1.3428 3.1070 0.2500 0.2500 0.2500 0.2500 0.2500 0.2500 0.0000 0.0000 0.0000 
main 4.0000 4.0000 12.0000 7.0000 1.0000 7.0000 6.0000 2.0000 0.0936 0.2505 1.5028 0.0906 0.1145 b 0.1520 1.7528 1.0615 2.8283 0.3955 0.2012 0.1514 0.2842 0.1684 0.3022 0.0000 0.0000 0.0000 
main 4.0000 4.0000 19.0000 10.0000 2.0000 10.0000 9.0000 0.0000 0.0000 0.2500 2.2500 0.0000 0.0000 b 0.1900 2.5000 1.2011 3.7089 0.2500 0.2500 0.2500 0.2500 0.2500 0.2500 0.2500 0.2500 0.2500 
main 4.0000 4.0000 52.0000 7.0000 1.0000 7.0000 6.0000 0.0000 0.0000 0.2500 1.5000 0.0000 0.0000 b 0.1680 1.7500 1.0631 2.8256 0.2500 0.2500 0.2500 0.2500 0.2500 0.2500 0.0000 0.0000 0.0000 
main 4.0000 4.0000 60.0000 9.0000 1.0000 9.0000 8.0000 2.0000 0.0914 0.2497 1.9974 0.0906 0.1145 b 0.1540 2.2474 1.3580 3.6064 0.3374 0.1569 0.3911 0.3081 0.1748 0.2820 0.1578 0.1892 0.0000 
main 4.0000 4.0000 11.0000 7.0000 1.0000 7.0000 6.0000 1.0000 0.0586 0.2503 1.5016 0.0349 0.0588 b 0.1870 1.7516 1.1244 2.8771 0.2483 0.3340 0.2529 0.1995 0.2925 0.1744 0.0000 0.0000 0.0000 
main 4.0000 4.0000 34.0000 8.0000 1.0000 8.0000 7.0000 0.0000 0.0000 0.2500 1.7500 0.0000 0.0000 b 0.1400 2.0000 1.0766 3.0755 0.2500 0.2500 0.2500 0.2500 0.2500 0.2500 0.2500 0.0000 0.0000 
main 4.0000 4.0000 17.0000 9.0000 1.0000 9.0000 8.0000 1.0000 0.0583 0.2494 1.9956 0.0349 0.0588 b 0.1560 2.2456 1.3054 3.5546 0.2140 0.2422 0.1909 0.3460 0.2966 0.1822 0.2985 0.2251 0.0000 
main 4.0000 4.0000 57.0000 8.0000 1.0000 8.0000 7.0000 2.0000 0.0993 0.2494 1.7458 0.0906 0.1145 b 0.1300 1.9958 1.0872 3.0881 0.1512 0.3687 0.1629 0.3038 0.3784 0.1652 0.2156 0.0000 0.0000 
main 4.0000 4.0000 15.0000 8.0000 1.0000 8.0000 7.0000 2.0000 0.0947 0.2502 1.7514 0.0906 0.1145 b 0.1350 2.0014 1.4184 3.4103 0.1624 0.2725 0.2363 0.3510 0.3952 0.1810 0.1530 0.0000 0.0000 
main 4.0000 4.0000 25.0000 5.0000 0.0000 5.0000 4.0000 0.0000 0.0000 0.2500 1.0000 0.0000 0.0000 b 0.1600 1.2500 1.4587 2.7091 0.2500 0.2500 0.2500 0.2500 0.0000 0.0000 0.0000 0.0000 0.0000 
main 4.0000 4.0000 16.0000 9.0000 1.0000 9.0000 8.0000 0.0000 0.0000 0.2500 2.0000 0.0000 0.0000 b 0.1590 2.2500 1.1474 3.3921 0.2500 0.2500 0.2500 0.2500 0.2500 0.2500 0.2500 0.2500 0.0000 
main 4.0000 4.0000 5.0000 5.0000 0.0000 5.0000 4.0000 1.0000 0.0475 0.2502 1.0007 0.0349 0.0588 b 0.2200 1.2507 1.3350 2.5764 0.2729 0.3011 0.2351 0.1916 0.0000 0.0000 0.0000 0.0000 0.0000 
main 4.0000 4.0000 53.0000 7.0000 1.0000 7.0000 6.0000 1.0000 0.0432 0.2503 1.5016 0.0349 0.0588 b 0.1250 1.7516 1.2946 3.0438 0.2105 0.2367 0.2780 0.2472 0.3212 0.2081 0.0000 0.0000 0.0000 
main 4.0000 4.0000 58.0000 9.0000 1.0000 9.0000 8.0000 0.0000 0.0000 0.2500 2.0000 0.0000 0.0000 b 0.1550 2.2500 1.0064 3.2420 0.2500 0.2500 0.2500 0.2500 0.2500 0.2500 0.2500 0.2500 0.0000 
main 4.0000 4.0000 62.0000 10.0000 2.0000 10.0000 9.0000 1.0000 0.0377 0.2504 2.2538 0.0349 0.0588 b 0.1330 2.5038 1.4966 4.0129 0.2898 0.2285 0.2981 0.2264 0.1990 0.2596 0.2870 0.2028 0.2626 
main 4.0000 4.0000 40.0000 10.0000 2.0000 10.0000 9.0000 0.0000 0.0000 0.2500 2.2500 0.0000 0.0000 b 0.1450 2.5000 1.2962 3.8089 0.2500 0.2500 0.2500 0.2500 0.2500 0.2500 0.2500 0.2500 0.2500 
main 4.0000 4.0000 6.0000 5.0000 0.0000 5.0000 4.0000 2.0000 0.1075 0.2506 1.0024 0.0906 0.1145 b 0.1590 1.2524 1.4860 2.7448 0.2908 0.1734 0.3840 0.1543 0.0000 0.0000 0.0000 0.0000 0.0000 
main 4.0000 4.0000 14.0000 8.0000 1.0000 8.0000 7.0000 1.0000 0.0461 0.2495 1.7467 0.0349 0.0588 b 0.1340 1.9967 1.0990 3.1055 0.2244 0.3175 0.2053 0.2473 0.3091 0.2362 0.2070 0.0000 0.0000 
main 4.0000 4.0000 51.0000 6.0000 0.0000 6.0000 5.0000 2.0000 0.0956 0.2498 1.2490 0.0906 0.1145 b 0.1690 1.4990 1.4077 2.9080 0.2544 0.1559 0.3215 0.3644 0.1527 0.0000 0.0000 0.0000 0.0000 
main 4.0000 4.0000 13.0000 8.0000 1.0000 8.0000 7.0000 0.0000 0.0000 0.2500 1.7500 0.0000 0.0000 b 0.2410 2.0000 1.0934 3.0921 0.2500 0.2500 0.2500 0.2500 0.2500 0.2500 0.2500 0.0000 0.0000 
main 4.0000 4.0000 29.0000 6.0000 0.0000 6.0000 5.0000 1.0000 0.0570 0.2509 1.2545 0.0349 0.0588 b 0.2050 1.5045 1.0319 2.5299 0.3362 0.1995 0.2458 0.2003 0.2727 0.0000 0.0000 0.0000 0.0000 
main 4.0000 4.0000 8.0000 6.0000 0.0000 6.0000 5.0000 1.0000 0.0533 0.2496 1.2480 0.0349 0.0588 b 0.1590 1.4980 1.0894 2.5902 0.2221 0.1889 0.3192 0.2282 0.2896 0.0000 0.0000 0.0000 0.0000 
main 4.0000 4.0000 56.0000 8.0000 1.0000 8.0000 7.0000 1.0000 0.0528 0.2504 1.7529 0.0349 0.0588 b 0.1640 2.0029 1.3713 3.3786 0.2778 0.1767 0.2118 0.2968 0.2110 0.3234 0.2554 0.0000 0.0000 
main 4.0000 4.0000 27.0000 5.0000 0.0000 5.0000 4.0000 2.0000 0.0916 0.2496 0.9983 0.0906 0.1145 b 0.1860 1.2483 1.3601 2.6072 0.2025 0.2403 0.3809 0.1745 0.0000 0.0000 0.0000 0.0000 0.0000 
main 4.0000 4.0000 22.0000 4.0000 0.0000 4.0000 3.0000 0.0000 0.0000 0.2500 0.7500 0.0000 0.0000 b 0.2040 1.0000 1.4153 2.4090 0.2500 0.2500 0.2500 0.0000 0.0000 0.0000 0.0000 0.0000 0.0000 
main 4.0000 4.0000 54.0000 7.0000 1.0000 7.0000 6.0000 2.0000 0.0925 0.2504 1.5021 0.0906 0.1145 b 0.1570 1.7521 1.3196 3.0609 0.3728 0.3476 0.1523 0.2214 0.1617 0.2464 0.0000 0.0000 0.0000 
main 4.0000 4.0000 45.0000 4.0000 0.0000 4.0000 3.0000 2.0000 0.0977 0.2502 0.7506 0.0906 0.1145 b 0.1790 1.0006 1.2368 2.2263 0.1594 0.2377 0.3535 0.0000 0.0000 0.0000 0.0000 0.0000 0.0000 
main 4.0000 4.0000 44.0000 4.0000 0.0000 4.0000 3.0000 1.0000 0.0403 0.2489 0.7467 0.0349 0.0588 b 0.1890 0.9967 1.2794 2.2722 0.2472 0.2900 0.2095 0.0000 0.0000 0.0000 0.0000 0.0000 0.0000 
main 4.0000 4.0000 43.0000 4.0000 0.0000 4.0000 3.0000 0.0000 0.0000 0.2500 0.7500 0.0000 0.0000 b 0.1800 1.0000 1.3517 2.3422 0.2500 0.2500 0.2500 0.0000 0.0000 0.0000 0.0000 0.0000 0.0000 
main 4.0000 4.0000 7.0000 6.0000 0.0000 6.0000 5.0000 0.0000 0.0000 0.2500 1.2500 0.0000 0.0000 b 0.1140 1.5000 1.4715 2.9590 0.2500 0.2500 0.2500 0.2500 0.2500 0.0000 0.0000 0.0000 0.0000 
main 4.0000 4.0000 4.0000 5.0000 0.0000 5.0000 4.0000 0.0000 0.0000 0.2500 1.0000 0.0000 0.0000 b 0.1390 1.2500 1.2367 2.4924 0.2500 0.2500 0.2500 0.2500 0.0000 0.0000 0.0000 0.0000 0.0000 
main 4.0000 4.0000 55.0000 8.0000 1.0000 8.0000 7.0000 0.0000 0.0000 0.2500 1.7500 0.0000 0.0000 b 0.1500 2.0000 1.4547 3.4591 0.2500 0.2500 0.2500 0.2500 0.2500 0.2500 0.2500 0.0000 0.0000 
main 4.0000 4.0000 47.0000 5.0000 0.0000 5.0000 4.0000 1.0000 0.0538 0.2499 0.9998 0.0349 0.0588 b 0.1660 1.2498 1.4596 2.7087 0.2358 0.1944 0.3234 0.2462 0.0000 0.0000 0.0000 0.0000 0.0000 
main 4.0000 4.0000 49.0000 6.0000 0.0000 6.0000 5.0000 0.0000 0.0000 0.2500 1.2500 0.0000 0.0000 b 0.1710 1.5000 1.4834 2.9923 0.2500 0.2500 0.2500 0.2500 0.2500 0.0000 0.0000 0.0000 0.0000 
main 4.0000 4.0000 38.0000 9.0000 1.0000 9.0000 8.0000 1.0000 0.0547 0.2502 2.0014 0.0349 0.0588 b 0.1090 2.2514 1.1471 3.4103 0.2901 0.2466 0.2040 0.3284 0.2628 0.2307 0.1535 0.2852 0.0000 
main 4.0000 4.0000 24.0000 4.0000 0.0000 4.0000 3.0000 2.0000 0.0942 0.2495 0.7485 0.0906 0.1145 b 0.1640 0.9985 1.2026 2.2075 0.2206 0.3548 0.1731 0.0000 0.0000 0.0000 0.0000 0.0000 0.0000 
main 4.0000 4.0000 18.0000 9.0000 1.0000 9.0000 8.0000 2.0000 0.0943 0.2501 2.0005 0.0906 0.1145 b 0.1250 2.2505 1.3860 3.6429 0.1982 0.3916 0.2728 0.2324 0.3901 0.1657 0.1928 0.1569 0.0000 
main 4.0000 4.0000 48.0000 5.0000 0.0000 5.0000 4.0000 2.0000 0.1049 0.2489 0.9957 0.0906 0.1145 b 0.1780 1.2457 1.4244 2.6713 0.2100 0.1541 0.2335 0.3981 0.0000 0.0000 0.0000 0.0000 0.0000 
main 4.0000 4.0000 35.0000 8.0000 1.0000 8.0000 7.0000 1.0000 0.0568 0.2495 1.7465 0.0349 0.0588 b 0.1470 1.9965 1.4336 3.4222 0.2836 0.2000 0.2283 0.3529 0.1843 0.2350 0.2625 0.0000 0.0000 
main 4.0000 4.0000 2.0000 4.0000 0.0000 4.0000 3.0000 1.0000 0.0424 0.2492 0.7475 0.0349 0.0588 b 0.1740 0.9975 1.4359 2.4398 0.2917 0.2069 0.2490 0.0000 0.0000 0.0000 0.0000 0.0000 0.0000 
main 4.0000 4.0000 3.0000 4.0000 0.0000 4.0000 3.0000 2.0000 0.1012 0.2491 0.7473 0.0906 0.1145 b 0.2290 0.9973 1.3412 2.3396 0.1863 0.3658 0.1951 0.0000 0.0000 0.0000 0.0000 0.0000 0.0000 
main 4.0000 4.0000 32.0000 7.0000 1.0000 7.0000 6.0000 1.0000 0.0520 0.2505 1.5029 0.0349 0.0588 b 0.1390 1.7529 1.1558 2.9119 0.3216 0.2010 0.2729 0.2259 0.2892 0.1923 0.0000 0.0000 0.0000 
main 4.0000 4.0000 1.0000 4.0000 0.0000 4.0000 3.0000 0.0000 0.0000 0.2500 0.7500 0.0000 0.0000 b 0.2080 1.0000 1.2823 2.2756 0.2500 0.2500 0.2500 0.0000 0.0000 0.0000 0.0000 0.0000 0.0000 
main 4.0000 4.0000 28.0000 6.0000 0.0000 6.0000 5.0000 0.0000 0.0000 0.2500 1.2500 0.0000 0.0000 b 0.1150 1.5000 1.1219 2.6090 0.2500 0.2500 0.2500 0.2500 0.2500 0.0000 0.0000 0.0000 0.0000 
main 4.0000 4.0000 31.0000 7.0000 1.0000 7.0000 6.0000 0.0000 0.0000 0.2500 1.5000 0.0000 0.0000 b 0.0780 1.7500 1.2954 3.0422 0.2500 0.2500 0.2500 0.2500 0.2500 0.2500 0.0000 0.0000 0.0000 
main 4.0000 4.0000 63.0000 10.0000 2.0000 10.0000 9.0000 2.0000 0.0926 0.2501 2.2511 0.0906 0.1145 b 0.1480 2.5011 1.1409 3.6266 0.3592 0.1606 0.3275 0.1705 0.2132 0.2900 0.1582 0.3918 0.1801 
main 4.0000 4.0000 41.0000 10.0000 2.0000 10.0000 9.0000 1.0000 0.0585 0.2504 2.2532 0.0349 0.0588 b 0.1700 2.5032 1.2088 3.7121 0.2202 0.3133 0.2252 0.3557 0.2008 0.2661 0.2029 0.2862 0.1828 
main 4.0000 4.0000 23.0000 4.0000 0.0000 4.0000 3.0000 1.0000 0.0467 0.2514 0.7541 0.0349 0.0588 b 0.1930 1.0041 1.4791 2.4964 0.2392 0.2119 0.3029 0.0000 0.0000 0.0000 0.0000 0.0000 0.0000 
main 4.0000 4.0000 61.0000 10.0000 2.0000 10.0000 9.0000 0.0000 0.0000 0.2500 2.2500 0.0000 0.0000 b 0.1450 2.5000 1.3342 3.8424 0.2500 0.2500 0.2500 0.2500 0.2500 0.2500 0.2500 0.2500 0.2500 
main 4.0000 4.0000 36.0000 8.0000 1.0000 8.0000 7.0000 2.0000 0.0954 0.2493 1.7451 0.0906 0.1145 b 0.1570 1.9951 1.2221 3.2207 0.1730 0.3906 0.3234 0.1541 0.2347 0.1523 0.3170 0.0000 0.0000 
main 4.0000 4.0000 20.0000 10.0000 2.0000 10.0000 9.0000 1.0000 0.0476 0.2497 2.2474 0.0349 0.0588 b 0.1550 2.4974 1.4346 3.9397 0.2961 0.2009 0.2664 0.1795 0.2465 0.2161 0.2658 0.3329 0.2432 
main 4.0000 4.0000 50.0000 6.0000 0.0000 6.0000 5.0000 1.0000 0.0450 0.2501 1.2506 0.0349 0.0588 b 0.1450 1.5006 1.4482 2.9428 0.2890 0.2517 0.1851 0.2302 0.2945 0.0000 0.0000 0.0000 0.0000 
main 4.0000 4.0000 46.0000 5.0000 0.0000 5.0000 4.0000 0.0000 0.0000 0.2500 1.0000 0.0000 0.0000 b 0.1670 1.2500 1.3514 2.6091 0.2500 0.2500 0.2500 0.2500 0.0000 0.0000 0.0000 0.0000 0.0000 
main 4.0000 4.0000 39.0000 9.0000 1.0000 9.0000 8.0000 2.0000 0.0932 0.2503 2.0024 0.0906 0.1145 b 0.1740 2.2524 1.4636 3.7114 0.2224 0.3211 0.2259 0.3716 0.1512 0.3756 0.1801 0.1544 0.0000 
main 4.0000 4.0000 59.0000 9.0000 1.0000 9.0000 8.0000 1.0000 0.0536 0.2504 2.0035 0.0349 0.0588 b 0.0010 2.2535 1.3301 3.5790 0.2059 0.2320 0.2645 0.3381 0.1830 0.2476 0.2171 0.3152 0.0000 
main 4.0000 4.0000 26.0000 5.0000 0.0000 5.0000 4.0000 1.0000 0.0570 0.2509 1.0036 0.0349 0.0588 b 0.2150 1.2536 1.4884 2.7459 0.2097 0.2433 0.2169 0.3336 0.0000 0.0000 0.0000 0.0000 0.0000 
main 4.0000 4.0000 21.0000 10.0000 2.0000 10.0000 9.0000 2.0000 0.0938 0.2497 2.2475 0.0906 0.1145 b 0.1480 2.4975 1.2310 3.7232 0.2141 0.1723 0.3997 0.3737 0.1685 0.2558 0.1531 0.3228 0.1874 
main 4.0000 4.0000 37.0000 9.0000 1.0000 9.0000 8.0000 0.0000 0.0000 0.2500 2.0000 0.0000 0.0000 b 0.1470 2.2500 1.2441 3.4924 0.2500 0.2500 0.2500 0.2500 0.2500 0.2500 0.2500 0.2500 0.0000 
main 4.0000 4.0000 33.0000 7.0000 1.0000 7.0000 6.0000 2.0000 0.0913 0.2496 1.4978 0.0906 0.1145 b 0.1390 1.7478 1.0068 2.7566 0.2118 0.3606 0.1559 0.3616 0.1688 0.2391 0.0000 0.0000 0.0000 
main 4.0000 4.0000 30.0000 6.0000 0.0000 6.0000 5.0000 2.0000 0.0923 0.2498 1.2490 0.0906 0.1145 b 0.1570 1.4990 1.2451 2.7413 0.2882 0.2039 0.3938 0.1966 0.1666 0.0000 0.0000 0.0000 0.0000 
main 4.0000 5.0000 30.0000 6.0000 0.0000 6.0000 5.0000 2.0000 0.1012 0.2496 1.2481 0.0906 0.1145 b 0.1800 1.4981 1.2963 2.8071 0.1526 0.2385 0.3891 0.3096 0.1583 0.0000 0.0000 0.0000 0.0000 
main 4.0000 5.0000 62.0000 10.0000 2.0000 10.0000 9.0000 1.0000 0.0475 0.2502 2.2519 0.0349 0.0588 b 0.1380 2.5019 1.4120 3.9276 0.2470 0.2201 0.1812 0.3331 0.2586 0.3047 0.2127 0.2703 0.2243 
main 4.0000 5.0000 11.0000 7.0000 1.0000 7.0000 6.0000 1.0000 0.0551 0.2507 1.5041 0.0349 0.0588 b 0.1510 1.7541 1.3637 3.1299 0.2025 0.3254 0.2341 0.3046 0.2508 0.1867 0.0000 0.0000 0.0000 
main 4.0000 5.0000 24.0000 4.0000 0.0000 4.0000 3.0000 2.0000 0.1003 0.2502 0.7505 0.0906 0.1145 b 0.1880 1.0005 1.4428 2.4429 0.3579 0.2330 0.1595 0.0000 0.0000 0.0000 0.0000 0.0000 0.0000 
main 4.0000 5.0000 61.0000 10.0000 2.0000 10.0000 9.0000 0.0000 0.0000 0.2500 2.2500 0.0000 0.0000 b 0.1440 2.5000 1.4078 3.9090 0.2500 0.2500 0.2500 0.2500 0.2500 0.2500 0.2500 0.2500 0.2500 
main 4.0000 5.0000 18.0000 9.0000 1.0000 9.0000 8.0000 2.0000 0.0976 0.2497 1.9975 0.0906 0.1145 b 0.0020 2.2475 1.4819 3.7399 0.1589 0.3315 0.1979 0.1677 0.1960 0.3744 0.1824 0.3887 0.0000 
main 4.0000 5.0000 27.0000 5.0000 0.0000 5.0000 4.0000 2.0000 0.0958 0.2512 1.0050 0.0906 0.1145 b 0.1950 1.2550 1.2433 2.4971 0.1547 0.1855 0.3509 0.3139 0.0000 0.0000 0.0000 0.0000 0.0000 
main 4.0000 5.0000 50.0000 6.0000 0.0000 6.0000 5.0000 1.0000 0.0460 0.2490 1.2452 0.0349 0.0588 b 0.1310 1.4952 1.3610 2.8542 0.2698 0.2284 0.2769 0.1783 0.2918 0.0000 0.0000 0.0000 0.0000 
main 4.0000 5.0000 43.0000 4.0000 0.0000 4.0000 3.0000 0.0000 0.0000 0.2500 0.7500 0.0000 0.0000 b 0.1830 1.0000 1.0243 2.0254 0.2500 0.2500 0.2500 0.0000 0.0000 0.0000 0.0000 0.0000 0.0000 
main 4.0000 5.0000 55.0000 8.0000 1.0000 8.0000 7.0000 0.0000 0.0000 0.2500 1.7500 0.0000 0.0000 b 0.1260 2.0000 1.3456 3.3423 0.2500 0.2500 0.2500 0.2500 0.2500 0.2500 0.2500 0.0000 0.0000 
main 4.0000 5.0000 59.0000 9.0000 1.0000 9.0000 8.0000 1.0000 0.0547 0.2506 2.0047 0.0349 0.0588 b 0.1710 2.2547 1.4723 3.7304 0.2278 0.3241 0.2560 0.2294 0.1812 0.2485 0.3362 0.2014 0.0000 
main 4.0000 5.0000 47.0000 5.0000 0.0000 5.0000 4.0000 1.0000 0.0580 0.2492 0.9966 0.0349 0.0588 b 0.1560 1.2466 1.0628 2.3054 0.2796 0.2362 0.3069 0.1739 0.0000 0.0000 0.0000 0.0000 0.0000 
main 4.0000 5.0000 26.0000 5.0000 0.0000 5.0000 4.0000 1.0000 0.0557 0.2496 0.9985 0.0349 0.0588 b 0.1580 1.2485 1.4382 2.6742 0.2955 0.1792 0.2306 0.2931 0.0000 0.0000 0.0000 0.0000 0.0000 
main 4.0000 5.0000 57.0000 8.0000 1.0000 8.0000 7.0000 2.0000 0.0943 0.2504 1.7525 0.0906 0.1145 b 0.1690 2.0025 1.2803 3.2782 0.3909 0.1729 0.3670 0.1825 0.1575 0.2584 0.2233 0.0000 0.0000 
main 4.0000 5.0000 45.0000 4.0000 0.0000 4.0000 3.0000 2.0000 0.1062 0.2513 0.7540 0.0906 0.1145 b 0.1500 1.0040 1.0243 2.0295 0.3660 0.2316 0.1563 0.0000 0.0000 0.0000 0.0000 0.0000 0.0000 
main 4.0000 5.0000 60.0000 9.0000 1.0000 9.0000 8.0000 2.0000 0.0919 0.2501 2.0007 0.0906 0.1145 b 0.1520 2.2507 1.3595 3.6095 0.1702 0.3079 0.1688 0.2603 0.3751 0.1503 0.1980 0.3700 0.0000 
main 4.0000 5.0000 28.0000 6.0000 0.0000 6.0000 5.0000 0.0000 0.0000 0.2500 1.2500 0.0000 0.0000 b 0.1300 1.5000 1.3477 2.8589 0.2500 0.2500 0.2500 0.2500 0.2500 0.0000 0.0000 0.0000 0.0000 
main 4.0000 5.0000 16.0000 9.0000 1.0000 9.0000 8.0000 0.0000 0.0000 0.2500 2.0000 0.0000 0.0000 b 0.0440 2.2500 1.2248 3.4755 0.2500 0.2500 0.2500 0.2500 0.2500 0.2500 0.2500 0.2500 0.0000 
main 4.0000 5.0000 32.0000 7.0000 1.0000 7.0000 6.0000 1.0000 0.0579 0.2502 1.5011 0.0349 0.0588 b 0.1670 1.7511 1.2242 2.9768 0.2689 0.2038 0.3210 0.2140 0.3096 0.1838 0.0000 0.0000 0.0000 
main 4.0000 5.0000 34.0000 8.0000 1.0000 8.0000 7.0000 0.0000 0.0000 0.2500 1.7500 0.0000 0.0000 b 0.1580 2.0000 1.2940 3.2924 0.2500 0.2500 0.2500 0.2500 0.2500 0.2500 0.2500 0.0000 0.0000 
main 4.0000 5.0000 4.0000 5.0000 0.0000 5.0000 4.0000 0.0000 0.0000 0.2500 1.0000 0.0000 0.0000 b 0.1990 1.2500 1.0496 2.3088 0.2500 0.2500 0.2500 0.2500 0.0000 0.0000 0.0000 0.0000 0.0000 
main 4.0000 5.0000 48.0000 5.0000 0.0000 5.0000 4.0000 2.0000 0.0933 0.2511 1.0043 0.0906 0.1145 b 0.1730 1.2543 1.4675 2.7300 0.1835 0.3597 0.1638 0.2973 0.0000 0.0000 0.0000 0.0000 0.0000 
main 4.0000 5.0000 52.0000 7.0000 1.0000 7.0000 6.0000 0.0000 0.0000 0.2500 1.5000 0.0000 0.0000 b 0.1330 1.7500 1.0997 2.8589 0.2500 0.2500 0.2500 0.2500 0.2500 0.2500 0.0000 0.0000 0.0000 
main 4.0000 5.0000 19.0000 10.0000 2.0000 10.0000 9.0000 0.0000 0.0000 0.2500 2.2500 0.0000 0.0000 b 0.1420 2.5000 1.2086 3.7090 0.2500 0.2500 0.2500 0.2500 0.2500 0.2500 0.2500 0.2500 0.2500 
main 4.0000 5.0000 37.0000 9.0000 1.0000 9.0000 8.0000 0.0000 0.0000 0.2500 2.0000 0.0000 0.0000 b 0.1330 2.2500 1.0863 3.3422 0.2500 0.2500 0.2500 0.2500 0.2500 0.2500 0.2500 0.2500 0.0000 
main 4.0000 5.0000 38.0000 9.0000 1.0000 9.0000 8.0000 1.0000 0.0577 0.2494 1.9952 0.0349 0.0588 b 0.0970 2.2452 1.3376 3.5875 0.2441 0.3293 0.2722 0.2406 0.2076 0.1709 0.2023 0.3282 0.0000 
main 4.0000 5.0000 20.0000 10.0000 2.0000 10.0000 9.0000 1.0000 0.0582 0.2498 2.2485 0.0349 0.0588 b 0.1440 2.4985 1.0679 3.5572 0.2381 0.3329 0.2066 0.2534 0.1849 0.2788 0.1924 0.3438 0.2176 
main 4.0000 5.0000 23.0000 4.0000 0.0000 4.0000 3.0000 1.0000 0.0407 0.2502 0.7506 0.0349 0.0588 b 0.2230 1.0006 1.2903 2.2929 0.2135 0.2432 0.2940 0.0000 0.0000 0.0000 0.0000 0.0000 0.0000 
main 4.0000 5.0000 25.0000 5.0000 0.0000 5.0000 4.0000 0.0000 0.0000 0.2500 1.0000 0.0000 0.0000 b 0.1780 1.2500 1.3239 2.5757 0.2500 0.2500 0.2500 0.2500 0.0000 0.0000 0.0000 0.0000 0.0000 
main 4.0000 5.0000 10.0000 7.0000 1.0000 7.0000 6.0000 0.0000 0.0000 0.2500 1.5000 0.0000 0.0000 b 0.1230 1.7500 1.1396 2.8923 0.2500 0.2500 0.2500 0.2500 0.2500 0.2500 0.0000 0.0000 0.0000 
main 4.0000 5.0000 9.0000 6.0000 0.0000 6.0000 5.0000 2.0000 0.0980 0.2508 1.2539 0.0906 0.1145 b 0.2120 1.5039 1.4298 2.9296 0.1792 0.3786 0.3335 0.1663 0.1963 0.0000 0.0000 0.0000 0.0000 
main 4.0000 5.0000 12.0000 7.0000 1.0000 7.0000 6.0000 2.0000 0.1062 0.2497 1.4983 0.0906 0.1145 b 0.1500 1.7483 1.0872 2.8237 0.3833 0.1760 0.3841 0.1812 0.2223 0.1515 0.0000 0.0000 0.0000 
main 4.0000 5.0000 29.0000 6.0000 0.0000 6.0000 5.0000 1.0000 0.0427 0.2500 1.2498 0.0349 0.0588 b 0.1140 1.4998 1.1149 2.6253 0.2326 0.2771 0.1877 0.2984 0.2539 0.0000 0.0000 0.0000 0.0000 
main 4.0000 5.0000 17.0000 9.0000 1.0000 9.0000 8.0000 1.0000 0.0548 0.2501 2.0011 0.0349 0.0588 b 0.1360 2.2511 1.1301 3.3932 0.2421 0.1964 0.3432 0.2656 0.1844 0.3031 0.2060 0.2604 0.0000 
main 4.0000 5.0000 44.0000 4.0000 0.0000 4.0000 3.0000 1.0000 0.0584 0.2507 0.7520 0.0349 0.0588 b 0.1650 1.0020 1.1871 2.1942 0.3113 0.1948 0.2459 0.0000 0.0000 0.0000 0.0000 0.0000 0.0000 
main 4.0000 5.0000 51.0000 6.0000 0.0000 6.0000 5.0000 2.0000 0.0948 0.2505 1.2526 0.0906 0.1145 b 0.1320 1.5026 1.4095 2.9116 0.3987 0.2399 0.1806 0.2747 0.1587 0.0000 0.0000 0.0000 0.0000 
main 4.0000 5.0000 46.0000 5.0000 0.0000 5.0000 4.0000 0.0000 0.0000 0.2500 1.0000 0.0000 0.0000 b 0.1800 1.2500 1.1093 2.3589 0.2500 0.2500 0.2500 0.2500 0.0000 0.0000 0.0000 0.0000 0.0000 
main 4.0000 5.0000 31.0000 7.0000 1.0000 7.0000 6.0000 0.0000 0.0000 0.2500 1.5000 0.0000 0.0000 b 0.1190 1.7500 1.4538 3.2090 0.2500 0.2500 0.2500 0.2500 0.2500 0.2500 0.0000 0.0000 0.0000 
main 4.0000 5.0000 21.0000 10.0000 2.0000 10.0000 9.0000 2.0000 0.0919 0.2502 2.2522 0.0906 0.1145 b 0.1150 2.5022 1.4760 3.9778 0.1696 0.2032 0.3503 0.1686 0.3508 0.2099 0.2488 0.1548 0.3961 
main 4.0000 5.0000 40.0000 10.0000 2.0000 10.0000 9.0000 0.0000 0.0000 0.2500 2.2500 0.0000 0.0000 b 0.1330 2.5000 1.0037 3.5088 0.2500 0.2500 0.2500 0.2500 0.2500 0.2500 0.2500 0.2500 0.2500 
main 4.0000 5.0000 33.0000 7.0000 1.0000 7.0000 6.0000 2.0000 0.0921 0.2502 1.5012 0.0906 0.1145 b 0.1480 1.7512 1.0243 2.7767 0.2062 0.3037 0.3790 0.1546 0.3030 0.1547 0.0000 0.0000 0.0000 
main 4.0000 5.0000 22.0000 4.0000 0.0000 4.0000 3.0000 0.0000 0.0000 0.2500 0.7500 0.0000 0.0000 b 0.1850 1.0000 1.2329 2.2255 0.2500 0.2500 0.2500 0.0000 0.0000 0.0000 0.0000 0.0000 0.0000 
main 4.0000 5.0000 6.0000 5.0000 0.0000 5.0000 4.0000 2.0000 0.0978 0.2489 0.9955 0.0906 0.1145 b 0.1480 1.2455 1.2112 2.4543 0.1965 0.2503 0.3853 0.1633 0.0000 0.0000 0.0000 0.0000 0.0000 
main 4.0000 5.0000 42.0000 10.0000 2.0000 10.0000 9.0000 2.0000 0.0913 0.2498 2.2484 0.0906 0.1145 b 0.1500 2.4984 1.1003 3.5906 0.2181 0.1649 0.2788 0.2188 0.3883 0.1562 0.3956 0.2634 0.1644 
main 4.0000 5.0000 1.0000 4.0000 0.0000 4.0000 3.0000 0.0000 0.0000 0.2500 0.7500 0.0000 0.0000 b 0.2410 1.0000 1.0712 2.0588 0.2500 0.2500 0.2500 0.0000 0.0000 0.0000 0.0000 0.0000 0.0000 
main 4.0000 5.0000 41.0000 10.0000 2.0000 10.0000 9.0000 1.0000 0.0521 0.2498 2.2482 0.0349 0.0588 b 0.1450 2.4982 1.4862 3.9738 0.1753 0.2834 0.2532 0.1917 0.2273 0.2784 0.2492 0.3509 0.2388 
main 4.0000 5.0000 2.0000 4.0000 0.0000 4.0000 3.0000 1.0000 0.0479 0.2491 0.7473 0.0349 0.0588 b 0.1820 0.9973 1.2821 2.2731 0.2551 0.2937 0.1985 0.0000 0.0000 0.0000 0.0000 0.0000 0.0000 
main 4.0000 5.0000 56.0000 8.0000 1.0000 8.0000 7.0000 1.0000 0.0475 0.2503 1.7518 0.0349 0.0588 b 0.0980 2.0018 1.1706 3.1608 0.2713 0.2116 0.2996 0.2138 0.3207 0.1981 0.2368 0.0000 0.0000 
main 4.0000 5.0000 8.0000 6.0000 0.0000 6.0000 5.0000 1.0000 0.0499 0.2497 1.2484 0.0349 0.0588 b 0.1830 1.4984 1.1583 2.6572 0.2153 0.1866 0.2765 0.3131 0.2570 0.0000 0.0000 0.0000 0.0000 
main 4.0000 5.0000 3.0000 4.0000 0.0000 4.0000 3.0000 2.0000 0.0927 0.2508 0.7525 0.0906 0.1145 b 0.1420 1.0025 1.0512 2.0614 0.2633 0.3367 0.1525 0.0000 0.0000 0.0000 0.0000 0.0000 0.0000 
main 4.0000 5.0000 35.0000 8.0000 1.0000 8.0000 7.0000 1.0000 0.0440 0.2494 1.7458 0.0349 0.0588 b 0.1600 1.9958 1.0726 3.0713 0.2667 0.3084 0.2452 0.2830 0.2507 0.1741 0.2175 0.0000 0.0000 
main 4.0000 5.0000 15.0000 8.0000 1.0000 8.0000 7.0000 2.0000 0.0969 0.2502 1.7511 0.0906 0.1145 b 0.1620 2.0011 1.2601 3.2601 0.1950 0.3922 0.1824 0.2570 0.1925 0.3771 0.1549 0.0000 0.0000 
main 4.0000 5.0000 53.0000 7.0000 1.0000 7.0000 6.0000 1.0000 0.0584 0.2504 1.5024 0.0349 0.0588 b 0.1430 1.7524 1.2433 2.9946 0.2828 0.1827 0.3179 0.1888 0.3013 0.2289 0.0000 0.0000 0.0000 
main 4.0000 5.0000 39.0000 9.0000 1.0000 9.0000 8.0000 2.0000 0.0924 0.2496 1.9965 0.0906 0.1145 b 0.2510 2.2465 1.4989 3.7555 0.1507 0.2283 0.3678 0.2088 0.3786 0.3162 0.1504 0.1955 0.0000 
main 4.0000 5.0000 7.0000 6.0000 0.0000 6.0000 5.0000 0.0000 0.0000 0.2500 1.2500 0.0000 0.0000 b 0.1670 1.5000 1.0304 2.5256 0.2500 0.2500 0.2500 0.2500 0.2500 0.0000 0.0000 0.0000 0.0000 
main 4.0000 5.0000 5.0000 5.0000 0.0000 5.0000 4.0000 1.0000 0.0392 0.2498 0.9991 0.0349 0.0588 b 0.3270 1.2491 1.0778 2.3248 0.2619 0.2003 0.2942 0.2428 0.0000 0.0000 0.0000 0.0000 0.0000 
main 4.0000 5.0000 13.0000 8.0000 1.0000 8.0000 7.0000 0.0000 0.0000 0.2500 1.7500 0.0000 0.0000 b 0.1340 2.0000 1.3804 3.3757 0.2500 0.2500 0.2500 0.2500 0.2500 0.2500 0.2500 0.0000 0.0000 
main 4.0000 5.0000 58.0000 9.0000 1.0000 9.0000 8.0000 0.0000 0.0000 0.2500 2.0000 0.0000 0.0000 b 0.1220 2.2500 1.1654 3.4090 0.2500 0.2500 0.2500 0.2500 0.2500 0.2500 0.2500 0.2500 0.0000 
main 4.0000 5.0000 54.0000 7.0000 1.0000 7.0000 6.0000 2.0000 0.0948 0.2506 1.5036 0.0906 0.1145 b 0.1450 1.7536 1.2404 2.9958 0.1960 0.1525 0.3915 0.1899 0.2314 0.3422 0.0000 0.0000 0.0000 
main 4.0000 5.0000 36.0000 8.0000 1.0000 8.0000 7.0000 2.0000 0.0926 0.2500 1.7501 0.0906 0.1145 b 0.1510 2.0001 1.1762 3.1758 0.3766 0.2038 0.1765 0.2082 0.3906 0.2173 0.1771 0.0000 0.0000 
main 4.0000 5.0000 63.0000 10.0000 2.0000 10.0000 9.0000 2.0000 0.0940 0.2505 2.2549 0.0906 0.1145 b 0.1550 2.5049 1.0896 3.5970 0.3702 0.1558 0.1840 0.2752 0.1642 0.2368 0.3942 0.3200 0.1544 
main 4.0000 5.0000 14.0000 8.0000 1.0000 8.0000 7.0000 1.0000 0.0479 0.2500 1.7499 0.0349 0.0588 b 0.1800 1.9999 1.0743 3.0754 0.3284 0.2342 0.2627 0.1904 0.2321 0.2919 0.2101 0.0000 0.0000 
main 4.0000 5.0000 49.0000 6.0000 0.0000 6.0000 5.0000 0.0000 0.0000 0.2500 1.2500 0.0000 0.0000 b 0.1970 1.5000 1.2302 2.7256 0.2500 0.2500 0.2500 0.2500 0.2500 0.0000 0.0000 0.0000 0.0000 
main 4.0000 6.0000 21.0000 10.0000 2.0000 10.0000 9.0000 2.0000 0.0907 0.2499 2.2492 0.0906 0.1145 b 0.2020 2.4992 1.2716 3.7749 0.3715 0.1732 0.2473 0.1606 0.2021 0.3353 0.1798 0.3884 0.1910 
main 4.0000 6.0000 24.0000 4.0000 0.0000 4.0000 3.0000 2.0000 0.1062 0.2511 0.7532 0.0906 0.1145 b 0.2020 1.0032 1.3044 2.3123 0.2371 0.3636 0.1525 0.0000 0.0000 0.0000 0.0000 0.0000 0.0000 
main 4.0000 6.0000 3.0000 4.0000 0.0000 4.0000 3.0000 2.0000 0.1027 0.2490 0.7471 0.0906 0.1145 b 0.1660 0.9971 1.2062 2.2059 0.2351 0.3580 0.1541 0.0000 0.0000 0.0000 0.0000 0.0000 0.0000 
main 4.0000 6.0000 38.0000 9.0000 1.0000 9.0000 8.0000 1.0000 0.0488 0.2496 1.9968 0.0349 0.0588 b 0.1570 2.2468 1.4415 3.6890 0.2922 0.2569 0.2051 0.2848 0.1982 0.2443 0.1913 0.3240 0.0000 
main 4.0000 6.0000 18.0000 9.0000 1.0000 9.0000 8.0000 2.0000 0.0977 0.2504 2.0030 0.0906 0.1145 b 0.1440 2.2530 1.1725 3.4286 0.2079 0.1804 0.3649 0.1678 0.1979 0.3958 0.1542 0.3340 0.0000 
main 4.0000 6.0000 2.0000 4.0000 0.0000 4.0000 3.0000 1.0000 0.0470 0.2494 0.7483 0.0349 0.0588 b 0.1490 0.9983 1.4061 2.4073 0.2075 0.3003 0.2405 0.0000 0.0000 0.0000 0.0000 0.0000 0.0000 
main 4.0000 6.0000 60.0000 9.0000 1.0000 9.0000 8.0000 2.0000 0.1002 0.2503 2.0021 0.0906 0.1145 b 0.1240 2.2521 1.0933 3.3442 0.2281 0.1569 0.3709 0.1523 0.3963 0.1979 0.1695 0.3302 0.0000 
main 4.0000 6.0000 57.0000 8.0000 1.0000 8.0000 7.0000 2.0000 0.1025 0.2497 1.7480 0.0906 0.1145 b 0.1990 1.9980 1.4091 3.4068 0.1516 0.3603 0.3151 0.1554 0.1968 0.3913 0.1775 0.0000 0.0000 
main 4.0000 6.0000 33.0000 7.0000 1.0000 7.0000 6.0000 2.0000 0.1036 0.2493 1.4961 0.0906 0.1145 b 0.1720 1.7461 1.0241 2.7716 0.1572 0.2141 0.3700 0.1982 0.3904 0.1662 0.0000 0.0000 0.0000 
main 4.0000 6.0000 17.0000 9.0000 1.0000 9.0000 8.0000 1.0000 0.0540 0.2504 2.0030 0.0349 0.0588 b 0.1190 2.2530 1.2239 3.4620 0.1868 0.2533 0.3370 0.2079 0.2984 0.1905 0.2837 0.2455 0.0000 
main 4.0000 6.0000 25.0000 5.0000 0.0000 5.0000 4.0000 0.0000 0.0000 0.2500 1.0000 0.0000 0.0000 b 0.2160 1.2500 1.2065 2.4591 0.2500 0.2500 0.2500 0.2500 0.0000 0.0000 0.0000 0.0000 0.0000 
main 4.0000 6.0000 43.0000 4.0000 0.0000 4.0000 3.0000 0.0000 0.0000 0.2500 0.7500 0.0000 0.0000 b 0.1760 1.0000 1.2896 2.2923 0.2500 0.2500 0.2500 0.0000 0.0000 0.0000 0.0000 0.0000 0.0000 
main 4.0000 6.0000 40.0000 10.0000 2.0000 10.0000 9.0000 0.0000 0.0000 0.2500 2.2500 0.0000 0.0000 b 0.1800 2.5000 1.0370 3.5421 0.2500 0.2500 0.2500 0.2500 0.2500 0.2500 0.2500 0.2500 0.2500 
main 4.0000 6.0000 58.0000 9.0000 1.0000 9.0000 8.0000 0.0000 0.0000 0.2500 2.0000 0.0000 0.0000 b 0.2030 2.2500 1.0624 3.3254 0.2500 0.2500 0.2500 0.2500 0.2500 0.2500 0.2500 0.2500 0.0000 
main 4.0000 6.0000 11.0000 7.0000 1.0000 7.0000 6.0000 1.0000 0.0505 0.2496 1.4976 0.0349 0.0588 b 0.1020 1.7476 1.1935 2.9398 0.2856 0.2224 0.2937 0.1665 0.2914 0.2379 0.0000 0.0000 0.0000 
main 4.0000 6.0000 49.0000 6.0000 0.0000 6.0000 5.0000 0.0000 0.0000 0.2500 1.2500 0.0000 0.0000 b 0.1580 1.5000 1.4973 2.9923 0.2500 0.2500 0.2500 0.2500 0.2500 0.0000 0.0000 0.0000 0.0000 
main 4.0000 6.0000 53.0000 7.0000 1.0000 7.0000 6.0000 1.0000 0.0521 0.2492 1.4950 0.0349 0.0588 b 0.0440 1.7450 1.3706 3.1206 0.2689 0.3186 0.2611 0.2189 0.1648 0.2627 0.0000 0.0000 0.0000 
main 4.0000 6.0000 26.0000 5.0000 0.0000 5.0000 4.0000 1.0000 0.0511 0.2499 0.9995 0.0349 0.0588 b 0.1590 1.2495 1.4681 2.7252 0.1978 0.3060 0.2165 0.2792 0.0000 0.0000 0.0000 0.0000 0.0000 
main 4.0000 6.0000 7.0000 6.0000 0.0000 6.0000 5.0000 0.0000 0.0000 0.2500 1.2500 0.0000 0.0000 b 0.1250 1.5000 1.2988 2.7923 0.2500 0.2500 0.2500 0.2500 0.2500 0.0000 0.0000 0.0000 0.0000 
main 4.0000 6.0000 42.0000 10.0000 2.0000 10.0000 9.0000 2.0000 0.0931 0.2502 2.2520 0.0906 0.1145 b 0.1890 2.5020 1.1822 3.6775 0.2050 0.1764 0.3905 0.3342 0.3769 0.2428 0.1511 0.2133 0.1619 
main 4.0000 6.0000 8.0000 6.0000 0.0000 6.0000 5.0000 1.0000 0.0587 0.2506 1.2531 0.0349 0.0588 b 0.1530 1.5031 1.3624 2.8621 0.2556 0.3033 0.1932 0.3126 0.1885 0.0000 0.0000 0.0000 0.0000 
main 4.0000 6.0000 9.0000 6.0000 0.0000 6.0000 5.0000 2.0000 0.0956 0.2505 1.2525 0.0906 0.1145 b 0.1600 1.5025 1.2367 2.7281 0.3160 0.1910 0.3859 0.1666 0.1929 0.0000 0.0000 0.0000 0.0000 
main 4.0000 6.0000 28.0000 6.0000 0.0000 6.0000 5.0000 0.0000 0.0000 0.2500 1.2500 0.0000 0.0000 b 0.1290 1.5000 1.3903 2.8923 0.2500 0.2500 0.2500 0.2500 0.2500 0.0000 0.0000 0.0000 0.0000 
main 4.0000 6.0000 59.0000 9.0000 1.0000 9.0000 8.0000 1.0000 0.0568 0.2495 1.9956 0.0349 0.0588 b 0.1430 2.2456 1.1488 3.3878 0.2670 0.3526 0.2208 0.3046 0.2069 0.1805 0.2490 0.2142 0.0000 
main 4.0000 6.0000 19.0000 10.0000 2.0000 10.0000 9.0000 0.0000 0.0000 0.2500 2.2500 0.0000 0.0000 b 0.1210 2.5000 1.2098 3.7089 0.2500 0.2500 0.2500 0.2500 0.2500 0.2500 0.2500 0.2500 0.2500 
main 4.0000 6.0000 13.0000 8.0000 1.0000 8.0000 7.0000 0.0000 0.0000 0.2500 1.7500 0.0000 0.0000 b 0.1130 2.0000 1.1530 3.1590 0.2500 0.2500 0.2500 0.2500 0.2500 0.2500 0.2500 0.0000 0.0000 
main 4.0000 6.0000 6.0000 5.0000 0.0000 5.0000 4.0000 2.0000 0.0973 0.2493 0.9973 0.0906 0.1145 b 0.1850 1.2473 1.4287 2.6896 0.2907 0.3667 0.1826 0.1574 0.0000 0.0000 0.0000 0.0000 0.0000 
main 4.0000 6.0000 46.0000 5.0000 0.0000 5.0000 4.0000 0.0000 0.0000 0.2500 1.0000 0.0000 0.0000 b 0.1670 1.2500 1.2298 2.4921 0.2500 0.2500 0.2500 0.2500 0.0000 0.0000 0.0000 0.0000 0.0000 
main 4.0000 6.0000 36.0000 8.0000 1.0000 8.0000 7.0000 2.0000 0.0978 0.2495 1.7468 0.0906 0.1145 b 0.1740 1.9968 1.3342 3.3391 0.3823 0.1652 0.1918 0.1572 0.3736 0.1874 0.2891 0.0000 0.0000 
main 4.0000 6.0000 61.0000 10.0000 2.0000 10.0000 9.0000 0.0000 0.0000 0.2500 2.2500 0.0000 0.0000 b 0.1470 2.5000 1.1940 3.6922 0.2500 0.2500 0.2500 0.2500 0.2500 0.2500 0.2500 0.2500 0.2500 
main 4.0000 6.0000 51.0000 6.0000 0.0000 6.0000 5.0000 2.0000 0.0922 0.2497 1.2487 0.0906 0.1145 b 0.1800 1.4987 1.2295 2.7244 0.3760 0.1578 0.2268 0.3114 0.1768 0.0000 0.0000 0.0000 0.0000 
main 4.0000 6.0000 29.0000 6.0000 0.0000 6.0000 5.0000 1.0000 0.0499 0.2502 1.2512 0.0349 0.0588 b 0.1620 1.5012 1.2274 2.7270 0.2705 0.3062 0.2775 0.1855 0.2115 0.0000 0.0000 0.0000 0.0000 
main 4.0000 6.0000 14.0000 8.0000 1.0000 8.0000 7.0000 1.0000 0.0524 0.2495 1.7468 0.0349 0.0588 b 0.1280 1.9968 1.3142 3.3056 0.2751 0.1926 0.2205 0.2935 0.2616 0.1823 0.3211 0.0000 0.0000 
main 4.0000 6.0000 10.0000 7.0000 1.0000 7.0000 6.0000 0.0000 0.0000 0.2500 1.5000 0.0000 0.0000 b 0.1540 1.7500 1.3473 3.0923 0.2500 0.2500 0.2500 0.2500 0.2500 0.2500 0.0000 0.0000 0.0000 
main 4.0000 6.0000 31.0000 7.0000 1.0000 7.0000 6.0000 0.0000 0.0000 0.2500 1.5000 0.0000 0.0000 b 0.1650 1.7500 1.3141 3.0588 0.2500 0.2500 0.2500 0.2500 0.2500 0.2500 0.0000 0.0000 0.0000 
main 4.0000 6.0000 44.0000 4.0000 0.0000 4.0000 3.0000 1.0000 0.0456 0.2485 0.7455 0.0349 0.0588 b 0.1900 0.9955 1.3352 2.3212 0.2057 0.2965 0.2433 0.0000 0.0000 0.0000 0.0000 0.0000 0.0000 
main 4.0000 6.0000 22.0000 4.0000 0.0000 4.0000 3.0000 0.0000 0.0000 0.2500 0.7500 0.0000 0.0000 b 0.1840 1.0000 1.2338 2.2255 0.2500 0.2500 0.2500 0.0000 0.0000 0.0000 0.0000 0.0000 0.0000 
main 4.0000 6.0000 35.0000 8.0000 1.0000 8.0000 7.0000 1.0000 0.0431 0.2495 1.7464 0.0349 0.0588 b 0.1490 1.9964 1.4066 3.4053 0.2147 0.2804 0.1881 0.2727 0.3124 0.2547 0.2235 0.0000 0.0000 
main 4.0000 6.0000 37.0000 9.0000 1.0000 9.0000 8.0000 0.0000 0.0000 0.2500 2.0000 0.0000 0.0000 b 0.1780 2.2500 1.2875 3.5256 0.2500 0.2500 0.2500 0.2500 0.2500 0.2500 0.2500 0.2500 0.0000 
main 4.0000 6.0000 15.0000 8.0000 1.0000 8.0000 7.0000 2.0000 0.0957 0.2503 1.7519 0.0906 0.1145 b 0.1450 2.0019 1.0760 3.0774 0.2139 0.3671 0.1537 0.3333 0.1527 0.1827 0.3485 0.0000 0.0000 
main 4.0000 6.0000 1.0000 4.0000 0.0000 4.0000 3.0000 0.0000 0.0000 0.2500 0.7500 0.0000 0.0000 b 0.2350 1.0000 1.1571 2.1422 0.2500 0.2500 0.2500 0.0000 0.0000 0.0000 0.0000 0.0000 0.0000 
main 4.0000 6.0000 55.0000 8.0000 1.0000 8.0000 7.0000 0.0000 0.0000 0.2500 1.7500 0.0000 0.0000 b 0.0990 2.0000 1.2269 3.2423 0.2500 0.2500 0.2500 0.2500 0.2500 0.2500 0.2500 0.0000 0.0000 
main 4.0000 6.0000 45.0000 4.0000 0.0000 4.0000 3.0000 2.0000 0.0942 0.2498 0.7494 0.0906 0.1145 b 0.1720 0.9994 1.1979 2.2083 0.2561 0.3407 0.1527 0.0000 0.0000 0.0000 0.0000 0.0000 0.0000 
main 4.0000 6.0000 5.0000 5.0000 0.0000 5.0000 4.0000 1.0000 0.0544 0.2493 0.9972 0.0349 0.0588 b 0.1860 1.2472 1.2718 2.5229 0.1884 0.2690 0.2255 0.3143 0.0000 0.0000 0.0000 0.0000 0.0000 
main 4.0000 6.0000 47.0000 5.0000 0.0000 5.0000 4.0000 1.0000 0.0560 0.2495 0.9981 0.0349 0.0588 b 0.1740 1.2481 1.3055 2.5570 0.1783 0.2453 0.3143 0.2603 0.0000 0.0000 0.0000 0.0000 0.0000 
main 4.0000 6.0000 4.0000 5.0000 0.0000 5.0000 4.0000 0.0000 0.0000 0.2500 1.0000 0.0000 0.0000 b 0.1440 1.2500 1.0222 2.2754 0.2500 0.2500 0.2500 0.2500 0.0000 0.0000 0.0000 0.0000 0.0000 
main 4.0000 6.0000 30.0000 6.0000 0.0000 6.0000 5.0000 2.0000 0.0982 0.2496 1.2479 0.0906 0.1145 b 0.1470 1.4979 1.1419 2.6402 0.1596 0.3991 0.2076 0.2965 0.1851 0.0000 0.0000 0.0000 0.0000 
main 4.0000 6.0000 12.0000 7.0000 1.0000 7.0000 6.0000 2.0000 0.0920 0.2492 1.4952 0.0906 0.1145 b 0.1280 1.7452 1.0046 2.7540 0.1761 0.2985 0.1507 0.3600 0.3339 0.1760 0.0000 0.0000 0.0000 
main 4.0000 6.0000 32.0000 7.0000 1.0000 7.0000 6.0000 1.0000 0.0530 0.2500 1.5001 0.0349 0.0588 b 0.1530 1.7501 1.0028 2.7590 0.2261 0.2720 0.1974 0.2835 0.1940 0.3271 0.0000 0.0000 0.0000 
main 4.0000 6.0000 54.0000 7.0000 1.0000 7.0000 6.0000 2.0000 0.0926 0.2506 1.5034 0.0906 0.1145 b 0.1680 1.7534 1.3366 3.0958 0.2261 0.1508 0.3793 0.2236 0.3477 0.1760 0.0000 0.0000 0.0000 
main 4.0000 6.0000 16.0000 9.0000 1.0000 9.0000 8.0000 0.0000 0.0000 0.2500 2.0000 0.0000 0.0000 b 0.1500 2.2500 1.0941 3.3422 0.2500 0.2500 0.2500 0.2500 0.2500 0.2500 0.2500 0.2500 0.0000 
main 4.0000 6.0000 48.0000 5.0000 0.0000 5.0000 4.0000 2.0000 0.1033 0.2493 0.9971 0.0906 0.1145 b 0.1910 1.2471 1.2557 2.5060 0.1504 0.1947 0.2649 0.3872 0.0000 0.0000 0.0000 0.0000 0.0000 
main 4.0000 6.0000 52.0000 7.0000 1.0000 7.0000 6.0000 0.0000 0.0000 0.2500 1.5000 0.0000 0.0000 b 0.1150 1.7500 1.2992 3.0423 0.2500 0.2500 0.2500 0.2500 0.2500 0.2500 0.0000 0.0000 0.0000 
main 4.0000 6.0000 27.0000 5.0000 0.0000 5.0000 4.0000 2.0000 0.0953 0.2512 1.0048 0.0906 0.1145 b 0.1740 1.2548 1.2421 2.4970 0.1821 0.2396 0.3892 0.1940 0.0000 0.0000 0.0000 0.0000 0.0000 
main 4.0000 6.0000 62.0000 10.0000 2.0000 10.0000 9.0000 1.0000 0.0514 0.2499 2.2489 0.0349 0.0588 b 0.1640 2.4989 1.4536 3.9413 0.1859 0.2425 0.2984 0.1821 0.2614 0.3037 0.1983 0.3150 0.2615 
main 4.0000 6.0000 41.0000 10.0000 2.0000 10.0000 9.0000 1.0000 0.0560 0.2504 2.2538 0.0349 0.0588 b 0.1520 2.5038 1.2360 3.7293 0.2296 0.1788 0.3190 0.2122 0.2804 0.3295 0.1904 0.2213 0.2925 
main 4.0000 6.0000 63.0000 10.0000 2.0000 10.0000 9.0000 2.0000 0.0979 0.2499 2.2494 0.0906 0.1145 b 0.1760 2.4994 1.1825 3.6750 0.2092 0.3801 0.1547 0.1928 0.3662 0.1636 0.2307 0.1689 0.3833 
main 4.0000 6.0000 56.0000 8.0000 1.0000 8.0000 7.0000 1.0000 0.0485 0.2501 1.7505 0.0349 0.0588 b 0.1460 2.0005 1.2657 3.2762 0.2684 0.3144 0.2126 0.2684 0.2058 0.2941 0.1868 0.0000 0.0000 
main 4.0000 6.0000 23.0000 4.0000 0.0000 4.0000 3.0000 1.0000 0.0508 0.2506 0.7519 0.0349 0.0588 b 0.1630 1.0019 1.4761 2.4776 0.2014 0.3029 0.2476 0.0000 0.0000 0.0000 0.0000 0.0000 0.0000 
main 4.0000 6.0000 39.0000 9.0000 1.0000 9.0000 8.0000 2.0000 0.0919 0.2501 2.0008 0.0906 0.1145 b 0.1450 2.2508 1.3181 3.5764 0.1662 0.3729 0.2040 0.1577 0.3850 0.2990 0.1743 0.2416 0.0000 
main 4.0000 6.0000 50.0000 6.0000 0.0000 6.0000 5.0000 1.0000 0.0516 0.2494 1.2469 0.0349 0.0588 b 0.1530 1.4969 1.2468 2.7560 0.1884 0.3071 0.2740 0.2015 0.2759 0.0000 0.0000 0.0000 0.0000 
main 4.0000 6.0000 20.0000 10.0000 2.0000 10.0000 9.0000 1.0000 0.0554 0.2502 2.2518 0.0349 0.0588 b 0.1240 2.5018 1.4648 3.9775 0.1594 0.2981 0.1934 0.3225 0.2233 0.2709 0.2130 0.2697 0.3015 
main 4.0000 6.0000 34.0000 8.0000 1.0000 8.0000 7.0000 0.0000 0.0000 0.2500 1.7500 0.0000 0.0000 b 0.1750 2.0000 1.2627 3.2589 0.2500 0.2500 0.2500 0.2500 0.2500 0.2500 0.2500 0.0000 0.0000 
main 4.0000 7.0000 7.0000 6.0000 0.0000 6.0000 5.0000 0.0000 0.0000 0.2500 1.2500 0.0000 0.0000 b 0.2220 1.5000 1.4455 2.9425 0.2500 0.2500 0.2500 0.2500 0.2500 0.0000 0.0000 0.0000 0.0000 
main 4.0000 7.0000 36.0000 8.0000 1.0000 8.0000 7.0000 2.0000 0.0945 0.2496 1.7471 0.0906 0.1145 b 0.1620 1.9971 1.3325 3.3227 0.3967 0.1726 0.2041 0.1514 0.3269 0.1833 0.3122 0.0000 0.0000 
main 4.0000 7.0000 8.0000 6.0000 0.0000 6.0000 5.0000 1.0000 0.0473 0.2504 1.2520 0.0349 0.0588 b 0.1630 1.5020 1.3973 2.8943 0.2611 0.2106 0.3160 0.2661 0.1982 0.0000 0.0000 0.0000 0.0000 
main 4.0000 7.0000 43.0000 4.0000 0.0000 4.0000 3.0000 0.0000 0.0000 0.2500 0.7500 0.0000 0.0000 b 0.1610 1.0000 1.0294 2.0256 0.2500 0.2500 0.2500 0.0000 0.0000 0.0000 0.0000 0.0000 0.0000 
main 4.0000 7.0000 1.0000 4.0000 0.0000 4.0000 3.0000 0.0000 0.0000 0.2500 0.7500 0.0000 0.0000 b 0.1480 1.0000 1.3047 2.2922 0.2500 0.2500 0.2500 0.0000 0.0000 0.0000 0.0000 0.0000 0.0000 
main 4.0000 7.0000 57.0000 8.0000 1.0000 8.0000 7.0000 2.0000 0.0944 0.2505 1.7532 0.0906 0.1145 b 0.1670 2.0032 1.4071 3.4122 0.1889 0.3571 0.1577 0.3932 0.2557 0.1540 0.2467 0.0000 0.0000 
main 4.0000 7.0000 23.0000 4.0000 0.0000 4.0000 3.0000 1.0000 0.0481 0.2511 0.7533 0.0349 0.0588 b 0.1570 1.0033 1.1138 2.1288 0.2384 0.2107 0.3043 0.0000 0.0000 0.0000 0.0000 0.0000 0.0000 
main 4.0000 7.0000 42.0000 10.0000 2.0000 10.0000 9.0000 2.0000 0.0931 0.2504 2.2533 0.0906 0.1145 b 0.1510 2.5033 1.0343 3.5453 0.1604 0.3798 0.1517 0.2038 0.2948 0.2022 0.3921 0.1723 0.2962 
main 4.0000 7.0000 17.0000 9.0000 1.0000 9.0000 8.0000 1.0000 0.0462 0.2502 2.0015 0.0349 0.0588 b 0.1640 2.2515 1.2732 3.5271 0.2257 0.2775 0.1831 0.3049 0.2579 0.3077 0.2468 0.1979 0.0000 
main 4.0000 7.0000 53.0000 7.0000 1.0000 7.0000 6.0000 1.0000 0.0452 0.2497 1.4984 0.0349 0.0588 b 0.1470 1.7484 1.1675 2.9238 0.2294 0.2600 0.2975 0.2548 0.2852 0.1714 0.0000 0.0000 0.0000 
main 4.0000 7.0000 41.0000 10.0000 2.0000 10.0000 9.0000 1.0000 0.0535 0.2505 2.2542 0.0349 0.0588 b 0.1610 2.5042 1.0463 3.5464 0.2158 0.3070 0.2659 0.1917 0.3134 0.2378 0.3187 0.1757 0.2283 
main 4.0000 7.0000 56.0000 8.0000 1.0000 8.0000 7.0000 1.0000 0.0564 0.2500 1.7502 0.0349 0.0588 b 0.1340 2.0002 1.0441 3.0422 0.2164 0.1732 0.2665 0.3159 0.2316 0.3280 0.2186 0.0000 0.0000 
main 4.0000 7.0000 27.0000 5.0000 0.0000 5.0000 4.0000 2.0000 0.1076 0.2508 1.0032 0.0906 0.1145 b 0.1830 1.2532 1.2544 2.5122 0.3951 0.1912 0.1504 0.2665 0.0000 0.0000 0.0000 0.0000 0.0000 
main 4.0000 7.0000 28.0000 6.0000 0.0000 6.0000 5.0000 0.0000 0.0000 0.2500 1.2500 0.0000 0.0000 b 0.1370 1.5000 1.1282 2.6256 0.2500 0.2500 0.2500 0.2500 0.2500 0.0000 0.0000 0.0000 0.0000 
main 4.0000 7.0000 55.0000 8.0000 1.0000 8.0000 7.0000 0.0000 0.0000 0.2500 1.7500 0.0000 0.0000 b 0.1430 2.0000 1.4026 3.4090 0.2500 0.2500 0.2500 0.2500 0.2500 0.2500 0.2500 0.0000 0.0000 
main 4.0000 7.0000 21.0000 10.0000 2.0000 10.0000 9.0000 2.0000 0.0974 0.2500 2.2498 0.0906 0.1145 b 0.1470 2.4998 1.4343 3.9255 0.1565 0.3512 0.1561 0.2185 0.3980 0.1763 0.3754 0.1906 0.2271 
main 4.0000 7.0000 52.0000 7.0000 1.0000 7.0000 6.0000 0.0000 0.0000 0.2500 1.5000 0.0000 0.0000 b 0.1590 1.7500 1.0430 2.7921 0.2500 0.2500 0.2500 0.2500 0.2500 0.2500 0.0000 0.0000 0.0000 
main 4.0000 7.0000 11.0000 7.0000 1.0000 7.0000 6.0000 1.0000 0.0521 0.2497 1.4980 0.0349 0.0588 b 0.1470 1.7480 1.1188 2.8569 0.2606 0.2307 0.3348 0.2633 0.1765 0.2322 0.0000 0.0000 0.0000 
main 4.0000 7.0000 6.0000 5.0000 0.0000 5.0000 4.0000 2.0000 0.0954 0.2501 1.0005 0.0906 0.1145 b 0.1680 1.2505 1.1334 2.3761 0.1772 0.3729 0.1719 0.2785 0.0000 0.0000 0.0000 0.0000 0.0000 
main 4.0000 7.0000 51.0000 6.0000 0.0000 6.0000 5.0000 2.0000 0.0927 0.2493 1.2465 0.0906 0.1145 b 0.1400 1.4965 1.1655 2.6553 0.1512 0.2172 0.3076 0.1911 0.3794 0.0000 0.0000 0.0000 0.0000 
main 4.0000 7.0000 40.0000 10.0000 2.0000 10.0000 9.0000 0.0000 0.0000 0.2500 2.2500 0.0000 0.0000 b 0.1450 2.5000 1.4905 3.9757 0.2500 0.2500 0.2500 0.2500 0.2500 0.2500 0.2500 0.2500 0.2500 
main 4.0000 7.0000 16.0000 9.0000 1.0000 9.0000 8.0000 0.0000 0.0000 0.2500 2.0000 0.0000 0.0000 b 0.1380 2.2500 1.4379 3.6924 0.2500 0.2500 0.2500 0.2500 0.2500 0.2500 0.2500 0.2500 0.0000 
main 4.0000 7.0000 63.0000 10.0000 2.0000 10.0000 9.0000 2.0000 0.0907 0.2503 2.2529 0.0906 0.1145 b 0.1470 2.5029 1.3143 3.8286 0.1666 0.2457 0.3124 0.3898 0.1888 0.1597 0.2188 0.1856 0.3855 
main 4.0000 7.0000 26.0000 5.0000 0.0000 5.0000 4.0000 1.0000 0.0550 0.2511 1.0044 0.0349 0.0588 b 0.2130 1.2544 1.3961 2.6634 0.2788 0.2460 0.1764 0.3032 0.0000 0.0000 0.0000 0.0000 0.0000 
main 4.0000 7.0000 54.0000 7.0000 1.0000 7.0000 6.0000 2.0000 0.0985 0.2498 1.4987 0.0906 0.1145 b 0.1620 1.7487 1.3861 3.1410 0.2511 0.1571 0.3882 0.3448 0.1504 0.2069 0.0000 0.0000 0.0000 
main 4.0000 7.0000 22.0000 4.0000 0.0000 4.0000 3.0000 0.0000 0.0000 0.2500 0.7500 0.0000 0.0000 b 0.1570 1.0000 1.1945 2.1922 0.2500 0.2500 0.2500 0.0000 0.0000 0.0000 0.0000 0.0000 0.0000 
main 4.0000 7.0000 46.0000 5.0000 0.0000 5.0000 4.0000 0.0000 0.0000 0.2500 1.0000 0.0000 0.0000 b 0.1370 1.2500 1.3951 2.6423 0.2500 0.2500 0.2500 0.2500 0.0000 0.0000 0.0000 0.0000 0.0000 
main 4.0000 7.0000 39.0000 9.0000 1.0000 9.0000 8.0000 2.0000 0.0944 0.2497 1.9976 0.0906 0.1145 b 0.1350 2.2476 1.1180 3.3732 0.2311 0.3884 0.2202 0.1755 0.3906 0.1696 0.2708 0.1514 0.0000 
main 4.0000 7.0000 35.0000 8.0000 1.0000 8.0000 7.0000 1.0000 0.0573 0.2498 1.7487 0.0349 0.0588 b 0.1370 1.9987 1.2980 3.2909 0.2990 0.3469 0.2474 0.1920 0.2530 0.2212 0.1894 0.0000 0.0000 
main 4.0000 7.0000 60.0000 9.0000 1.0000 9.0000 8.0000 2.0000 0.0934 0.2496 1.9968 0.0906 0.1145 b 0.1480 2.2468 1.0174 3.2557 0.1542 0.1809 0.2380 0.3158 0.2081 0.3469 0.1539 0.3991 0.0000 
main 4.0000 7.0000 61.0000 10.0000 2.0000 10.0000 9.0000 0.0000 0.0000 0.2500 2.2500 0.0000 0.0000 b 0.1320 2.5000 1.3697 3.8758 0.2500 0.2500 0.2500 0.2500 0.2500 0.2500 0.2500 0.2500 0.2500 
main 4.0000 7.0000 38.0000 9.0000 1.0000 9.0000 8.0000 1.0000 0.0573 0.2504 2.0033 0.0349 0.0588 b 0.1490 2.2533 1.2542 3.5122 0.1702 0.2747 0.1931 0.2759 0.2206 0.3051 0.3373 0.2263 0.0000 
main 4.0000 7.0000 10.0000 7.0000 1.0000 7.0000 6.0000 0.0000 0.0000 0.2500 1.5000 0.0000 0.0000 b 0.1640 1.7500 1.2671 3.0090 0.2500 0.2500 0.2500 0.2500 0.2500 0.2500 0.0000 0.0000 0.0000 
main 4.0000 7.0000 18.0000 9.0000 1.0000 9.0000 8.0000 2.0000 0.0942 0.2498 1.9987 0.0906 0.1145 b 0.1110 2.2487 1.3202 3.5577 0.3698 0.1802 0.3913 0.1840 0.2588 0.1676 0.2952 0.1516 0.0000 
main 4.0000 7.0000 25.0000 5.0000 0.0000 5.0000 4.0000 0.0000 0.0000 0.2500 1.0000 0.0000 0.0000 b 0.1570 1.2500 1.3608 2.6089 0.2500 0.2500 0.2500 0.2500 0.0000 0.0000 0.0000 0.0000 0.0000 
main 4.0000 7.0000 12.0000 7.0000 1.0000 7.0000 6.0000 2.0000 0.0926 0.2506 1.5037 0.0906 0.1145 b 0.1260 1.7537 1.4654 3.2294 0.3324 0.3772 0.1568 0.1859 0.2803 0.1712 0.0000 0.0000 0.0000 
main 4.0000 7.0000 49.0000 6.0000 0.0000 6.0000 5.0000 0.0000 0.0000 0.2500 1.2500 0.0000 0.0000 b 0.1930 1.5000 1.3777 2.8924 0.2500 0.2500 0.2500 0.2500 0.2500 0.0000 0.0000 0.0000 0.0000 
main 4.0000 7.0000 58.0000 9.0000 1.0000 9.0000 8.0000 0.0000 0.0000 0.2500 2.0000 0.0000 0.0000 b 0.1380 2.2500 1.3567 3.6090 0.2500 0.2500 0.2500 0.2500 0.2500 0.2500 0.2500 0.2500 0.0000 
main 4.0000 7.0000 45.0000 4.0000 0.0000 4.0000 3.0000 2.0000 0.0973 0.2516 0.7549 0.0906 0.1145 b 0.2080 1.0049 1.0186 2.0304 0.1539 0.3485 0.2525 0.0000 0.0000 0.0000 0.0000 0.0000 0.0000 
main 4.0000 7.0000 5.0000 5.0000 0.0000 5.0000 4.0000 1.0000 0.0588 0.2504 1.0017 0.0349 0.0588 b 0.1430 1.2517 1.0535 2.3105 0.3266 0.2035 0.2669 0.2046 0.0000 0.0000 0.0000 0.0000 0.0000 
main 4.0000 7.0000 50.0000 6.0000 0.0000 6.0000 5.0000 1.0000 0.0561 0.2509 1.2543 0.0349 0.0588 b 0.1540 1.5043 1.3040 2.8133 0.2449 0.1695 0.2398 0.3221 0.2780 0.0000 0.0000 0.0000 0.0000 
main 4.0000 7.0000 34.0000 8.0000 1.0000 8.0000 7.0000 0.0000 0.0000 0.2500 1.7500 0.0000 0.0000 b 0.1270 2.0000 1.1497 3.1590 0.2500 0.2500 0.2500 0.2500 0.2500 0.2500 0.2500 0.0000 0.0000 
main 4.0000 7.0000 32.0000 7.0000 1.0000 7.0000 6.0000 1.0000 0.0416 0.2499 1.4996 0.0349 0.0588 b 0.1690 1.7496 1.1185 2.8750 0.2982 0.1791 0.2421 0.2786 0.2361 0.2655 0.0000 0.0000 0.0000 
main 4.0000 7.0000 30.0000 6.0000 0.0000 6.0000 5.0000 2.0000 0.0960 0.2494 1.2468 0.0906 0.1145 b 0.2150 1.4968 1.0579 2.5555 0.3151 0.2004 0.1668 0.3851 0.1795 0.0000 0.0000 0.0000 0.0000 
main 4.0000 7.0000 59.0000 9.0000 1.0000 9.0000 8.0000 1.0000 0.0469 0.2497 1.9973 0.0349 0.0588 b 0.1440 2.2473 1.1483 3.3896 0.2046 0.2625 0.1863 0.2626 0.3243 0.2538 0.2932 0.2100 0.0000 
main 4.0000 7.0000 37.0000 9.0000 1.0000 9.0000 8.0000 0.0000 0.0000 0.2500 2.0000 0.0000 0.0000 b 0.1670 2.2500 1.2965 3.5423 0.2500 0.2500 0.2500 0.2500 0.2500 0.2500 0.2500 0.2500 0.0000 
main 4.0000 7.0000 4.0000 5.0000 0.0000 5.0000 4.0000 0.0000 0.0000 0.2500 1.0000 0.0000 0.0000 b 0.1580 1.2500 1.3119 2.5590 0.2500 0.2500 0.2500 0.2500 0.0000 0.0000 0.0000 0.0000 0.0000 
main 4.0000 7.0000 62.0000 10.0000 2.0000 10.0000 9.0000 1.0000 0.0561 0.2504 2.2532 0.0349 0.0588 b 0.1670 2.5032 1.3186 3.8121 0.3546 0.2540 0.2174 0.2912 0.2295 0.2873 0.2135 0.1589 0.2468 
main 4.0000 7.0000 14.0000 8.0000 1.0000 8.0000 7.0000 1.0000 0.0465 0.2507 1.7549 0.0349 0.0588 b 0.2850 2.0049 1.3671 3.3639 0.2256 0.2866 0.2443 0.3138 0.2042 0.2884 0.1920 0.0000 0.0000 
main 4.0000 7.0000 19.0000 10.0000 2.0000 10.0000 9.0000 0.0000 0.0000 0.2500 2.2500 0.0000 0.0000 b 0.1150 2.5000 1.1489 3.6422 0.2500 0.2500 0.2500 0.2500 0.2500 0.2500 0.2500 0.2500 0.2500 
main 4.0000 7.0000 20.0000 10.0000 2.0000 10.0000 9.0000 1.0000 0.0489 0.2500 2.2503 0.0349 0.0588 b 0.1150 2.5003 1.4116 3.9094 0.2765 0.2117 0.2799 0.2288 0.2572 0.2914 0.1898 0.3287 0.1863 
main 4.0000 7.0000 47.0000 5.0000 0.0000 5.0000 4.0000 1.0000 0.0555 0.2512 1.0050 0.0349 0.0588 b 0.2200 1.2550 1.4707 2.7307 0.2697 0.2271 0.3186 0.1897 0.0000 0.0000 0.0000 0.0000 0.0000 
main 4.0000 7.0000 33.0000 7.0000 1.0000 7.0000 6.0000 2.0000 0.0921 0.2492 1.4953 0.0906 0.1145 b 0.1330 1.7453 1.4112 3.1710 0.2960 0.1655 0.3872 0.1608 0.1867 0.2990 0.0000 0.0000 0.0000 
main 4.0000 7.0000 31.0000 7.0000 1.0000 7.0000 6.0000 0.0000 0.0000 0.2500 1.5000 0.0000 0.0000 b 0.1150 1.7500 1.4330 3.1924 0.2500 0.2500 0.2500 0.2500 0.2500 0.2500 0.0000 0.0000 0.0000 
main 4.0000 7.0000 24.0000 4.0000 0.0000 4.0000 3.0000 2.0000 0.1017 0.2512 0.7535 0.0906 0.1145 b 0.1430 1.0035 1.1206 2.1291 0.2460 0.1521 0.3554 0.0000 0.0000 0.0000 0.0000 0.0000 0.0000 
main 4.0000 7.0000 44.0000 4.0000 0.0000 4.0000 3.0000 1.0000 0.0514 0.2510 0.7529 0.0349 0.0588 b 0.1640 1.0029 1.3513 2.3618 0.2670 0.2924 0.1935 0.0000 0.0000 0.0000 0.0000 0.0000 0.0000 
main 4.0000 7.0000 3.0000 4.0000 0.0000 4.0000 3.0000 2.0000 0.0929 0.2509 0.7526 0.0906 0.1145 b 0.1570 1.0026 1.4839 2.4949 0.1574 0.3432 0.2519 0.0000 0.0000 0.0000 0.0000 0.0000 0.0000 
main 4.0000 7.0000 29.0000 6.0000 0.0000 6.0000 5.0000 1.0000 0.0538 0.2503 1.2515 0.0349 0.0588 b 0.1240 1.5015 1.2337 2.7436 0.2452 0.3090 0.2829 0.2482 0.1663 0.0000 0.0000 0.0000 0.0000 
main 4.0000 7.0000 13.0000 8.0000 1.0000 8.0000 7.0000 0.0000 0.0000 0.2500 1.7500 0.0000 0.0000 b 0.1700 2.0000 1.3972 3.3922 0.2500 0.2500 0.2500 0.2500 0.2500 0.2500 0.2500 0.0000 0.0000 
main 4.0000 7.0000 2.0000 4.0000 0.0000 4.0000 3.0000 1.0000 0.0425 0.2497 0.7492 0.0349 0.0588 b 0.1490 0.9992 1.3920 2.3915 0.2036 0.2584 0.2872 0.0000 0.0000 0.0000 0.0000 0.0000 0.0000 
main 4.0000 7.0000 15.0000 8.0000 1.0000 8.0000 7.0000 2.0000 0.0934 0.2496 1.7473 0.0906 0.1145 b 0.1080 1.9973 1.1508 3.1396 0.3641 0.1764 0.3804 0.1713 0.2238 0.1537 0.2776 0.0000 0.0000 
main 4.0000 7.0000 48.0000 5.0000 0.0000 5.0000 4.0000 2.0000 0.0911 0.2504 1.0014 0.0906 0.1145 b 0.1520 1.2514 1.0507 2.2935 0.1927 0.3507 0.1562 0.3018 0.0000 0.0000 0.0000 0.0000 0.0000 
main 4.0000 7.0000 9.0000 6.0000 0.0000 6.0000 5.0000 2.0000 0.0941 0.2498 1.2491 0.0906 0.1145 b 0.1610 1.4991 1.4505 2.9413 0.1640 0.3543 0.1739 0.3480 0.2088 0.0000 0.0000 0.0000 0.0000 
main 4.0000 8.0000 45.0000 4.0000 0.0000 4.0000 3.0000 2.0000 0.0968 0.2503 0.7510 0.0906 0.1145 b 0.1980 1.0010 1.1982 2.2101 0.3458 0.1522 0.2531 0.0000 0.0000 0.0000 0.0000 0.0000 0.0000 
main 4.0000 8.0000 11.0000 7.0000 1.0000 7.0000 6.0000 1.0000 0.0564 0.2505 1.5030 0.0349 0.0588 b 0.1240 1.7530 1.1736 2.9287 0.2498 0.1920 0.2526 0.1853 0.2924 0.3309 0.0000 0.0000 0.0000 
main 4.0000 8.0000 4.0000 5.0000 0.0000 5.0000 4.0000 0.0000 0.0000 0.2500 1.0000 0.0000 0.0000 b 0.1780 1.2500 1.1309 2.3921 0.2500 0.2500 0.2500 0.2500 0.0000 0.0000 0.0000 0.0000 0.0000 
main 4.0000 8.0000 32.0000 7.0000 1.0000 7.0000 6.0000 1.0000 0.0433 0.2492 1.4951 0.0349 0.0588 b 0.1580 1.7451 1.2158 2.9705 0.2061 0.2703 0.2280 0.3139 0.2716 0.2052 0.0000 0.0000 0.0000 
main 4.0000 8.0000 23.0000 4.0000 0.0000 4.0000 3.0000 1.0000 0.0467 0.2502 0.7507 0.0349 0.0588 b 0.1870 1.0007 1.1721 2.1763 0.2445 0.2067 0.2995 0.0000 0.0000 0.0000 0.0000 0.0000 0.0000 
main 4.0000 8.0000 9.0000 6.0000 0.0000 6.0000 5.0000 2.0000 0.0915 0.2501 1.2505 0.0906 0.1145 b 0.1550 1.5005 1.3925 2.8914 0.3533 0.1746 0.2047 0.1726 0.3453 0.0000 0.0000 0.0000 0.0000 
main 4.0000 8.0000 29.0000 6.0000 0.0000 6.0000 5.0000 1.0000 0.0497 0.2500 1.2500 0.0349 0.0588 b 0.1670 1.5000 1.3209 2.8256 0.2230 0.2709 0.2242 0.3273 0.2046 0.0000 0.0000 0.0000 0.0000 
main 4.0000 8.0000 1.0000 4.0000 0.0000 4.0000 3.0000 0.0000 0.0000 0.2500 0.7500 0.0000 0.0000 b 0.1460 1.0000 1.4281 2.4258 0.2500 0.2500 0.2500 0.0000 0.0000 0.0000 0.0000 0.0000 0.0000 
main 4.0000 8.0000 24.0000 4.0000 0.0000 4.0000 3.0000 2.0000 0.0932 0.2506 0.7519 0.0906 0.1145 b 0.1670 1.0019 1.3846 2.3941 0.2639 0.3365 0.1515 0.0000 0.0000 0.0000 0.0000 0.0000 0.0000 
main 4.0000 8.0000 51.0000 6.0000 0.0000 6.0000 5.0000 2.0000 0.0928 0.2494 1.2469 0.0906 0.1145 b 0.1560 1.4969 1.2625 2.7559 0.1954 0.3458 0.1919 0.1599 0.3539 0.0000 0.0000 0.0000 0.0000 
main 4.0000 8.0000 20.0000 10.0000 2.0000 10.0000 9.0000 1.0000 0.0538 0.2497 2.2474 0.0349 0.0588 b 0.1600 2.4974 1.2748 3.7730 0.1810 0.2282 0.3288 0.2861 0.2373 0.2965 0.1999 0.2975 0.1921 
main 4.0000 8.0000 49.0000 6.0000 0.0000 6.0000 5.0000 0.0000 0.0000 0.2500 1.2500 0.0000 0.0000 b 0.1680 1.5000 1.4045 2.9090 0.2500 0.2500 0.2500 0.2500 0.2500 0.0000 0.0000 0.0000 0.0000 
main 4.0000 8.0000 47.0000 5.0000 0.0000 5.0000 4.0000 1.0000 0.0422 0.2504 1.0016 0.0349 0.0588 b 0.1640 1.2516 1.3846 2.6273 0.1967 0.2858 0.2368 0.2823 0.0000 0.0000 0.0000 0.0000 0.0000 
main 4.0000 8.0000 31.0000 7.0000 1.0000 7.0000 6.0000 0.0000 0.0000 0.2500 1.5000 0.0000 0.0000 b 0.1310 1.7500 1.4173 3.1590 0.2500 0.2500 0.2500 0.2500 0.2500 0.2500 0.0000 0.0000 0.0000 
main 4.0000 8.0000 14.0000 8.0000 1.0000 8.0000 7.0000 1.0000 0.0495 0.2503 1.7518 0.0349 0.0588 b 0.1590 2.0018 1.2881 3.2776 0.2728 0.1935 0.2285 0.3270 0.2945 0.2012 0.2344 0.0000 0.0000 
main 4.0000 8.0000 54.0000 7.0000 1.0000 7.0000 6.0000 2.0000 0.0916 0.2504 1.5024 0.0906 0.1145 b 0.1290 1.7524 1.3415 3.0946 0.3969 0.1562 0.3033 0.2717 0.2000 0.1742 0.0000 0.0000 0.0000 
main 4.0000 8.0000 59.0000 9.0000 1.0000 9.0000 8.0000 1.0000 0.0518 0.2497 1.9975 0.0349 0.0588 b 0.1050 2.2475 1.0756 3.3231 0.2821 0.2120 0.1546 0.2523 0.2223 0.2981 0.2635 0.3125 0.0000 
main 4.0000 8.0000 27.0000 5.0000 0.0000 5.0000 4.0000 2.0000 0.0918 0.2506 1.0026 0.0906 0.1145 b 0.1500 1.2526 1.1221 2.3780 0.1980 0.3811 0.1767 0.2469 0.0000 0.0000 0.0000 0.0000 0.0000 
main 4.0000 8.0000 28.0000 6.0000 0.0000 6.0000 5.0000 0.0000 0.0000 0.2500 1.2500 0.0000 0.0000 b 0.1500 1.5000 1.3604 2.8756 0.2500 0.2500 0.2500 0.2500 0.2500 0.0000 0.0000 0.0000 0.0000 
main 4.0000 8.0000 43.0000 4.0000 0.0000 4.0000 3.0000 0.0000 0.0000 0.2500 0.7500 0.0000 0.0000 b 0.1760 1.0000 1.2947 2.3090 0.2500 0.2500 0.2500 0.0000 0.0000 0.0000 0.0000 0.0000 0.0000 
main 4.0000 8.0000 18.0000 9.0000 1.0000 9.0000 8.0000 2.0000 0.1004 0.2505 2.0037 0.0906 0.1145 b 0.3660 2.2537 1.4178 3.6792 0.2552 0.1543 0.3520 0.1839 0.1542 0.3697 0.1612 0.3732 0.0000 
main 4.0000 8.0000 61.0000 10.0000 2.0000 10.0000 9.0000 0.0000 0.0000 0.2500 2.2500 0.0000 0.0000 b 0.1450 2.5000 1.1075 3.6088 0.2500 0.2500 0.2500 0.2500 0.2500 0.2500 0.2500 0.2500 0.2500 
main 4.0000 8.0000 42.0000 10.0000 2.0000 10.0000 9.0000 2.0000 0.0969 0.2503 2.2528 0.0906 0.1145 b 0.1790 2.5028 1.1636 3.6616 0.1958 0.1572 0.2251 0.3189 0.1533 0.3887 0.1556 0.2648 0.3933 
main 4.0000 8.0000 46.0000 5.0000 0.0000 5.0000 4.0000 0.0000 0.0000 0.2500 1.0000 0.0000 0.0000 b 0.1800 1.2500 1.3935 2.6424 0.2500 0.2500 0.2500 0.2500 0.0000 0.0000 0.0000 0.0000 0.0000 
main 4.0000 8.0000 16.0000 9.0000 1.0000 9.0000 8.0000 0.0000 0.0000 0.2500 2.0000 0.0000 0.0000 b 0.1290 2.2500 1.1146 3.3588 0.2500 0.2500 0.2500 0.2500 0.2500 0.2500 0.2500 0.2500 0.0000 
main 4.0000 8.0000 38.0000 9.0000 1.0000 9.0000 8.0000 1.0000 0.0450 0.2503 2.0020 0.0349 0.0588 b 0.1520 2.2520 1.3142 3.5610 0.2485 0.2811 0.3216 0.2714 0.1942 0.2614 0.1849 0.2388 0.0000 
main 4.0000 8.0000 48.0000 5.0000 0.0000 5.0000 4.0000 2.0000 0.1143 0.2505 1.0021 0.0906 0.1145 b 0.2180 1.2521 1.0209 2.2774 0.1545 0.3796 0.3138 0.1542 0.0000 0.0000 0.0000 0.0000 0.0000 
main 4.0000 8.0000 22.0000 4.0000 0.0000 4.0000 3.0000 0.0000 0.0000 0.2500 0.7500 0.0000 0.0000 b 0.1550 1.0000 1.2574 2.2590 0.2500 0.2500 0.2500 0.0000 0.0000 0.0000 0.0000 0.0000 0.0000 
main 4.0000 8.0000 50.0000 6.0000 0.0000 6.0000 5.0000 1.0000 0.0522 0.2501 1.2503 0.0349 0.0588 b 0.1300 1.5003 1.2326 2.7258 0.2855 0.2130 0.1865 0.3150 0.2503 0.0000 0.0000 0.0000 0.0000 
main 4.0000 8.0000 17.0000 9.0000 1.0000 9.0000 8.0000 1.0000 0.0514 0.2504 2.0029 0.0349 0.0588 b 0.1540 2.2529 1.2697 3.5120 0.3203 0.2416 0.2745 0.2052 0.1653 0.2291 0.2608 0.3061 0.0000 
main 4.0000 8.0000 10.0000 7.0000 1.0000 7.0000 6.0000 0.0000 0.0000 0.2500 1.5000 0.0000 0.0000 b 0.1370 1.7500 1.0589 2.8089 0.2500 0.2500 0.2500 0.2500 0.2500 0.2500 0.0000 0.0000 0.0000 
main 4.0000 8.0000 37.0000 9.0000 1.0000 9.0000 8.0000 0.0000 0.0000 0.2500 2.0000 0.0000 0.0000 b 0.1310 2.2500 1.4200 3.6590 0.2500 0.2500 0.2500 0.2500 0.2500 0.2500 0.2500 0.2500 0.0000 
main 4.0000 8.0000 3.0000 4.0000 0.0000 4.0000 3.0000 2.0000 0.1072 0.2504 0.7512 0.0906 0.1145 b 0.1780 1.0012 1.3687 2.3769 0.2129 0.3713 0.1670 0.0000 0.0000 0.0000 0.0000 0.0000 0.0000 
main 4.0000 8.0000 53.0000 7.0000 1.0000 7.0000 6.0000 1.0000 0.0584 0.2492 1.4953 0.0349 0.0588 b 0.1500 1.7453 1.4417 3.1878 0.3306 0.1523 0.2364 0.2718 0.2392 0.2651 0.0000 0.0000 0.0000 
main 4.0000 8.0000 56.0000 8.0000 1.0000 8.0000 7.0000 1.0000 0.0543 0.2493 1.7451 0.0349 0.0588 b 0.1900 1.9951 1.2452 3.2540 0.2220 0.2834 0.3376 0.2445 0.1732 0.2100 0.2744 0.0000 0.0000 
main 4.0000 8.0000 7.0000 6.0000 0.0000 6.0000 5.0000 0.0000 0.0000 0.2500 1.2500 0.0000 0.0000 b 0.1700 1.5000 1.0620 2.5755 0.2500 0.2500 0.2500 0.2500 0.2500 0.0000 0.0000 0.0000 0.0000 
main 4.0000 8.0000 34.0000 8.0000 1.0000 8.0000 7.0000 0.0000 0.0000 0.2500 1.7500 0.0000 0.0000 b 0.0860 2.0000 1.3723 3.3758 0.2500 0.2500 0.2500 0.2500 0.2500 0.2500 0.2500 0.0000 0.0000 
main 4.0000 8.0000 6.0000 5.0000 0.0000 5.0000 4.0000 2.0000 0.1005 0.2504 1.0014 0.0906 0.1145 b 0.1620 1.2514 1.2373 2.4936 0.3975 0.2060 0.1726 0.2253 0.0000 0.0000 0.0000 0.0000 0.0000 
main 4.0000 8.0000 40.0000 10.0000 2.0000 10.0000 9.0000 0.0000 0.0000 0.2500 2.2500 0.0000 0.0000 b 0.1380 2.5000 1.0005 3.5088 0.2500 0.2500 0.2500 0.2500 0.2500 0.2500 0.2500 0.2500 0.2500 
main 4.0000 8.0000 21.0000 10.0000 2.0000 10.0000 9.0000 2.0000 0.0912 0.2504 2.2533 0.0906 0.1145 b 0.1520 2.5033 1.1933 3.6954 0.2090 0.1586 0.2195 0.1560 0.3797 0.2299 0.3973 0.1894 0.3139 
main 4.0000 8.0000 19.0000 10.0000 2.0000 10.0000 9.0000 0.0000 0.0000 0.2500 2.2500 0.0000 0.0000 b 0.1410 2.5000 1.0861 3.5921 0.2500 0.2500 0.2500 0.2500 0.2500 0.2500 0.2500 0.2500 0.2500 
main 4.0000 8.0000 25.0000 5.0000 0.0000 5.0000 4.0000 0.0000 0.0000 0.2500 1.0000 0.0000 0.0000 b 0.1800 1.2500 1.1192 2.3755 0.2500 0.2500 0.2500 0.2500 0.0000 0.0000 0.0000 0.0000 0.0000 
main 4.0000 8.0000 13.0000 8.0000 1.0000 8.0000 7.0000 0.0000 0.0000 0.2500 1.7500 0.0000 0.0000 b 0.1270 2.0000 1.1559 3.1590 0.2500 0.2500 0.2500 0.2500 0.2500 0.2500 0.2500 0.0000 0.0000 
main 4.0000 8.0000 41.0000 10.0000 2.0000 10.0000 9.0000 1.0000 0.0513 0.2497 2.2476 0.0349 0.0588 b 0.1730 2.4976 1.1038 3.6064 0.2383 0.2858 0.2242 0.3252 0.2274 0.3186 0.2102 0.1691 0.2488 
main 4.0000 8.0000 5.0000 5.0000 0.0000 5.0000 4.0000 1.0000 0.0455 0.2489 0.9958 0.0349 0.0588 b 0.2200 1.2458 1.0726 2.3213 0.2257 0.1981 0.2731 0.2989 0.0000 0.0000 0.0000 0.0000 0.0000 
main 4.0000 8.0000 63.0000 10.0000 2.0000 10.0000 9.0000 2.0000 0.0907 0.2497 2.2474 0.0906 0.1145 b 0.1750 2.4974 1.0076 3.5063 0.1569 0.1841 0.2848 0.2138 0.3920 0.2444 0.1593 0.3942 0.2180 
main 4.0000 8.0000 58.0000 9.0000 1.0000 9.0000 8.0000 0.0000 0.0000 0.2500 2.0000 0.0000 0.0000 b 0.1300 2.2500 1.4510 3.6925 0.2500 0.2500 0.2500 0.2500 0.2500 0.2500 0.2500 0.2500 0.0000 
main 4.0000 8.0000 62.0000 10.0000 2.0000 10.0000 9.0000 1.0000 0.0498 0.2498 2.2486 0.0349 0.0588 b 0.1460 2.4986 1.0179 3.5074 0.3471 0.2205 0.2767 0.1982 0.2636 0.2356 0.2919 0.1940 0.2211 
main 4.0000 8.0000 8.0000 6.0000 0.0000 6.0000 5.0000 1.0000 0.0573 0.2507 1.2534 0.0349 0.0588 b 0.1160 1.5034 1.1920 2.6957 0.2488 0.1800 0.3308 0.2758 0.2180 0.0000 0.0000 0.0000 0.0000 
main 4.0000 8.0000 55.0000 8.0000 1.0000 8.0000 7.0000 0.0000 0.0000 0.2500 1.7500 0.0000 0.0000 b 0.1540 2.0000 1.3173 3.3257 0.2500 0.2500 0.2500 0.2500 0.2500 0.2500 0.2500 0.0000 0.0000 
main 4.0000 8.0000 30.0000 6.0000 0.0000 6.0000 5.0000 2.0000 0.0967 0.2491 1.2457 0.0906 0.1145 b 0.1540 1.4957 1.2315 2.7380 0.1629 0.2365 0.3961 0.2843 0.1658 0.0000 0.0000 0.0000 0.0000 
main 4.0000 8.0000 15.0000 8.0000 1.0000 8.0000 7.0000 2.0000 0.0971 0.2501 1.7510 0.0906 0.1145 b 0.1670 2.0010 1.3090 3.3101 0.2203 0.1523 0.3081 0.1599 0.3442 0.1746 0.3917 0.0000 0.0000 
main 4.0000 8.0000 57.0000 8.0000 1.0000 8.0000 7.0000 2.0000 0.0945 0.2494 1.7459 0.0906 0.1145 b 0.1440 1.9959 1.4574 3.4548 0.1538 0.3340 0.1584 0.3689 0.3250 0.2510 0.1547 0.0000 0.0000 
main 4.0000 8.0000 12.0000 7.0000 1.0000 7.0000 6.0000 2.0000 0.0936 0.2496 1.4974 0.0906 0.1145 b 0.1720 1.7474 1.2802 3.0230 0.3711 0.1546 0.2472 0.1639 0.2070 0.3537 0.0000 0.0000 0.0000 
main 4.0000 8.0000 39.0000 9.0000 1.0000 9.0000 8.0000 2.0000 0.0984 0.2496 1.9970 0.0906 0.1145 b 0.1590 2.2470 1.3364 3.5894 0.3635 0.3895 0.1656 0.3418 0.1662 0.2221 0.1916 0.1566 0.0000 
main 4.0000 8.0000 26.0000 5.0000 0.0000 5.0000 4.0000 1.0000 0.0562 0.2499 0.9995 0.0349 0.0588 b 0.1850 1.2495 1.0270 2.2749 0.2561 0.3234 0.2304 0.1895 0.0000 0.0000 0.0000 0.0000 0.0000 
main 4.0000 8.0000 60.0000 9.0000 1.0000 9.0000 8.0000 2.0000 0.0935 0.2506 2.0045 0.0906 0.1145 b 0.1730 2.2545 1.0390 3.2966 0.2340 0.1732 0.3985 0.1675 0.3814 0.2662 0.1608 0.2229 0.0000 
main 4.0000 8.0000 36.0000 8.0000 1.0000 8.0000 7.0000 2.0000 0.0932 0.2493 1.7450 0.0906 0.1145 b 0.1680 1.9950 1.2278 3.2207 0.3991 0.1513 0.1951 0.2451 0.3342 0.2686 0.1516 0.0000 0.0000 
main 4.0000 8.0000 2.0000 4.0000 0.0000 4.0000 3.0000 1.0000 0.0540 0.2484 0.7451 0.0349 0.0588 b 0.2120 0.9951 1.4368 2.4209 0.2804 0.1860 0.2787 0.0000 0.0000 0.0000 0.0000 0.0000 0.0000 
main 4.0000 8.0000 33.0000 7.0000 1.0000 7.0000 6.0000 2.0000 0.0954 0.2506 1.5033 0.0906 0.1145 b 0.1690 1.7533 1.1871 2.9288 0.1614 0.2283 0.1747 0.2045 0.3985 0.3359 0.0000 0.0000 0.0000 
main 4.0000 8.0000 35.0000 8.0000 1.0000 8.0000 7.0000 1.0000 0.0571 0.2502 1.7515 0.0349 0.0588 b 0.1310 2.0015 1.2285 3.2271 0.3234 0.1518 0.2020 0.2559 0.2878 0.2524 0.2782 0.0000 0.0000 
main 4.0000 8.0000 52.0000 7.0000 1.0000 7.0000 6.0000 0.0000 0.0000 0.2500 1.5000 0.0000 0.0000 b 0.1760 1.7500 1.4727 3.2090 0.2500 0.2500 0.2500 0.2500 0.2500 0.2500 0.0000 0.0000 0.0000 
main 4.0000 8.0000 44.0000 4.0000 0.0000 4.0000 3.0000 1.0000 0.0546 0.2490 0.7471 0.0349 0.0588 b 0.2020 0.9971 1.3544 2.3394 0.1905 0.2581 0.2985 0.0000 0.0000 0.0000 0.0000 0.0000 0.0000 
