group subNo block index seqDur shortLong nTargets nIOI rhythmicVarTAG seqSTD seqMeanIOI seqSumIOI Lowbound Upbound pressedKey rt seqDuration startInterval trialDuration IOI1 IOI2 IOI3 IOI4 IOI5 IOI6 IOI7 IOI8 IOI9 
main 11.0000 1.0000 32.0000 7.0000 1.0000 7.0000 6.0000 1.0000 0.0562 0.2502 1.5012 0.0349 0.0588 b 0.1890 1.7512 1.1600 1.1517 0.2568 0.2124 0.1683 0.2542 0.3333 0.2763 0.0000 0.0000 0.0000 
main 11.0000 1.0000 2.0000 4.0000 0.0000 4.0000 3.0000 1.0000 0.0526 0.2486 0.7459 0.0349 0.0588 b 0.2810 0.9959 1.0282 1.0198 0.1972 0.2465 0.3023 0.0000 0.0000 0.0000 0.0000 0.0000 0.0000 
main 11.0000 1.0000 9.0000 6.0000 0.0000 6.0000 5.0000 2.0000 0.0908 0.2505 1.2527 0.0906 0.1145 b 0.1600 1.5027 1.2969 1.2885 0.2683 0.2234 0.3979 0.1632 0.1998 0.0000 0.0000 0.0000 0.0000 
main 11.0000 1.0000 19.0000 10.0000 2.0000 10.0000 9.0000 0.0000 0.0000 0.2500 2.2500 0.0000 0.0000 b 0.1660 2.5000 1.4745 1.4661 0.2500 0.2500 0.2500 0.2500 0.2500 0.2500 0.2500 0.2500 0.2500 
main 11.0000 1.0000 11.0000 7.0000 1.0000 7.0000 6.0000 1.0000 0.0566 0.2496 1.4975 0.0349 0.0588 b 0.1470 1.7475 1.3985 1.3901 0.2373 0.2876 0.2059 0.1664 0.3160 0.2842 0.0000 0.0000 0.0000 
main 11.0000 1.0000 59.0000 9.0000 1.0000 9.0000 8.0000 1.0000 0.0518 0.2500 2.0001 0.0349 0.0588 b 0.1710 2.2501 1.4822 1.4739 0.1972 0.3294 0.1830 0.2160 0.2603 0.2345 0.2729 0.3067 0.0000 
main 11.0000 1.0000 55.0000 8.0000 1.0000 8.0000 7.0000 0.0000 0.0000 0.2500 1.7500 0.0000 0.0000 b 0.1430 2.0000 1.2527 1.2443 0.2500 0.2500 0.2500 0.2500 0.2500 0.2500 0.2500 0.0000 0.0000 
main 11.0000 1.0000 60.0000 9.0000 1.0000 9.0000 8.0000 2.0000 0.1022 0.2494 1.9954 0.0906 0.1145 b 0.1720 2.2454 1.0748 1.0665 0.1510 0.3185 0.1743 0.3986 0.1708 0.1990 0.3876 0.1956 0.0000 
main 11.0000 1.0000 46.0000 5.0000 0.0000 5.0000 4.0000 0.0000 0.0000 0.2500 1.0000 0.0000 0.0000 b 0.1700 1.2500 1.3277 1.3194 0.2500 0.2500 0.2500 0.2500 0.0000 0.0000 0.0000 0.0000 0.0000 
main 11.0000 1.0000 17.0000 9.0000 1.0000 9.0000 8.0000 1.0000 0.0545 0.2505 2.0037 0.0349 0.0588 b 0.1070 2.2537 1.0874 1.0791 0.3137 0.2606 0.2251 0.2660 0.3325 0.2320 0.1690 0.2049 0.0000 
main 11.0000 1.0000 54.0000 7.0000 1.0000 7.0000 6.0000 2.0000 0.0915 0.2507 1.5044 0.0906 0.1145 b 0.1780 1.7544 1.0041 0.9957 0.1629 0.3338 0.1911 0.3834 0.2601 0.1732 0.0000 0.0000 0.0000 
main 11.0000 1.0000 62.0000 10.0000 2.0000 10.0000 9.0000 1.0000 0.0483 0.2503 2.2529 0.0349 0.0588 b 0.1240 2.5029 1.2880 1.2796 0.2242 0.3108 0.2054 0.2316 0.3191 0.2568 0.1727 0.2845 0.2476 
main 11.0000 1.0000 44.0000 4.0000 0.0000 4.0000 3.0000 1.0000 0.0506 0.2505 0.7515 0.0349 0.0588 b 0.2240 1.0015 1.4596 1.4513 0.2393 0.2065 0.3057 0.0000 0.0000 0.0000 0.0000 0.0000 0.0000 
main 11.0000 1.0000 51.0000 6.0000 0.0000 6.0000 5.0000 2.0000 0.0925 0.2491 1.2454 0.0906 0.1145 b 0.1650 1.4954 1.0178 1.0094 0.1737 0.2377 0.1732 0.3990 0.2619 0.0000 0.0000 0.0000 0.0000 
main 11.0000 1.0000 20.0000 10.0000 2.0000 10.0000 9.0000 1.0000 0.0450 0.2495 2.2453 0.0349 0.0588 b 0.1240 2.4953 1.2001 1.1918 0.2302 0.1941 0.2656 0.2939 0.1983 0.2463 0.3243 0.2125 0.2802 
main 11.0000 1.0000 31.0000 7.0000 1.0000 7.0000 6.0000 0.0000 0.0000 0.2500 1.5000 0.0000 0.0000 b 0.1640 1.7500 1.2306 1.2222 0.2500 0.2500 0.2500 0.2500 0.2500 0.2500 0.0000 0.0000 0.0000 
main 11.0000 1.0000 33.0000 7.0000 1.0000 7.0000 6.0000 2.0000 0.1001 0.2494 1.4964 0.0906 0.1145 b 0.1620 1.7464 1.3832 1.3749 0.2095 0.1523 0.3553 0.1524 0.2419 0.3850 0.0000 0.0000 0.0000 
main 11.0000 1.0000 4.0000 5.0000 0.0000 5.0000 4.0000 0.0000 0.0000 0.2500 1.0000 0.0000 0.0000 b 0.2130 1.2500 1.3991 1.3908 0.2500 0.2500 0.2500 0.2500 0.0000 0.0000 0.0000 0.0000 0.0000 
main 11.0000 1.0000 57.0000 8.0000 1.0000 8.0000 7.0000 2.0000 0.1034 0.2507 1.7549 0.0906 0.1145 b 0.2060 2.0049 1.4595 1.4512 0.1928 0.3881 0.1546 0.1814 0.2696 0.1719 0.3965 0.0000 0.0000 
main 11.0000 1.0000 23.0000 4.0000 0.0000 4.0000 3.0000 1.0000 0.0520 0.2509 0.7528 0.0349 0.0588 b 0.2390 1.0028 1.2766 1.2682 0.1940 0.2627 0.2960 0.0000 0.0000 0.0000 0.0000 0.0000 0.0000 
main 11.0000 1.0000 13.0000 8.0000 1.0000 8.0000 7.0000 0.0000 0.0000 0.2500 1.7500 0.0000 0.0000 b 0.1500 2.0000 1.2630 1.2547 0.2500 0.2500 0.2500 0.2500 0.2500 0.2500 0.2500 0.0000 0.0000 
main 11.0000 1.0000 50.0000 6.0000 0.0000 6.0000 5.0000 1.0000 0.0567 0.2503 1.2515 0.0349 0.0588 b 0.1560 1.5015 1.0831 1.0747 0.3226 0.2413 0.2163 0.1811 0.2903 0.0000 0.0000 0.0000 0.0000 
main 11.0000 1.0000 8.0000 6.0000 0.0000 6.0000 5.0000 1.0000 0.0551 0.2502 1.2510 0.0349 0.0588 b 0.1370 1.5010 1.4611 1.4528 0.3097 0.2444 0.3019 0.2106 0.1845 0.0000 0.0000 0.0000 0.0000 
main 11.0000 1.0000 25.0000 5.0000 0.0000 5.0000 4.0000 0.0000 0.0000 0.2500 1.0000 0.0000 0.0000 b 0.1880 1.2500 1.0655 1.0572 0.2500 0.2500 0.2500 0.2500 0.0000 0.0000 0.0000 0.0000 0.0000 
main 11.0000 1.0000 5.0000 5.0000 0.0000 5.0000 4.0000 1.0000 0.0569 0.2504 1.0015 0.0349 0.0588 b 0.1990 1.2515 1.3814 1.3731 0.2934 0.1690 0.2540 0.2852 0.0000 0.0000 0.0000 0.0000 0.0000 
main 11.0000 1.0000 49.0000 6.0000 0.0000 6.0000 5.0000 0.0000 0.0000 0.2500 1.2500 0.0000 0.0000 b 0.1540 1.5000 1.2456 1.2372 0.2500 0.2500 0.2500 0.2500 0.2500 0.0000 0.0000 0.0000 0.0000 
main 11.0000 1.0000 12.0000 7.0000 1.0000 7.0000 6.0000 2.0000 0.0962 0.2506 1.5038 0.0906 0.1145 b 0.1630 1.7538 1.2885 1.2802 0.2626 0.1508 0.1918 0.3836 0.1711 0.3439 0.0000 0.0000 0.0000 
main 11.0000 1.0000 41.0000 10.0000 2.0000 10.0000 9.0000 1.0000 0.0517 0.2504 2.2540 0.0349 0.0588 b 0.1580 2.5040 1.4678 1.4594 0.2267 0.1560 0.2653 0.3160 0.2177 0.2736 0.2204 0.3199 0.2582 
main 11.0000 1.0000 40.0000 10.0000 2.0000 10.0000 9.0000 0.0000 0.0000 0.2500 2.2500 0.0000 0.0000 b 0.1470 2.5000 1.0610 1.0527 0.2500 0.2500 0.2500 0.2500 0.2500 0.2500 0.2500 0.2500 0.2500 
main 11.0000 1.0000 27.0000 5.0000 0.0000 5.0000 4.0000 2.0000 0.1016 0.2505 1.0019 0.0906 0.1145 b 0.2210 1.2519 1.4465 1.4382 0.3736 0.1740 0.2938 0.1606 0.0000 0.0000 0.0000 0.0000 0.0000 
main 11.0000 1.0000 24.0000 4.0000 0.0000 4.0000 3.0000 2.0000 0.0968 0.2500 0.7500 0.0906 0.1145 b 0.2180 1.0000 1.3485 1.3402 0.2040 0.3613 0.1847 0.0000 0.0000 0.0000 0.0000 0.0000 0.0000 
main 11.0000 1.0000 26.0000 5.0000 0.0000 5.0000 4.0000 1.0000 0.0387 0.2507 1.0027 0.0349 0.0588 b 0.2100 1.2527 1.2099 1.2016 0.2117 0.2411 0.3041 0.2458 0.0000 0.0000 0.0000 0.0000 0.0000 
main 11.0000 1.0000 28.0000 6.0000 0.0000 6.0000 5.0000 0.0000 0.0000 0.2500 1.2500 0.0000 0.0000 b 0.1620 1.5000 1.0272 1.0189 0.2500 0.2500 0.2500 0.2500 0.2500 0.0000 0.0000 0.0000 0.0000 
main 11.0000 1.0000 53.0000 7.0000 1.0000 7.0000 6.0000 1.0000 0.0583 0.2497 1.4983 0.0349 0.0588 b 0.1470 1.7483 1.3396 1.3313 0.2505 0.2194 0.2576 0.3518 0.1752 0.2437 0.0000 0.0000 0.0000 
main 11.0000 1.0000 37.0000 9.0000 1.0000 9.0000 8.0000 0.0000 0.0000 0.2500 2.0000 0.0000 0.0000 b 0.1560 2.2500 1.3829 1.3745 0.2500 0.2500 0.2500 0.2500 0.2500 0.2500 0.2500 0.2500 0.0000 
main 11.0000 1.0000 1.0000 4.0000 0.0000 4.0000 3.0000 0.0000 0.0000 0.2500 0.7500 0.0000 0.0000 b 0.2590 1.0000 1.4060 1.3977 0.2500 0.2500 0.2500 0.0000 0.0000 0.0000 0.0000 0.0000 0.0000 
main 11.0000 1.0000 10.0000 7.0000 1.0000 7.0000 6.0000 0.0000 0.0000 0.2500 1.5000 0.0000 0.0000 b 0.1650 1.7500 1.4100 1.4016 0.2500 0.2500 0.2500 0.2500 0.2500 0.2500 0.0000 0.0000 0.0000 
main 11.0000 1.0000 35.0000 8.0000 1.0000 8.0000 7.0000 1.0000 0.0466 0.2506 1.7544 0.0349 0.0588 b 0.1690 2.0044 1.2077 1.1994 0.2112 0.2840 0.2020 0.2906 0.1938 0.3038 0.2689 0.0000 0.0000 
main 11.0000 1.0000 42.0000 10.0000 2.0000 10.0000 9.0000 2.0000 0.0950 0.2496 2.2463 0.0906 0.1145 b 0.2120 2.4963 1.4902 1.4819 0.2104 0.1812 0.3863 0.1637 0.2650 0.3883 0.1773 0.3231 0.1508 
main 11.0000 1.0000 16.0000 9.0000 1.0000 9.0000 8.0000 0.0000 0.0000 0.2500 2.0000 0.0000 0.0000 b 0.1770 2.2500 1.0776 1.0693 0.2500 0.2500 0.2500 0.2500 0.2500 0.2500 0.2500 0.2500 0.0000 
main 11.0000 1.0000 47.0000 5.0000 0.0000 5.0000 4.0000 1.0000 0.0581 0.2510 1.0038 0.0349 0.0588 b 0.2160 1.2538 1.2925 1.2842 0.2358 0.1771 0.3113 0.2796 0.0000 0.0000 0.0000 0.0000 0.0000 
main 11.0000 1.0000 21.0000 10.0000 2.0000 10.0000 9.0000 2.0000 0.0923 0.2498 2.2480 0.0906 0.1145 b 0.2130 2.4980 1.3719 1.3636 0.3090 0.1612 0.2681 0.1577 0.3861 0.1686 0.2596 0.1641 0.3735 
main 11.0000 1.0000 63.0000 10.0000 2.0000 10.0000 9.0000 2.0000 0.0941 0.2503 2.2525 0.0906 0.1145 b 0.1690 2.5025 1.4221 1.4138 0.2635 0.3426 0.2346 0.3795 0.1510 0.3734 0.1786 0.1504 0.1790 
main 11.0000 1.0000 38.0000 9.0000 1.0000 9.0000 8.0000 1.0000 0.0443 0.2498 1.9982 0.0349 0.0588 b 0.2090 2.2482 1.3801 1.3717 0.2030 0.2305 0.2988 0.2275 0.3031 0.2682 0.1859 0.2812 0.0000 
main 11.0000 1.0000 58.0000 9.0000 1.0000 9.0000 8.0000 0.0000 0.0000 0.2500 2.0000 0.0000 0.0000 b 0.2030 2.2500 1.3247 1.3163 0.2500 0.2500 0.2500 0.2500 0.2500 0.2500 0.2500 0.2500 0.0000 
main 11.0000 1.0000 43.0000 4.0000 0.0000 4.0000 3.0000 0.0000 0.0000 0.2500 0.7500 0.0000 0.0000 b 0.2290 1.0000 1.2753 1.2670 0.2500 0.2500 0.2500 0.0000 0.0000 0.0000 0.0000 0.0000 0.0000 
main 11.0000 1.0000 15.0000 8.0000 1.0000 8.0000 7.0000 2.0000 0.0914 0.2503 1.7518 0.0906 0.1145 b 0.1760 2.0018 1.1537 1.1454 0.3720 0.1571 0.1830 0.2514 0.1542 0.3615 0.2726 0.0000 0.0000 
main 11.0000 1.0000 3.0000 4.0000 0.0000 4.0000 3.0000 2.0000 0.1079 0.2508 0.7525 0.0906 0.1145 b 0.3240 1.0025 1.3779 1.3695 0.2314 0.1540 0.3671 0.0000 0.0000 0.0000 0.0000 0.0000 0.0000 
main 11.0000 1.0000 6.0000 5.0000 0.0000 5.0000 4.0000 2.0000 0.0911 0.2490 0.9959 0.0906 0.1145 b 0.2290 1.2459 1.4829 1.4745 0.1839 0.3770 0.1838 0.2512 0.0000 0.0000 0.0000 0.0000 0.0000 
main 11.0000 1.0000 56.0000 8.0000 1.0000 8.0000 7.0000 1.0000 0.0500 0.2493 1.7451 0.0349 0.0588 b 0.1670 1.9951 1.3955 1.3871 0.2266 0.2653 0.2991 0.2674 0.1583 0.3011 0.2274 0.0000 0.0000 
main 11.0000 1.0000 36.0000 8.0000 1.0000 8.0000 7.0000 2.0000 0.0948 0.2498 1.7488 0.0906 0.1145 b 0.1620 1.9988 1.0162 1.0078 0.1581 0.3935 0.3134 0.1666 0.3155 0.1517 0.2500 0.0000 0.0000 
main 11.0000 1.0000 34.0000 8.0000 1.0000 8.0000 7.0000 0.0000 0.0000 0.2500 1.7500 0.0000 0.0000 b 0.1890 2.0000 1.4578 1.4495 0.2500 0.2500 0.2500 0.2500 0.2500 0.2500 0.2500 0.0000 0.0000 
main 11.0000 1.0000 18.0000 9.0000 1.0000 9.0000 8.0000 2.0000 0.0932 0.2495 1.9962 0.0906 0.1145 b 0.1760 2.2462 1.1827 1.1744 0.1588 0.3970 0.2198 0.3916 0.2460 0.2013 0.1742 0.2075 0.0000 
main 11.0000 1.0000 39.0000 9.0000 1.0000 9.0000 8.0000 2.0000 0.0935 0.2505 2.0036 0.0906 0.1145 b 0.1740 2.2536 1.4932 1.4848 0.1530 0.2020 0.2890 0.3951 0.3558 0.1677 0.2806 0.1603 0.0000 
main 11.0000 1.0000 7.0000 6.0000 0.0000 6.0000 5.0000 0.0000 0.0000 0.2500 1.2500 0.0000 0.0000 b 0.1900 1.5000 1.0248 1.0165 0.2500 0.2500 0.2500 0.2500 0.2500 0.0000 0.0000 0.0000 0.0000 
main 11.0000 1.0000 22.0000 4.0000 0.0000 4.0000 3.0000 0.0000 0.0000 0.2500 0.7500 0.0000 0.0000 b 0.2270 1.0000 1.1227 1.1143 0.2500 0.2500 0.2500 0.0000 0.0000 0.0000 0.0000 0.0000 0.0000 
main 11.0000 1.0000 48.0000 5.0000 0.0000 5.0000 4.0000 2.0000 0.1066 0.2499 0.9995 0.0906 0.1145 b 0.2090 1.2495 1.2208 1.2125 0.2758 0.1608 0.3898 0.1732 0.0000 0.0000 0.0000 0.0000 0.0000 
main 11.0000 1.0000 14.0000 8.0000 1.0000 8.0000 7.0000 1.0000 0.0473 0.2504 1.7526 0.0349 0.0588 b 0.1600 2.0026 1.2729 1.2645 0.2484 0.3024 0.2030 0.3114 0.2692 0.1870 0.2313 0.0000 0.0000 
main 11.0000 1.0000 52.0000 7.0000 1.0000 7.0000 6.0000 0.0000 0.0000 0.2500 1.5000 0.0000 0.0000 b 0.2150 1.7500 1.1864 1.1781 0.2500 0.2500 0.2500 0.2500 0.2500 0.2500 0.0000 0.0000 0.0000 
main 11.0000 1.0000 30.0000 6.0000 0.0000 6.0000 5.0000 2.0000 0.0923 0.2500 1.2500 0.0906 0.1145 b 0.2070 1.5000 1.1331 1.1248 0.2813 0.3867 0.1518 0.1808 0.2493 0.0000 0.0000 0.0000 0.0000 
main 11.0000 1.0000 29.0000 6.0000 0.0000 6.0000 5.0000 1.0000 0.0571 0.2498 1.2492 0.0349 0.0588 b 0.1970 1.4992 1.2576 1.2492 0.1696 0.2482 0.3120 0.2241 0.2952 0.0000 0.0000 0.0000 0.0000 
main 11.0000 1.0000 61.0000 10.0000 2.0000 10.0000 9.0000 0.0000 0.0000 0.2500 2.2500 0.0000 0.0000 b 0.1900 2.5000 1.0724 1.0641 0.2500 0.2500 0.2500 0.2500 0.2500 0.2500 0.2500 0.2500 0.2500 
main 11.0000 1.0000 45.0000 4.0000 0.0000 4.0000 3.0000 2.0000 0.1012 0.2499 0.7496 0.0906 0.1145 b 0.2530 0.9996 1.3182 1.3099 0.3587 0.1586 0.2324 0.0000 0.0000 0.0000 0.0000 0.0000 0.0000 
main 11.0000 2.0000 43.0000 4.0000 0.0000 4.0000 3.0000 0.0000 0.0000 0.2500 0.7500 0.0000 0.0000 b 0.2100 1.0000 1.2689 1.2606 0.2500 0.2500 0.2500 0.0000 0.0000 0.0000 0.0000 0.0000 0.0000 
main 11.0000 2.0000 26.0000 5.0000 0.0000 5.0000 4.0000 1.0000 0.0564 0.2501 1.0005 0.0349 0.0588 b 0.1600 1.2505 1.0470 1.0387 0.3067 0.1746 0.2746 0.2447 0.0000 0.0000 0.0000 0.0000 0.0000 
main 11.0000 2.0000 55.0000 8.0000 1.0000 8.0000 7.0000 0.0000 0.0000 0.2500 1.7500 0.0000 0.0000 b 0.1550 2.0000 1.3875 1.3791 0.2500 0.2500 0.2500 0.2500 0.2500 0.2500 0.2500 0.0000 0.0000 
main 11.0000 2.0000 61.0000 10.0000 2.0000 10.0000 9.0000 0.0000 0.0000 0.2500 2.2500 0.0000 0.0000 b 0.1540 2.5000 1.4562 1.4478 0.2500 0.2500 0.2500 0.2500 0.2500 0.2500 0.2500 0.2500 0.2500 
main 11.0000 2.0000 3.0000 4.0000 0.0000 4.0000 3.0000 2.0000 0.1055 0.2492 0.7476 0.0906 0.1145 b 0.1970 0.9976 1.4756 1.4673 0.2072 0.1711 0.3692 0.0000 0.0000 0.0000 0.0000 0.0000 0.0000 
main 11.0000 2.0000 38.0000 9.0000 1.0000 9.0000 8.0000 1.0000 0.0530 0.2497 1.9975 0.0349 0.0588 b 0.2010 2.2475 1.4737 1.4653 0.1666 0.3165 0.2846 0.2050 0.2714 0.1985 0.2623 0.2926 0.0000 
main 11.0000 2.0000 2.0000 4.0000 0.0000 4.0000 3.0000 1.0000 0.0547 0.2490 0.7470 0.0349 0.0588 b 0.2380 0.9970 1.3685 1.3602 0.2782 0.1859 0.2829 0.0000 0.0000 0.0000 0.0000 0.0000 0.0000 
main 11.0000 2.0000 42.0000 10.0000 2.0000 10.0000 9.0000 2.0000 0.0949 0.2504 2.2539 0.0906 0.1145 b 0.1980 2.5039 1.1191 1.1108 0.3912 0.3368 0.1626 0.2103 0.1532 0.3040 0.1817 0.3527 0.1614 
main 11.0000 2.0000 35.0000 8.0000 1.0000 8.0000 7.0000 1.0000 0.0501 0.2505 1.7534 0.0349 0.0588 b 0.2190 2.0034 1.4337 1.4254 0.1762 0.2413 0.2023 0.2962 0.2413 0.2840 0.3122 0.0000 0.0000 
main 11.0000 2.0000 57.0000 8.0000 1.0000 8.0000 7.0000 2.0000 0.0910 0.2504 1.7527 0.0906 0.1145 b 0.1720 2.0027 1.3853 1.3770 0.2133 0.2562 0.3975 0.2107 0.1643 0.3493 0.1614 0.0000 0.0000 
main 11.0000 2.0000 29.0000 6.0000 0.0000 6.0000 5.0000 1.0000 0.0576 0.2506 1.2532 0.0349 0.0588 b 0.1980 1.5032 1.1846 1.1763 0.2461 0.3347 0.2717 0.2186 0.1821 0.0000 0.0000 0.0000 0.0000 
main 11.0000 2.0000 5.0000 5.0000 0.0000 5.0000 4.0000 1.0000 0.0583 0.2502 1.0007 0.0349 0.0588 b 0.2330 1.2507 1.0630 1.0546 0.3284 0.2255 0.1915 0.2554 0.0000 0.0000 0.0000 0.0000 0.0000 
main 11.0000 2.0000 56.0000 8.0000 1.0000 8.0000 7.0000 1.0000 0.0549 0.2502 1.7511 0.0349 0.0588 b 0.1370 2.0011 1.3799 1.3716 0.2377 0.2031 0.2850 0.2132 0.3395 0.1874 0.2852 0.0000 0.0000 
main 11.0000 2.0000 53.0000 7.0000 1.0000 7.0000 6.0000 1.0000 0.0576 0.2492 1.4952 0.0349 0.0588 b 0.1670 1.7452 1.2656 1.2572 0.2002 0.3285 0.2414 0.2994 0.1764 0.2494 0.0000 0.0000 0.0000 
main 11.0000 2.0000 36.0000 8.0000 1.0000 8.0000 7.0000 2.0000 0.0928 0.2500 1.7503 0.0906 0.1145 b 0.2390 2.0003 1.0446 1.0362 0.1789 0.3533 0.1562 0.2585 0.1925 0.3994 0.2114 0.0000 0.0000 
main 11.0000 2.0000 17.0000 9.0000 1.0000 9.0000 8.0000 1.0000 0.0549 0.2498 1.9983 0.0349 0.0588 b 0.1940 2.2483 1.4910 1.4827 0.2072 0.3006 0.3337 0.1941 0.2464 0.2084 0.3030 0.2048 0.0000 
main 11.0000 2.0000 15.0000 8.0000 1.0000 8.0000 7.0000 2.0000 0.0960 0.2500 1.7501 0.0906 0.1145 b 0.2000 2.0001 1.0967 1.0884 0.3837 0.1655 0.3580 0.1888 0.3042 0.1938 0.1562 0.0000 0.0000 
main 11.0000 2.0000 33.0000 7.0000 1.0000 7.0000 6.0000 2.0000 0.0919 0.2497 1.4979 0.0906 0.1145 b 0.2520 1.7479 1.2280 1.2197 0.2023 0.1680 0.3081 0.2570 0.1633 0.3992 0.0000 0.0000 0.0000 
main 11.0000 2.0000 50.0000 6.0000 0.0000 6.0000 5.0000 1.0000 0.0356 0.2492 1.2461 0.0349 0.0588 b 0.2300 1.4961 1.0659 1.0576 0.2685 0.2243 0.2572 0.2033 0.2927 0.0000 0.0000 0.0000 0.0000 
main 11.0000 2.0000 52.0000 7.0000 1.0000 7.0000 6.0000 0.0000 0.0000 0.2500 1.5000 0.0000 0.0000 b 0.2690 1.7500 1.1523 1.1440 0.2500 0.2500 0.2500 0.2500 0.2500 0.2500 0.0000 0.0000 0.0000 
main 11.0000 2.0000 54.0000 7.0000 1.0000 7.0000 6.0000 2.0000 0.1006 0.2504 1.5025 0.0906 0.1145 b 0.2410 1.7525 1.3025 1.2941 0.2097 0.1522 0.2223 0.1685 0.3947 0.3550 0.0000 0.0000 0.0000 
main 11.0000 2.0000 23.0000 4.0000 0.0000 4.0000 3.0000 1.0000 0.0380 0.2491 0.7473 0.0349 0.0588 b 0.2530 0.9973 1.3607 1.3524 0.2083 0.2835 0.2555 0.0000 0.0000 0.0000 0.0000 0.0000 0.0000 
main 11.0000 2.0000 32.0000 7.0000 1.0000 7.0000 6.0000 1.0000 0.0566 0.2492 1.4954 0.0349 0.0588 b 0.1520 1.7454 1.2149 1.2066 0.3389 0.2120 0.2855 0.2525 0.2260 0.1805 0.0000 0.0000 0.0000 
main 11.0000 2.0000 6.0000 5.0000 0.0000 5.0000 4.0000 2.0000 0.0942 0.2500 0.9999 0.0906 0.1145 b 0.2050 1.2499 1.3508 1.3425 0.3057 0.1547 0.1872 0.3523 0.0000 0.0000 0.0000 0.0000 0.0000 
main 11.0000 2.0000 41.0000 10.0000 2.0000 10.0000 9.0000 1.0000 0.0587 0.2500 2.2496 0.0349 0.0588 b 0.2010 2.4996 1.4357 1.4274 0.3567 0.1892 0.2366 0.2803 0.2530 0.1658 0.2798 0.2035 0.2847 
main 11.0000 2.0000 62.0000 10.0000 2.0000 10.0000 9.0000 1.0000 0.0539 0.2501 2.2507 0.0349 0.0588 b 0.1780 2.5007 1.1349 1.1266 0.2694 0.1993 0.2780 0.2149 0.2703 0.1509 0.2843 0.2505 0.3331 
main 11.0000 2.0000 28.0000 6.0000 0.0000 6.0000 5.0000 0.0000 0.0000 0.2500 1.2500 0.0000 0.0000 b 0.2040 1.5000 1.1634 1.1550 0.2500 0.2500 0.2500 0.2500 0.2500 0.0000 0.0000 0.0000 0.0000 
main 11.0000 2.0000 48.0000 5.0000 0.0000 5.0000 4.0000 2.0000 0.0975 0.2509 1.0036 0.0906 0.1145 b 0.2000 1.2536 1.2339 1.2256 0.3029 0.1709 0.3625 0.1673 0.0000 0.0000 0.0000 0.0000 0.0000 
main 11.0000 2.0000 49.0000 6.0000 0.0000 6.0000 5.0000 0.0000 0.0000 0.2500 1.2500 0.0000 0.0000 b 0.2140 1.5000 1.4324 1.4241 0.2500 0.2500 0.2500 0.2500 0.2500 0.0000 0.0000 0.0000 0.0000 
main 11.0000 2.0000 21.0000 10.0000 2.0000 10.0000 9.0000 2.0000 0.0908 0.2498 2.2481 0.0906 0.1145 b 0.2310 2.4981 1.2762 1.2678 0.1637 0.2239 0.3923 0.2643 0.1826 0.3783 0.3043 0.1551 0.1837 
main 11.0000 2.0000 18.0000 9.0000 1.0000 9.0000 8.0000 2.0000 0.1052 0.2496 1.9966 0.0906 0.1145 b 0.2250 2.2466 1.3165 1.3081 0.1911 0.3919 0.1745 0.3921 0.3379 0.1513 0.1941 0.1636 0.0000 
main 11.0000 2.0000 37.0000 9.0000 1.0000 9.0000 8.0000 0.0000 0.0000 0.2500 2.0000 0.0000 0.0000 b 0.2380 2.2500 1.4216 1.4133 0.2500 0.2500 0.2500 0.2500 0.2500 0.2500 0.2500 0.2500 0.0000 
main 11.0000 2.0000 13.0000 8.0000 1.0000 8.0000 7.0000 0.0000 0.0000 0.2500 1.7500 0.0000 0.0000 b 0.2460 2.0000 1.1826 1.1743 0.2500 0.2500 0.2500 0.2500 0.2500 0.2500 0.2500 0.0000 0.0000 
main 11.0000 2.0000 34.0000 8.0000 1.0000 8.0000 7.0000 0.0000 0.0000 0.2500 1.7500 0.0000 0.0000 b 0.1830 2.0000 1.0121 1.0037 0.2500 0.2500 0.2500 0.2500 0.2500 0.2500 0.2500 0.0000 0.0000 
main 11.0000 2.0000 10.0000 7.0000 1.0000 7.0000 6.0000 0.0000 0.0000 0.2500 1.5000 0.0000 0.0000 b 0.2090 1.7500 1.1337 1.1254 0.2500 0.2500 0.2500 0.2500 0.2500 0.2500 0.0000 0.0000 0.0000 
main 11.0000 2.0000 59.0000 9.0000 1.0000 9.0000 8.0000 1.0000 0.0534 0.2504 2.0033 0.0349 0.0588 b 0.2040 2.2533 1.4775 1.4692 0.2169 0.2468 0.3169 0.1915 0.2305 0.1882 0.3205 0.2920 0.0000 
main 11.0000 2.0000 60.0000 9.0000 1.0000 9.0000 8.0000 2.0000 0.0910 0.2503 2.0024 0.0906 0.1145 b 0.2250 2.2524 1.2674 1.2591 0.2377 0.3010 0.1776 0.2044 0.1642 0.3934 0.3613 0.1628 0.0000 
main 11.0000 2.0000 24.0000 4.0000 0.0000 4.0000 3.0000 2.0000 0.0929 0.2515 0.7546 0.0906 0.1145 b 0.2930 1.0046 1.2230 1.2147 0.1674 0.3512 0.2360 0.0000 0.0000 0.0000 0.0000 0.0000 0.0000 
main 11.0000 2.0000 12.0000 7.0000 1.0000 7.0000 6.0000 2.0000 0.0912 0.2496 1.4979 0.0906 0.1145 b 0.2180 1.7479 1.4935 1.4852 0.1504 0.2498 0.3903 0.1582 0.2404 0.3088 0.0000 0.0000 0.0000 
main 11.0000 2.0000 44.0000 4.0000 0.0000 4.0000 3.0000 1.0000 0.0490 0.2499 0.7497 0.0349 0.0588 b 0.2670 0.9997 1.2842 1.2759 0.2150 0.3058 0.2289 0.0000 0.0000 0.0000 0.0000 0.0000 0.0000 
main 11.0000 2.0000 19.0000 10.0000 2.0000 10.0000 9.0000 0.0000 0.0000 0.2500 2.2500 0.0000 0.0000 b 0.1620 2.5000 1.1220 1.1137 0.2500 0.2500 0.2500 0.2500 0.2500 0.2500 0.2500 0.2500 0.2500 
main 11.0000 2.0000 51.0000 6.0000 0.0000 6.0000 5.0000 2.0000 0.0987 0.2490 1.2451 0.0906 0.1145 b 0.1850 1.4951 1.0841 1.0757 0.1620 0.2933 0.2259 0.3976 0.1664 0.0000 0.0000 0.0000 0.0000 
main 11.0000 2.0000 58.0000 9.0000 1.0000 9.0000 8.0000 0.0000 0.0000 0.2500 2.0000 0.0000 0.0000 b 0.1840 2.2500 1.3802 1.3719 0.2500 0.2500 0.2500 0.2500 0.2500 0.2500 0.2500 0.2500 0.0000 
main 11.0000 2.0000 47.0000 5.0000 0.0000 5.0000 4.0000 1.0000 0.0481 0.2507 1.0029 0.0349 0.0588 b 0.1520 1.2529 1.3980 1.3897 0.2193 0.2468 0.2169 0.3199 0.0000 0.0000 0.0000 0.0000 0.0000 
main 11.0000 2.0000 11.0000 7.0000 1.0000 7.0000 6.0000 1.0000 0.0488 0.2506 1.5037 0.0349 0.0588 b 0.1510 1.7537 1.1671 1.1587 0.2204 0.1946 0.3007 0.2228 0.3182 0.2468 0.0000 0.0000 0.0000 
main 11.0000 2.0000 14.0000 8.0000 1.0000 8.0000 7.0000 1.0000 0.0543 0.2503 1.7523 0.0349 0.0588 b 0.1680 2.0023 1.2896 1.2812 0.2332 0.3360 0.2372 0.1930 0.2616 0.1890 0.3025 0.0000 0.0000 
main 11.0000 2.0000 25.0000 5.0000 0.0000 5.0000 4.0000 0.0000 0.0000 0.2500 1.0000 0.0000 0.0000 b 0.2160 1.2500 1.4611 1.4528 0.2500 0.2500 0.2500 0.2500 0.0000 0.0000 0.0000 0.0000 0.0000 
main 11.0000 2.0000 7.0000 6.0000 0.0000 6.0000 5.0000 0.0000 0.0000 0.2500 1.2500 0.0000 0.0000 b 0.1730 1.5000 1.0339 1.0256 0.2500 0.2500 0.2500 0.2500 0.2500 0.0000 0.0000 0.0000 0.0000 
main 11.0000 2.0000 1.0000 4.0000 0.0000 4.0000 3.0000 0.0000 0.0000 0.2500 0.7500 0.0000 0.0000 b 0.2180 1.0000 1.3851 1.3767 0.2500 0.2500 0.2500 0.0000 0.0000 0.0000 0.0000 0.0000 0.0000 
main 11.0000 2.0000 20.0000 10.0000 2.0000 10.0000 9.0000 1.0000 0.0509 0.2495 2.2457 0.0349 0.0588 b 0.2100 2.4957 1.1510 1.1427 0.2196 0.2796 0.1666 0.3259 0.2693 0.1942 0.2643 0.2306 0.2957 
main 11.0000 2.0000 9.0000 6.0000 0.0000 6.0000 5.0000 2.0000 0.0973 0.2498 1.2489 0.0906 0.1145 b 0.2360 1.4989 1.0630 1.0547 0.2306 0.1578 0.3465 0.1581 0.3559 0.0000 0.0000 0.0000 0.0000 
main 11.0000 2.0000 16.0000 9.0000 1.0000 9.0000 8.0000 0.0000 0.0000 0.2500 2.0000 0.0000 0.0000 b 0.1640 2.2500 1.3783 1.3700 0.2500 0.2500 0.2500 0.2500 0.2500 0.2500 0.2500 0.2500 0.0000 
main 11.0000 2.0000 4.0000 5.0000 0.0000 5.0000 4.0000 0.0000 0.0000 0.2500 1.0000 0.0000 0.0000 b 0.2390 1.2500 1.4137 1.4053 0.2500 0.2500 0.2500 0.2500 0.0000 0.0000 0.0000 0.0000 0.0000 
main 11.0000 2.0000 63.0000 10.0000 2.0000 10.0000 9.0000 2.0000 0.0981 0.2495 2.2453 0.0906 0.1145 b 0.2110 2.4953 1.4368 1.4284 0.1519 0.1980 0.3906 0.1580 0.3526 0.2588 0.3720 0.1532 0.2104 
main 11.0000 2.0000 39.0000 9.0000 1.0000 9.0000 8.0000 2.0000 0.0924 0.2497 1.9978 0.0906 0.1145 b 0.2390 2.2478 1.3366 1.3283 0.3748 0.3208 0.1624 0.2703 0.1937 0.1586 0.3572 0.1599 0.0000 
main 11.0000 2.0000 22.0000 4.0000 0.0000 4.0000 3.0000 0.0000 0.0000 0.2500 0.7500 0.0000 0.0000 b 0.3160 1.0000 1.3320 1.3237 0.2500 0.2500 0.2500 0.0000 0.0000 0.0000 0.0000 0.0000 0.0000 
main 11.0000 2.0000 40.0000 10.0000 2.0000 10.0000 9.0000 0.0000 0.0000 0.2500 2.2500 0.0000 0.0000 b 0.1860 2.5000 1.2840 1.2757 0.2500 0.2500 0.2500 0.2500 0.2500 0.2500 0.2500 0.2500 0.2500 
main 11.0000 2.0000 8.0000 6.0000 0.0000 6.0000 5.0000 1.0000 0.0502 0.2501 1.2504 0.0349 0.0588 b 0.2050 1.5004 1.2371 1.2288 0.2373 0.2634 0.1852 0.2407 0.3237 0.0000 0.0000 0.0000 0.0000 
main 11.0000 2.0000 27.0000 5.0000 0.0000 5.0000 4.0000 2.0000 0.0923 0.2488 0.9951 0.0906 0.1145 b 0.2050 1.2451 1.3874 1.3791 0.2360 0.3811 0.1702 0.2077 0.0000 0.0000 0.0000 0.0000 0.0000 
main 11.0000 2.0000 46.0000 5.0000 0.0000 5.0000 4.0000 0.0000 0.0000 0.2500 1.0000 0.0000 0.0000 b 0.2220 1.2500 1.3759 1.3675 0.2500 0.2500 0.2500 0.2500 0.0000 0.0000 0.0000 0.0000 0.0000 
main 11.0000 2.0000 45.0000 4.0000 0.0000 4.0000 3.0000 2.0000 0.1059 0.2486 0.7457 0.0906 0.1145 b 0.2780 0.9957 1.0164 1.0081 0.2070 0.1698 0.3690 0.0000 0.0000 0.0000 0.0000 0.0000 0.0000 
main 11.0000 2.0000 31.0000 7.0000 1.0000 7.0000 6.0000 0.0000 0.0000 0.2500 1.5000 0.0000 0.0000 b 0.1810 1.7500 1.0882 1.0798 0.2500 0.2500 0.2500 0.2500 0.2500 0.2500 0.0000 0.0000 0.0000 
main 11.0000 2.0000 30.0000 6.0000 0.0000 6.0000 5.0000 2.0000 0.1048 0.2506 1.2530 0.0906 0.1145 b 0.1960 1.5030 1.0320 1.0236 0.1563 0.3784 0.2042 0.1663 0.3479 0.0000 0.0000 0.0000 0.0000 
main 11.0000 3.0000 48.0000 5.0000 0.0000 5.0000 4.0000 2.0000 0.0964 0.2495 0.9982 0.0906 0.1145 b 0.2220 1.2482 1.4272 1.4189 0.3231 0.1837 0.1506 0.3408 0.0000 0.0000 0.0000 0.0000 0.0000 
main 11.0000 3.0000 44.0000 4.0000 0.0000 4.0000 3.0000 1.0000 0.0536 0.2509 0.7527 0.0349 0.0588 b 0.1780 1.0027 1.3847 1.3763 0.2731 0.1898 0.2898 0.0000 0.0000 0.0000 0.0000 0.0000 0.0000 
main 11.0000 3.0000 57.0000 8.0000 1.0000 8.0000 7.0000 2.0000 0.0927 0.2502 1.7515 0.0906 0.1145 b 0.1820 2.0015 1.1863 1.1780 0.3207 0.2281 0.3813 0.1543 0.3282 0.1518 0.1873 0.0000 0.0000 
main 11.0000 3.0000 33.0000 7.0000 1.0000 7.0000 6.0000 2.0000 0.0952 0.2502 1.5013 0.0906 0.1145 b 0.1850 1.7513 1.2611 1.2527 0.1501 0.1968 0.3575 0.3026 0.3424 0.1519 0.0000 0.0000 0.0000 
main 11.0000 3.0000 32.0000 7.0000 1.0000 7.0000 6.0000 1.0000 0.0558 0.2496 1.4974 0.0349 0.0588 b 0.1780 1.7474 1.3134 1.3051 0.2655 0.3209 0.2856 0.1982 0.2565 0.1707 0.0000 0.0000 0.0000 
main 11.0000 3.0000 52.0000 7.0000 1.0000 7.0000 6.0000 0.0000 0.0000 0.2500 1.5000 0.0000 0.0000 b 0.1350 1.7500 1.4094 1.4011 0.2500 0.2500 0.2500 0.2500 0.2500 0.2500 0.0000 0.0000 0.0000 
main 11.0000 3.0000 15.0000 8.0000 1.0000 8.0000 7.0000 2.0000 0.0914 0.2497 1.7476 0.0906 0.1145 b 0.1990 1.9976 1.1463 1.1380 0.1508 0.3169 0.3919 0.1572 0.2231 0.1979 0.3098 0.0000 0.0000 
main 11.0000 3.0000 26.0000 5.0000 0.0000 5.0000 4.0000 1.0000 0.0480 0.2504 1.0015 0.0349 0.0588 b 0.2120 1.2515 1.3766 1.3682 0.2710 0.1864 0.2992 0.2449 0.0000 0.0000 0.0000 0.0000 0.0000 
main 11.0000 3.0000 5.0000 5.0000 0.0000 5.0000 4.0000 1.0000 0.0377 0.2491 0.9964 0.0349 0.0588 b 0.2000 1.2464 1.4684 1.4601 0.2592 0.2956 0.2350 0.2066 0.0000 0.0000 0.0000 0.0000 0.0000 
main 11.0000 3.0000 56.0000 8.0000 1.0000 8.0000 7.0000 1.0000 0.0480 0.2502 1.7516 0.0349 0.0588 b 0.1400 2.0016 1.0764 1.0681 0.2254 0.2863 0.1848 0.2643 0.3171 0.2008 0.2729 0.0000 0.0000 
main 11.0000 3.0000 19.0000 10.0000 2.0000 10.0000 9.0000 0.0000 0.0000 0.2500 2.2500 0.0000 0.0000 b 0.1580 2.5000 1.3588 1.3505 0.2500 0.2500 0.2500 0.2500 0.2500 0.2500 0.2500 0.2500 0.2500 
main 11.0000 3.0000 62.0000 10.0000 2.0000 10.0000 9.0000 1.0000 0.0579 0.2496 2.2465 0.0349 0.0588 b 0.1690 2.4965 1.3205 1.3122 0.3249 0.2123 0.2690 0.3286 0.1503 0.2257 0.2834 0.2107 0.2416 
main 11.0000 3.0000 40.0000 10.0000 2.0000 10.0000 9.0000 0.0000 0.0000 0.2500 2.2500 0.0000 0.0000 b 0.1690 2.5000 1.3617 1.3534 0.2500 0.2500 0.2500 0.2500 0.2500 0.2500 0.2500 0.2500 0.2500 
main 11.0000 3.0000 28.0000 6.0000 0.0000 6.0000 5.0000 0.0000 0.0000 0.2500 1.2500 0.0000 0.0000 b 0.2130 1.5000 1.4983 1.4900 0.2500 0.2500 0.2500 0.2500 0.2500 0.0000 0.0000 0.0000 0.0000 
main 11.0000 3.0000 51.0000 6.0000 0.0000 6.0000 5.0000 2.0000 0.1038 0.2499 1.2493 0.0906 0.1145 b 0.2280 1.4993 1.0261 1.0178 0.1616 0.3784 0.2005 0.1641 0.3447 0.0000 0.0000 0.0000 0.0000 
main 11.0000 3.0000 14.0000 8.0000 1.0000 8.0000 7.0000 1.0000 0.0524 0.2503 1.7524 0.0349 0.0588 b 0.1800 2.0024 1.4301 1.4217 0.2951 0.2614 0.2022 0.2606 0.1726 0.3254 0.2351 0.0000 0.0000 
main 11.0000 3.0000 13.0000 8.0000 1.0000 8.0000 7.0000 0.0000 0.0000 0.2500 1.7500 0.0000 0.0000 b 0.1840 2.0000 1.1408 1.1325 0.2500 0.2500 0.2500 0.2500 0.2500 0.2500 0.2500 0.0000 0.0000 
main 11.0000 3.0000 43.0000 4.0000 0.0000 4.0000 3.0000 0.0000 0.0000 0.2500 0.7500 0.0000 0.0000 b 0.2360 1.0000 1.2720 1.2636 0.2500 0.2500 0.2500 0.0000 0.0000 0.0000 0.0000 0.0000 0.0000 
main 11.0000 3.0000 50.0000 6.0000 0.0000 6.0000 5.0000 1.0000 0.0555 0.2507 1.2536 0.0349 0.0588 b 0.2010 1.5036 1.4026 1.3943 0.2368 0.2634 0.2264 0.3378 0.1892 0.0000 0.0000 0.0000 0.0000 
main 11.0000 3.0000 22.0000 4.0000 0.0000 4.0000 3.0000 0.0000 0.0000 0.2500 0.7500 0.0000 0.0000 b 0.2410 1.0000 1.3254 1.3171 0.2500 0.2500 0.2500 0.0000 0.0000 0.0000 0.0000 0.0000 0.0000 
main 11.0000 3.0000 29.0000 6.0000 0.0000 6.0000 5.0000 1.0000 0.0585 0.2492 1.2461 0.0349 0.0588 b 0.2410 1.4961 1.1432 1.1349 0.3042 0.1922 0.2673 0.1822 0.3003 0.0000 0.0000 0.0000 0.0000 
main 11.0000 3.0000 16.0000 9.0000 1.0000 9.0000 8.0000 0.0000 0.0000 0.2500 2.0000 0.0000 0.0000 b 0.1710 2.2500 1.3178 1.3094 0.2500 0.2500 0.2500 0.2500 0.2500 0.2500 0.2500 0.2500 0.0000 
main 11.0000 3.0000 31.0000 7.0000 1.0000 7.0000 6.0000 0.0000 0.0000 0.2500 1.5000 0.0000 0.0000 b 0.1970 1.7500 1.0939 1.0855 0.2500 0.2500 0.2500 0.2500 0.2500 0.2500 0.0000 0.0000 0.0000 
main 11.0000 3.0000 53.0000 7.0000 1.0000 7.0000 6.0000 1.0000 0.0544 0.2499 1.4997 0.0349 0.0588 b 0.1950 1.7497 1.1659 1.1576 0.2809 0.2390 0.2725 0.3138 0.1550 0.2384 0.0000 0.0000 0.0000 
main 11.0000 3.0000 20.0000 10.0000 2.0000 10.0000 9.0000 1.0000 0.0492 0.2496 2.2467 0.0349 0.0588 b 0.1580 2.4967 1.2785 1.2702 0.1745 0.3179 0.2461 0.2083 0.2930 0.2010 0.2505 0.3053 0.2501 
main 11.0000 3.0000 17.0000 9.0000 1.0000 9.0000 8.0000 1.0000 0.0533 0.2498 1.9982 0.0349 0.0588 b 0.1580 2.2482 1.3792 1.3708 0.2144 0.2584 0.2096 0.2568 0.1840 0.3490 0.2974 0.2286 0.0000 
main 11.0000 3.0000 41.0000 10.0000 2.0000 10.0000 9.0000 1.0000 0.0526 0.2496 2.2461 0.0349 0.0588 b 0.1710 2.4961 1.2343 1.2259 0.2734 0.2133 0.3172 0.1648 0.2902 0.1810 0.2556 0.2951 0.2555 
main 11.0000 3.0000 42.0000 10.0000 2.0000 10.0000 9.0000 2.0000 0.0908 0.2504 2.2533 0.0906 0.1145 b 0.1680 2.5033 1.1800 1.1717 0.1522 0.3757 0.1721 0.2787 0.3154 0.3821 0.1690 0.2282 0.1797 
main 11.0000 3.0000 18.0000 9.0000 1.0000 9.0000 8.0000 2.0000 0.0935 0.2502 2.0019 0.0906 0.1145 b 0.2280 2.2519 1.1353 1.1270 0.2493 0.3744 0.1544 0.2298 0.3351 0.1566 0.3518 0.1505 0.0000 
main 11.0000 3.0000 47.0000 5.0000 0.0000 5.0000 4.0000 1.0000 0.0486 0.2509 1.0037 0.0349 0.0588 b 0.4170 1.2537 1.2352 1.2269 0.2766 0.2316 0.3026 0.1928 0.0000 0.0000 0.0000 0.0000 0.0000 
main 11.0000 3.0000 10.0000 7.0000 1.0000 7.0000 6.0000 0.0000 0.0000 0.2500 1.5000 0.0000 0.0000 b 0.1490 1.7500 1.4060 1.3977 0.2500 0.2500 0.2500 0.2500 0.2500 0.2500 0.0000 0.0000 0.0000 
main 11.0000 3.0000 8.0000 6.0000 0.0000 6.0000 5.0000 1.0000 0.0544 0.2497 1.2486 0.0349 0.0588 b 0.1900 1.4986 1.0003 0.9920 0.2867 0.1644 0.3032 0.2599 0.2343 0.0000 0.0000 0.0000 0.0000 
main 11.0000 3.0000 60.0000 9.0000 1.0000 9.0000 8.0000 2.0000 0.0953 0.2498 1.9981 0.0906 0.1145 b 0.1650 2.2481 1.0240 1.0156 0.1596 0.3063 0.3864 0.1869 0.3620 0.1610 0.2775 0.1583 0.0000 
main 11.0000 3.0000 37.0000 9.0000 1.0000 9.0000 8.0000 0.0000 0.0000 0.2500 2.0000 0.0000 0.0000 b 0.1300 2.2500 1.1301 1.1218 0.2500 0.2500 0.2500 0.2500 0.2500 0.2500 0.2500 0.2500 0.0000 
main 11.0000 3.0000 30.0000 6.0000 0.0000 6.0000 5.0000 2.0000 0.1019 0.2497 1.2486 0.0906 0.1145 b 0.1870 1.4986 1.0332 1.0248 0.3978 0.1858 0.3138 0.1893 0.1619 0.0000 0.0000 0.0000 0.0000 
main 11.0000 3.0000 34.0000 8.0000 1.0000 8.0000 7.0000 0.0000 0.0000 0.2500 1.7500 0.0000 0.0000 b 0.1330 2.0000 1.4577 1.4493 0.2500 0.2500 0.2500 0.2500 0.2500 0.2500 0.2500 0.0000 0.0000 
main 11.0000 3.0000 25.0000 5.0000 0.0000 5.0000 4.0000 0.0000 0.0000 0.2500 1.0000 0.0000 0.0000 b 0.1870 1.2500 1.1579 1.1495 0.2500 0.2500 0.2500 0.2500 0.0000 0.0000 0.0000 0.0000 0.0000 
main 11.0000 3.0000 63.0000 10.0000 2.0000 10.0000 9.0000 2.0000 0.1011 0.2502 2.2516 0.0906 0.1145 b 0.1150 2.5016 1.0300 1.0216 0.1509 0.3857 0.1501 0.2034 0.3219 0.1750 0.3718 0.3352 0.1575 
main 11.0000 3.0000 55.0000 8.0000 1.0000 8.0000 7.0000 0.0000 0.0000 0.2500 1.7500 0.0000 0.0000 b 0.1340 2.0000 1.0641 1.0557 0.2500 0.2500 0.2500 0.2500 0.2500 0.2500 0.2500 0.0000 0.0000 
main 11.0000 3.0000 39.0000 9.0000 1.0000 9.0000 8.0000 2.0000 0.0930 0.2495 1.9962 0.0906 0.1145 b 0.1140 2.2462 1.2478 1.2395 0.1627 0.3948 0.1616 0.2180 0.1644 0.2677 0.3744 0.2526 0.0000 
main 11.0000 3.0000 58.0000 9.0000 1.0000 9.0000 8.0000 0.0000 0.0000 0.2500 2.0000 0.0000 0.0000 b 0.1490 2.2500 1.0725 1.0642 0.2500 0.2500 0.2500 0.2500 0.2500 0.2500 0.2500 0.2500 0.0000 
main 11.0000 3.0000 35.0000 8.0000 1.0000 8.0000 7.0000 1.0000 0.0572 0.2497 1.7478 0.0349 0.0588 b 0.2950 1.9978 1.2221 1.2138 0.1671 0.2878 0.3279 0.1956 0.2256 0.2910 0.2526 0.0000 0.0000 
main 11.0000 3.0000 46.0000 5.0000 0.0000 5.0000 4.0000 0.0000 0.0000 0.2500 1.0000 0.0000 0.0000 b 0.2180 1.2500 1.4236 1.4153 0.2500 0.2500 0.2500 0.2500 0.0000 0.0000 0.0000 0.0000 0.0000 
main 11.0000 3.0000 12.0000 7.0000 1.0000 7.0000 6.0000 2.0000 0.1053 0.2508 1.5046 0.0906 0.1145 b 0.1330 1.7546 1.0219 1.0135 0.2483 0.1579 0.3888 0.1603 0.3706 0.1788 0.0000 0.0000 0.0000 
main 11.0000 3.0000 2.0000 4.0000 0.0000 4.0000 3.0000 1.0000 0.0513 0.2515 0.7546 0.0349 0.0588 b 0.2100 1.0046 1.0551 1.0468 0.3023 0.1996 0.2526 0.0000 0.0000 0.0000 0.0000 0.0000 0.0000 
main 11.0000 3.0000 1.0000 4.0000 0.0000 4.0000 3.0000 0.0000 0.0000 0.2500 0.7500 0.0000 0.0000 b 0.2190 1.0000 1.3921 1.3837 0.2500 0.2500 0.2500 0.0000 0.0000 0.0000 0.0000 0.0000 0.0000 
main 11.0000 3.0000 45.0000 4.0000 0.0000 4.0000 3.0000 2.0000 0.0969 0.2498 0.7493 0.0906 0.1145 b 0.1400 0.9993 1.4234 1.4150 0.2222 0.3574 0.1697 0.0000 0.0000 0.0000 0.0000 0.0000 0.0000 
main 11.0000 3.0000 9.0000 6.0000 0.0000 6.0000 5.0000 2.0000 0.0917 0.2504 1.2518 0.0906 0.1145 b 0.1500 1.5018 1.0588 1.0505 0.1729 0.3498 0.1948 0.3512 0.1831 0.0000 0.0000 0.0000 0.0000 
main 11.0000 3.0000 6.0000 5.0000 0.0000 5.0000 4.0000 2.0000 0.0925 0.2512 1.0049 0.0906 0.1145 b 0.1510 1.2549 1.4498 1.4414 0.2228 0.3754 0.2524 0.1542 0.0000 0.0000 0.0000 0.0000 0.0000 
main 11.0000 3.0000 49.0000 6.0000 0.0000 6.0000 5.0000 0.0000 0.0000 0.2500 1.2500 0.0000 0.0000 b 0.1340 1.5000 1.4068 1.3984 0.2500 0.2500 0.2500 0.2500 0.2500 0.0000 0.0000 0.0000 0.0000 
main 11.0000 3.0000 11.0000 7.0000 1.0000 7.0000 6.0000 1.0000 0.0561 0.2496 1.4976 0.0349 0.0588 b 0.1270 1.7476 1.2220 1.2136 0.1971 0.2487 0.3473 0.2445 0.1937 0.2663 0.0000 0.0000 0.0000 
main 11.0000 3.0000 7.0000 6.0000 0.0000 6.0000 5.0000 0.0000 0.0000 0.2500 1.2500 0.0000 0.0000 b 0.0950 1.5000 1.0534 1.0450 0.2500 0.2500 0.2500 0.2500 0.2500 0.0000 0.0000 0.0000 0.0000 
main 11.0000 3.0000 4.0000 5.0000 0.0000 5.0000 4.0000 0.0000 0.0000 0.2500 1.0000 0.0000 0.0000 b 0.1280 1.2500 1.1348 1.1265 0.2500 0.2500 0.2500 0.2500 0.0000 0.0000 0.0000 0.0000 0.0000 
main 11.0000 3.0000 54.0000 7.0000 1.0000 7.0000 6.0000 2.0000 0.0988 0.2507 1.5039 0.0906 0.1145 b 0.1310 1.7539 1.1356 1.1272 0.2298 0.1732 0.2025 0.3773 0.1514 0.3696 0.0000 0.0000 0.0000 
main 11.0000 3.0000 23.0000 4.0000 0.0000 4.0000 3.0000 1.0000 0.0526 0.2488 0.7463 0.0349 0.0588 b 0.1680 0.9963 1.2681 1.2597 0.2050 0.2343 0.3071 0.0000 0.0000 0.0000 0.0000 0.0000 0.0000 
main 11.0000 3.0000 3.0000 4.0000 0.0000 4.0000 3.0000 2.0000 0.1086 0.2501 0.7504 0.0906 0.1145 b 0.1590 1.0004 1.3313 1.3229 0.3703 0.2211 0.1590 0.0000 0.0000 0.0000 0.0000 0.0000 0.0000 
main 11.0000 3.0000 38.0000 9.0000 1.0000 9.0000 8.0000 1.0000 0.0583 0.2500 1.9997 0.0349 0.0588 b 0.1160 2.2497 1.4736 1.4653 0.2371 0.2690 0.2978 0.1846 0.3176 0.2050 0.3151 0.1734 0.0000 
main 11.0000 3.0000 59.0000 9.0000 1.0000 9.0000 8.0000 1.0000 0.0559 0.2496 1.9971 0.0349 0.0588 b 0.1410 2.2471 1.3105 1.3022 0.1501 0.3178 0.2420 0.3057 0.2807 0.1984 0.2346 0.2677 0.0000 
main 11.0000 3.0000 36.0000 8.0000 1.0000 8.0000 7.0000 2.0000 0.0983 0.2503 1.7523 0.0906 0.1145 b 0.1500 2.0023 1.2300 1.2217 0.1975 0.1560 0.3919 0.1533 0.2074 0.3702 0.2761 0.0000 0.0000 
main 11.0000 3.0000 61.0000 10.0000 2.0000 10.0000 9.0000 0.0000 0.0000 0.2500 2.2500 0.0000 0.0000 b 0.1230 2.5000 1.4515 1.4432 0.2500 0.2500 0.2500 0.2500 0.2500 0.2500 0.2500 0.2500 0.2500 
main 11.0000 3.0000 27.0000 5.0000 0.0000 5.0000 4.0000 2.0000 0.1049 0.2505 1.0022 0.0906 0.1145 b 0.3050 1.2522 1.3176 1.3092 0.1695 0.3006 0.1578 0.3743 0.0000 0.0000 0.0000 0.0000 0.0000 
main 11.0000 3.0000 24.0000 4.0000 0.0000 4.0000 3.0000 2.0000 0.0925 0.2486 0.7457 0.0906 0.1145 b 0.2300 0.9957 1.4757 1.4673 0.1783 0.2141 0.3534 0.0000 0.0000 0.0000 0.0000 0.0000 0.0000 
main 11.0000 3.0000 21.0000 10.0000 2.0000 10.0000 9.0000 2.0000 0.0913 0.2496 2.2465 0.0906 0.1145 b 0.1340 2.4965 1.2699 1.2616 0.1555 0.1813 0.3313 0.1911 0.3712 0.3067 0.1683 0.3640 0.1770 
main 11.0000 4.0000 52.0000 7.0000 1.0000 7.0000 6.0000 0.0000 0.0000 0.2500 1.5000 0.0000 0.0000 b 0.1500 1.7500 1.3615 1.3532 0.2500 0.2500 0.2500 0.2500 0.2500 0.2500 0.0000 0.0000 0.0000 
main 11.0000 4.0000 6.0000 5.0000 0.0000 5.0000 4.0000 2.0000 0.0950 0.2497 0.9987 0.0906 0.1145 b 0.1590 1.2487 1.2337 1.2254 0.3670 0.2820 0.1517 0.1981 0.0000 0.0000 0.0000 0.0000 0.0000 
main 11.0000 4.0000 56.0000 8.0000 1.0000 8.0000 7.0000 1.0000 0.0587 0.2501 1.7504 0.0349 0.0588 b 0.1080 2.0004 1.3786 1.3703 0.1679 0.3329 0.1869 0.2335 0.2873 0.2544 0.2875 0.0000 0.0000 
main 11.0000 4.0000 49.0000 6.0000 0.0000 6.0000 5.0000 0.0000 0.0000 0.2500 1.2500 0.0000 0.0000 b 0.1490 1.5000 1.2753 1.2670 0.2500 0.2500 0.2500 0.2500 0.2500 0.0000 0.0000 0.0000 0.0000 
main 11.0000 4.0000 45.0000 4.0000 0.0000 4.0000 3.0000 2.0000 0.1037 0.2516 0.7547 0.0906 0.1145 b 0.1520 1.0047 1.2191 1.2108 0.2003 0.3709 0.1835 0.0000 0.0000 0.0000 0.0000 0.0000 0.0000 
main 11.0000 4.0000 30.0000 6.0000 0.0000 6.0000 5.0000 2.0000 0.0970 0.2500 1.2501 0.0906 0.1145 b 0.1200 1.5001 1.2310 1.2227 0.3735 0.1835 0.3350 0.1609 0.1972 0.0000 0.0000 0.0000 0.0000 
main 11.0000 4.0000 12.0000 7.0000 1.0000 7.0000 6.0000 2.0000 0.0911 0.2497 1.4981 0.0906 0.1145 b 0.1360 1.7481 1.3772 1.3688 0.1840 0.2666 0.3672 0.1525 0.1825 0.3453 0.0000 0.0000 0.0000 
main 11.0000 4.0000 32.0000 7.0000 1.0000 7.0000 6.0000 1.0000 0.0541 0.2502 1.5010 0.0349 0.0588 b 0.1380 1.7510 1.1447 1.1364 0.2534 0.1582 0.2459 0.3171 0.2375 0.2889 0.0000 0.0000 0.0000 
main 11.0000 4.0000 29.0000 6.0000 0.0000 6.0000 5.0000 1.0000 0.0575 0.2507 1.2537 0.0349 0.0588 b 0.1540 1.5037 1.4495 1.4411 0.2923 0.1962 0.2232 0.3299 0.2121 0.0000 0.0000 0.0000 0.0000 
main 11.0000 4.0000 19.0000 10.0000 2.0000 10.0000 9.0000 0.0000 0.0000 0.2500 2.2500 0.0000 0.0000 b 0.1380 2.5000 1.3962 1.3879 0.2500 0.2500 0.2500 0.2500 0.2500 0.2500 0.2500 0.2500 0.2500 
main 11.0000 4.0000 27.0000 5.0000 0.0000 5.0000 4.0000 2.0000 0.1008 0.2511 1.0043 0.0906 0.1145 b 0.1600 1.2543 1.3565 1.3482 0.3797 0.2809 0.1562 0.1874 0.0000 0.0000 0.0000 0.0000 0.0000 
main 11.0000 4.0000 17.0000 9.0000 1.0000 9.0000 8.0000 1.0000 0.0506 0.2505 2.0037 0.0349 0.0588 b 0.1710 2.2537 1.2196 1.2112 0.3271 0.2829 0.1989 0.2532 0.1667 0.2545 0.2836 0.2367 0.0000 
main 11.0000 4.0000 3.0000 4.0000 0.0000 4.0000 3.0000 2.0000 0.1023 0.2513 0.7538 0.0906 0.1145 b 0.2380 1.0038 1.4758 1.4674 0.3591 0.2391 0.1556 0.0000 0.0000 0.0000 0.0000 0.0000 0.0000 
main 11.0000 4.0000 47.0000 5.0000 0.0000 5.0000 4.0000 1.0000 0.0540 0.2492 0.9968 0.0349 0.0588 b 0.2090 1.2468 1.4573 1.4490 0.2207 0.3153 0.1926 0.2682 0.0000 0.0000 0.0000 0.0000 0.0000 
main 11.0000 4.0000 15.0000 8.0000 1.0000 8.0000 7.0000 2.0000 0.1022 0.2507 1.7547 0.0906 0.1145 b 0.1920 2.0047 1.2186 1.2103 0.1730 0.3908 0.1692 0.1981 0.2728 0.1616 0.3893 0.0000 0.0000 
main 11.0000 4.0000 40.0000 10.0000 2.0000 10.0000 9.0000 0.0000 0.0000 0.2500 2.2500 0.0000 0.0000 b 0.1090 2.5000 1.3827 1.3743 0.2500 0.2500 0.2500 0.2500 0.2500 0.2500 0.2500 0.2500 0.2500 
main 11.0000 4.0000 23.0000 4.0000 0.0000 4.0000 3.0000 1.0000 0.0447 0.2496 0.7487 0.0349 0.0588 b 0.2350 0.9987 1.0553 1.0469 0.2084 0.2971 0.2433 0.0000 0.0000 0.0000 0.0000 0.0000 0.0000 
main 11.0000 4.0000 9.0000 6.0000 0.0000 6.0000 5.0000 2.0000 0.1101 0.2493 1.2463 0.0906 0.1145 b 0.1310 1.4963 1.3134 1.3051 0.1575 0.3910 0.1787 0.3455 0.1737 0.0000 0.0000 0.0000 0.0000 
main 11.0000 4.0000 38.0000 9.0000 1.0000 9.0000 8.0000 1.0000 0.0576 0.2500 1.9999 0.0349 0.0588 b 0.1190 2.2499 1.1785 1.1701 0.2420 0.3323 0.2332 0.3022 0.2490 0.1564 0.2897 0.1950 0.0000 
main 11.0000 4.0000 35.0000 8.0000 1.0000 8.0000 7.0000 1.0000 0.0419 0.2502 1.7516 0.0349 0.0588 b 0.1310 2.0016 1.0544 1.0460 0.2756 0.2488 0.3054 0.2327 0.1775 0.2312 0.2802 0.0000 0.0000 
main 11.0000 4.0000 39.0000 9.0000 1.0000 9.0000 8.0000 2.0000 0.0926 0.2496 1.9967 0.0906 0.1145 b 0.1590 2.2467 1.1089 1.1006 0.1905 0.2325 0.1732 0.3833 0.1845 0.3828 0.1564 0.2934 0.0000 
main 11.0000 4.0000 20.0000 10.0000 2.0000 10.0000 9.0000 1.0000 0.0544 0.2502 2.2518 0.0349 0.0588 b 0.1240 2.5018 1.0638 1.0555 0.2251 0.2506 0.2124 0.1691 0.3401 0.2936 0.2293 0.3114 0.2203 
main 11.0000 4.0000 24.0000 4.0000 0.0000 4.0000 3.0000 2.0000 0.1132 0.2513 0.7538 0.0906 0.1145 b 0.2280 1.0038 1.3281 1.3198 0.1587 0.3774 0.2177 0.0000 0.0000 0.0000 0.0000 0.0000 0.0000 
main 11.0000 4.0000 31.0000 7.0000 1.0000 7.0000 6.0000 0.0000 0.0000 0.2500 1.5000 0.0000 0.0000 b 0.1500 1.7500 1.0797 1.0714 0.2500 0.2500 0.2500 0.2500 0.2500 0.2500 0.0000 0.0000 0.0000 
main 11.0000 4.0000 28.0000 6.0000 0.0000 6.0000 5.0000 0.0000 0.0000 0.2500 1.2500 0.0000 0.0000 b 0.1330 1.5000 1.2522 1.2439 0.2500 0.2500 0.2500 0.2500 0.2500 0.0000 0.0000 0.0000 0.0000 
main 11.0000 4.0000 16.0000 9.0000 1.0000 9.0000 8.0000 0.0000 0.0000 0.2500 2.0000 0.0000 0.0000 b 0.1450 2.2500 1.3782 1.3699 0.2500 0.2500 0.2500 0.2500 0.2500 0.2500 0.2500 0.2500 0.0000 
main 11.0000 4.0000 51.0000 6.0000 0.0000 6.0000 5.0000 2.0000 0.0953 0.2508 1.2538 0.0906 0.1145 b 0.1920 1.5038 1.0884 1.0801 0.3020 0.2216 0.1573 0.3903 0.1826 0.0000 0.0000 0.0000 0.0000 
main 11.0000 4.0000 22.0000 4.0000 0.0000 4.0000 3.0000 0.0000 0.0000 0.2500 0.7500 0.0000 0.0000 b 0.2130 1.0000 1.1679 1.1596 0.2500 0.2500 0.2500 0.0000 0.0000 0.0000 0.0000 0.0000 0.0000 
main 11.0000 4.0000 50.0000 6.0000 0.0000 6.0000 5.0000 1.0000 0.0520 0.2493 1.2466 0.0349 0.0588 b 0.1020 1.4966 1.3420 1.3337 0.2754 0.2232 0.3052 0.1725 0.2703 0.0000 0.0000 0.0000 0.0000 
main 11.0000 4.0000 4.0000 5.0000 0.0000 5.0000 4.0000 0.0000 0.0000 0.2500 1.0000 0.0000 0.0000 b 0.1540 1.2500 1.0208 1.0125 0.2500 0.2500 0.2500 0.2500 0.0000 0.0000 0.0000 0.0000 0.0000 
main 11.0000 4.0000 57.0000 8.0000 1.0000 8.0000 7.0000 2.0000 0.0924 0.2498 1.7489 0.0906 0.1145 b 0.1370 1.9989 1.4501 1.4417 0.1691 0.3865 0.2200 0.1553 0.2937 0.1785 0.3458 0.0000 0.0000 
main 11.0000 4.0000 13.0000 8.0000 1.0000 8.0000 7.0000 0.0000 0.0000 0.2500 1.7500 0.0000 0.0000 b 0.1100 2.0000 1.3824 1.3741 0.2500 0.2500 0.2500 0.2500 0.2500 0.2500 0.2500 0.0000 0.0000 
main 11.0000 4.0000 2.0000 4.0000 0.0000 4.0000 3.0000 1.0000 0.0503 0.2499 0.7497 0.0349 0.0588 b 0.1850 0.9997 1.2691 1.2607 0.2408 0.2047 0.3042 0.0000 0.0000 0.0000 0.0000 0.0000 0.0000 
main 11.0000 4.0000 26.0000 5.0000 0.0000 5.0000 4.0000 1.0000 0.0464 0.2490 0.9958 0.0349 0.0588 b 0.1590 1.2458 1.2725 1.2642 0.2943 0.1917 0.2778 0.2320 0.0000 0.0000 0.0000 0.0000 0.0000 
main 11.0000 4.0000 43.0000 4.0000 0.0000 4.0000 3.0000 0.0000 0.0000 0.2500 0.7500 0.0000 0.0000 b 0.1500 1.0000 1.1476 1.1393 0.2500 0.2500 0.2500 0.0000 0.0000 0.0000 0.0000 0.0000 0.0000 
main 11.0000 4.0000 53.0000 7.0000 1.0000 7.0000 6.0000 1.0000 0.0558 0.2492 1.4951 0.0349 0.0588 b 0.1260 1.7451 1.1585 1.1501 0.2077 0.3145 0.2635 0.1773 0.2233 0.3087 0.0000 0.0000 0.0000 
main 11.0000 4.0000 54.0000 7.0000 1.0000 7.0000 6.0000 2.0000 0.1036 0.2500 1.5003 0.0906 0.1145 b 0.1090 1.7503 1.2255 1.2172 0.1782 0.1503 0.2247 0.3604 0.3981 0.1885 0.0000 0.0000 0.0000 
main 11.0000 4.0000 62.0000 10.0000 2.0000 10.0000 9.0000 1.0000 0.0498 0.2505 2.2547 0.0349 0.0588 b 0.1190 2.5047 1.1579 1.1496 0.2499 0.2846 0.3180 0.1761 0.2793 0.2202 0.1835 0.2989 0.2442 
main 11.0000 4.0000 46.0000 5.0000 0.0000 5.0000 4.0000 0.0000 0.0000 0.2500 1.0000 0.0000 0.0000 b 0.1700 1.2500 1.2830 1.2746 0.2500 0.2500 0.2500 0.2500 0.0000 0.0000 0.0000 0.0000 0.0000 
main 11.0000 4.0000 8.0000 6.0000 0.0000 6.0000 5.0000 1.0000 0.0546 0.2497 1.2487 0.0349 0.0588 b 0.1380 1.4987 1.3900 1.3816 0.2464 0.2089 0.2482 0.3404 0.2049 0.0000 0.0000 0.0000 0.0000 
main 11.0000 4.0000 59.0000 9.0000 1.0000 9.0000 8.0000 1.0000 0.0515 0.2503 2.0028 0.0349 0.0588 b 0.1550 2.2528 1.2506 1.2423 0.2183 0.3348 0.1954 0.2709 0.2043 0.2743 0.2061 0.2987 0.0000 
main 11.0000 4.0000 48.0000 5.0000 0.0000 5.0000 4.0000 2.0000 0.1039 0.2508 1.0032 0.0906 0.1145 b 0.2230 1.2532 1.2050 1.1966 0.2188 0.3971 0.2351 0.1523 0.0000 0.0000 0.0000 0.0000 0.0000 
main 11.0000 4.0000 42.0000 10.0000 2.0000 10.0000 9.0000 2.0000 0.0910 0.2499 2.2491 0.0906 0.1145 b 0.1260 2.4991 1.2446 1.2363 0.1995 0.1610 0.2906 0.3655 0.1908 0.3984 0.1732 0.3018 0.1683 
main 11.0000 4.0000 10.0000 7.0000 1.0000 7.0000 6.0000 0.0000 0.0000 0.2500 1.5000 0.0000 0.0000 b 0.1830 1.7500 1.1635 1.1552 0.2500 0.2500 0.2500 0.2500 0.2500 0.2500 0.0000 0.0000 0.0000 
main 11.0000 4.0000 36.0000 8.0000 1.0000 8.0000 7.0000 2.0000 0.0952 0.2494 1.7456 0.0906 0.1145 b 0.1250 1.9956 1.3796 1.3713 0.1763 0.3476 0.2951 0.3931 0.1809 0.1506 0.2020 0.0000 0.0000 
main 11.0000 4.0000 41.0000 10.0000 2.0000 10.0000 9.0000 1.0000 0.0536 0.2503 2.2531 0.0349 0.0588 b 0.1170 2.5031 1.3406 1.3323 0.3184 0.2340 0.1912 0.2477 0.2207 0.2526 0.2168 0.3567 0.2150 
main 11.0000 4.0000 1.0000 4.0000 0.0000 4.0000 3.0000 0.0000 0.0000 0.2500 0.7500 0.0000 0.0000 b 0.2250 1.0000 1.0229 1.0146 0.2500 0.2500 0.2500 0.0000 0.0000 0.0000 0.0000 0.0000 0.0000 
main 11.0000 4.0000 55.0000 8.0000 1.0000 8.0000 7.0000 0.0000 0.0000 0.2500 1.7500 0.0000 0.0000 b 0.1490 2.0000 1.2962 1.2879 0.2500 0.2500 0.2500 0.2500 0.2500 0.2500 0.2500 0.0000 0.0000 
main 11.0000 4.0000 61.0000 10.0000 2.0000 10.0000 9.0000 0.0000 0.0000 0.2500 2.2500 0.0000 0.0000 b 0.1260 2.5000 1.4263 1.4179 0.2500 0.2500 0.2500 0.2500 0.2500 0.2500 0.2500 0.2500 0.2500 
main 11.0000 4.0000 14.0000 8.0000 1.0000 8.0000 7.0000 1.0000 0.0549 0.2504 1.7530 0.0349 0.0588 b 0.1590 2.0030 1.2639 1.2556 0.2339 0.1991 0.3276 0.2181 0.2762 0.3104 0.1877 0.0000 0.0000 
main 11.0000 4.0000 58.0000 9.0000 1.0000 9.0000 8.0000 0.0000 0.0000 0.2500 2.0000 0.0000 0.0000 b 0.1000 2.2500 1.3290 1.3207 0.2500 0.2500 0.2500 0.2500 0.2500 0.2500 0.2500 0.2500 0.0000 
main 11.0000 4.0000 44.0000 4.0000 0.0000 4.0000 3.0000 1.0000 0.0527 0.2497 0.7490 0.0349 0.0588 b 0.2770 0.9990 1.1375 1.1292 0.2583 0.1932 0.2975 0.0000 0.0000 0.0000 0.0000 0.0000 0.0000 
main 11.0000 4.0000 21.0000 10.0000 2.0000 10.0000 9.0000 2.0000 0.0913 0.2498 2.2484 0.0906 0.1145 b 0.1450 2.4984 1.1003 1.0920 0.2181 0.1649 0.2788 0.2188 0.3883 0.1562 0.3956 0.2634 0.1644 
main 11.0000 4.0000 33.0000 7.0000 1.0000 7.0000 6.0000 2.0000 0.0919 0.2495 1.4972 0.0906 0.1145 b 0.1160 1.7472 1.2391 1.2308 0.2515 0.3130 0.1650 0.3975 0.2056 0.1645 0.0000 0.0000 0.0000 
main 11.0000 4.0000 60.0000 9.0000 1.0000 9.0000 8.0000 2.0000 0.0923 0.2498 1.9987 0.0906 0.1145 b 0.0940 2.2487 1.4580 1.4497 0.1821 0.2901 0.2525 0.3790 0.2003 0.1601 0.3806 0.1540 0.0000 
main 11.0000 4.0000 25.0000 5.0000 0.0000 5.0000 4.0000 0.0000 0.0000 0.2500 1.0000 0.0000 0.0000 b 0.2250 1.2500 1.0471 1.0387 0.2500 0.2500 0.2500 0.2500 0.0000 0.0000 0.0000 0.0000 0.0000 
main 11.0000 4.0000 7.0000 6.0000 0.0000 6.0000 5.0000 0.0000 0.0000 0.2500 1.2500 0.0000 0.0000 b 0.1030 1.5000 1.0436 1.0353 0.2500 0.2500 0.2500 0.2500 0.2500 0.0000 0.0000 0.0000 0.0000 
main 11.0000 4.0000 34.0000 8.0000 1.0000 8.0000 7.0000 0.0000 0.0000 0.2500 1.7500 0.0000 0.0000 NA E 2.0000 1.1327 1.1244 0.2500 0.2500 0.2500 0.2500 0.2500 0.2500 0.2500 0.0000 0.0000 
main 11.0000 4.0000 63.0000 10.0000 2.0000 10.0000 9.0000 2.0000 0.0953 0.2505 2.2544 0.0906 0.1145 b 0.2220 2.5044 1.1814 1.1731 0.2237 0.1554 0.2006 0.3930 0.1912 0.3671 0.2145 0.3584 0.1506 
main 11.0000 4.0000 37.0000 9.0000 1.0000 9.0000 8.0000 0.0000 0.0000 0.2500 2.0000 0.0000 0.0000 b 0.1080 2.2500 1.2600 1.2517 0.2500 0.2500 0.2500 0.2500 0.2500 0.2500 0.2500 0.2500 0.0000 
main 11.0000 4.0000 18.0000 9.0000 1.0000 9.0000 8.0000 2.0000 0.0911 0.2494 1.9952 0.0906 0.1145 b 0.1360 2.2452 1.1754 1.1671 0.1773 0.2322 0.1865 0.3080 0.1724 0.3881 0.1664 0.3643 0.0000 
main 11.0000 4.0000 5.0000 5.0000 0.0000 5.0000 4.0000 1.0000 0.0458 0.2511 1.0042 0.0349 0.0588 b 0.1830 1.2542 1.4367 1.4283 0.1977 0.2720 0.3025 0.2321 0.0000 0.0000 0.0000 0.0000 0.0000 
main 11.0000 4.0000 11.0000 7.0000 1.0000 7.0000 6.0000 1.0000 0.0584 0.2504 1.5024 0.0349 0.0588 b 0.0980 1.7524 1.2433 1.2350 0.2828 0.1827 0.3179 0.1888 0.3013 0.2289 0.0000 0.0000 0.0000 
main 11.0000 5.0000 17.0000 9.0000 1.0000 9.0000 8.0000 1.0000 0.0577 0.2505 2.0037 0.0349 0.0588 b 0.1300 2.2537 1.4656 1.4572 0.1706 0.3325 0.2561 0.2229 0.1976 0.2457 0.3315 0.2468 0.0000 
main 11.0000 5.0000 27.0000 5.0000 0.0000 5.0000 4.0000 2.0000 0.1139 0.2494 0.9975 0.0906 0.1145 b 0.1560 1.2475 1.4281 1.4197 0.1658 0.2854 0.3946 0.1517 0.0000 0.0000 0.0000 0.0000 0.0000 
main 11.0000 5.0000 54.0000 7.0000 1.0000 7.0000 6.0000 2.0000 0.0948 0.2506 1.5036 0.0906 0.1145 b 0.1450 1.7536 1.2404 1.2321 0.1960 0.1525 0.3915 0.1899 0.2314 0.3422 0.0000 0.0000 0.0000 
main 11.0000 5.0000 34.0000 8.0000 1.0000 8.0000 7.0000 0.0000 0.0000 0.2500 1.7500 0.0000 0.0000 b 0.1200 2.0000 1.4983 1.4900 0.2500 0.2500 0.2500 0.2500 0.2500 0.2500 0.2500 0.0000 0.0000 
main 11.0000 5.0000 53.0000 7.0000 1.0000 7.0000 6.0000 1.0000 0.0552 0.2506 1.5039 0.0349 0.0588 b 0.1520 1.7539 1.3730 1.3647 0.2264 0.1785 0.2600 0.2929 0.2157 0.3303 0.0000 0.0000 0.0000 
main 11.0000 5.0000 32.0000 7.0000 1.0000 7.0000 6.0000 1.0000 0.0571 0.2493 1.4956 0.0349 0.0588 b 0.1180 1.7456 1.0302 1.0219 0.2069 0.2852 0.2502 0.3050 0.1576 0.2907 0.0000 0.0000 0.0000 
main 11.0000 5.0000 8.0000 6.0000 0.0000 6.0000 5.0000 1.0000 0.0462 0.2491 1.2454 0.0349 0.0588 b 0.1520 1.4954 1.2286 1.2202 0.2119 0.2987 0.2019 0.2359 0.2970 0.0000 0.0000 0.0000 0.0000 
main 11.0000 5.0000 3.0000 4.0000 0.0000 4.0000 3.0000 2.0000 0.1128 0.2504 0.7512 0.0906 0.1145 b 0.1730 1.0012 1.4660 1.4576 0.1589 0.3765 0.2159 0.0000 0.0000 0.0000 0.0000 0.0000 0.0000 
main 11.0000 5.0000 51.0000 6.0000 0.0000 6.0000 5.0000 2.0000 0.0914 0.2510 1.2549 0.0906 0.1145 b 0.1390 1.5049 1.2841 1.2757 0.2148 0.3148 0.1564 0.1926 0.3762 0.0000 0.0000 0.0000 0.0000 
main 11.0000 5.0000 62.0000 10.0000 2.0000 10.0000 9.0000 1.0000 0.0516 0.2500 2.2499 0.0349 0.0588 b 0.1340 2.4999 1.3012 1.2928 0.2588 0.1962 0.2554 0.1703 0.2999 0.2444 0.2943 0.2062 0.3245 
main 11.0000 5.0000 30.0000 6.0000 0.0000 6.0000 5.0000 2.0000 0.0955 0.2493 1.2464 0.0906 0.1145 b 0.1360 1.4964 1.2476 1.2393 0.1547 0.3132 0.1834 0.3825 0.2126 0.0000 0.0000 0.0000 0.0000 
main 11.0000 5.0000 61.0000 10.0000 2.0000 10.0000 9.0000 0.0000 0.0000 0.2500 2.2500 0.0000 0.0000 b 0.0960 2.5000 1.3775 1.3691 0.2500 0.2500 0.2500 0.2500 0.2500 0.2500 0.2500 0.2500 0.2500 
main 11.0000 5.0000 38.0000 9.0000 1.0000 9.0000 8.0000 1.0000 0.0566 0.2504 2.0030 0.0349 0.0588 b 0.1310 2.2530 1.3155 1.3072 0.2706 0.1829 0.3248 0.2262 0.3288 0.2558 0.1808 0.2330 0.0000 
main 11.0000 5.0000 4.0000 5.0000 0.0000 5.0000 4.0000 0.0000 0.0000 0.2500 1.0000 0.0000 0.0000 b 0.1410 1.2500 1.2399 1.2316 0.2500 0.2500 0.2500 0.2500 0.0000 0.0000 0.0000 0.0000 0.0000 
main 11.0000 5.0000 25.0000 5.0000 0.0000 5.0000 4.0000 0.0000 0.0000 0.2500 1.0000 0.0000 0.0000 b 0.1100 1.2500 1.2260 1.2177 0.2500 0.2500 0.2500 0.2500 0.0000 0.0000 0.0000 0.0000 0.0000 
main 11.0000 5.0000 14.0000 8.0000 1.0000 8.0000 7.0000 1.0000 0.0562 0.2498 1.7484 0.0349 0.0588 b 0.1350 1.9984 1.4833 1.4749 0.2693 0.1794 0.3016 0.2686 0.2986 0.2696 0.1614 0.0000 0.0000 
main 11.0000 5.0000 63.0000 10.0000 2.0000 10.0000 9.0000 2.0000 0.0915 0.2500 2.2501 0.0906 0.1145 b 0.1500 2.5001 1.1732 1.1648 0.3823 0.1984 0.1661 0.3943 0.2220 0.1610 0.2333 0.1760 0.3168 
main 11.0000 5.0000 55.0000 8.0000 1.0000 8.0000 7.0000 0.0000 0.0000 0.2500 1.7500 0.0000 0.0000 b 0.1060 2.0000 1.3870 1.3787 0.2500 0.2500 0.2500 0.2500 0.2500 0.2500 0.2500 0.0000 0.0000 
main 11.0000 5.0000 2.0000 4.0000 0.0000 4.0000 3.0000 1.0000 0.0557 0.2491 0.7473 0.0349 0.0588 b 0.2060 0.9973 1.1317 1.1233 0.1920 0.2520 0.3033 0.0000 0.0000 0.0000 0.0000 0.0000 0.0000 
main 11.0000 5.0000 35.0000 8.0000 1.0000 8.0000 7.0000 1.0000 0.0563 0.2503 1.7521 0.0349 0.0588 b 0.1400 2.0021 1.4482 1.4399 0.2618 0.2906 0.2153 0.3061 0.2225 0.3025 0.1532 0.0000 0.0000 
main 11.0000 5.0000 59.0000 9.0000 1.0000 9.0000 8.0000 1.0000 0.0535 0.2494 1.9954 0.0349 0.0588 b 0.1270 2.2454 1.2228 1.2145 0.1780 0.2634 0.1912 0.2684 0.2223 0.3322 0.2343 0.3056 0.0000 
main 11.0000 5.0000 50.0000 6.0000 0.0000 6.0000 5.0000 1.0000 0.0441 0.2498 1.2492 0.0349 0.0588 b 0.1790 1.4992 1.1498 1.1414 0.2629 0.2242 0.3106 0.2583 0.1932 0.0000 0.0000 0.0000 0.0000 
main 11.0000 5.0000 33.0000 7.0000 1.0000 7.0000 6.0000 2.0000 0.1117 0.2504 1.5022 0.0906 0.1145 b 0.1770 1.7522 1.3621 1.3537 0.1767 0.3949 0.1543 0.2039 0.3913 0.1811 0.0000 0.0000 0.0000 
main 11.0000 5.0000 47.0000 5.0000 0.0000 5.0000 4.0000 1.0000 0.0426 0.2488 0.9954 0.0349 0.0588 b 0.1790 1.2454 1.2366 1.2282 0.2246 0.2745 0.2022 0.2940 0.0000 0.0000 0.0000 0.0000 0.0000 
main 11.0000 5.0000 18.0000 9.0000 1.0000 9.0000 8.0000 2.0000 0.0929 0.2498 1.9982 0.0906 0.1145 b 0.1270 2.2482 1.3033 1.2950 0.1793 0.1512 0.3935 0.1753 0.2052 0.3458 0.2143 0.3337 0.0000 
main 11.0000 5.0000 41.0000 10.0000 2.0000 10.0000 9.0000 1.0000 0.0555 0.2497 2.2475 0.0349 0.0588 b 0.1630 2.4975 1.4682 1.4598 0.3652 0.2617 0.1849 0.2780 0.2273 0.1908 0.2202 0.2834 0.2360 
main 11.0000 5.0000 46.0000 5.0000 0.0000 5.0000 4.0000 0.0000 0.0000 0.2500 1.0000 0.0000 0.0000 b 0.1790 1.2500 1.4728 1.4644 0.2500 0.2500 0.2500 0.2500 0.0000 0.0000 0.0000 0.0000 0.0000 
main 11.0000 5.0000 21.0000 10.0000 2.0000 10.0000 9.0000 2.0000 0.0924 0.2503 2.2527 0.0906 0.1145 b 0.1520 2.5027 1.3076 1.2993 0.1819 0.1548 0.2389 0.1722 0.2423 0.3969 0.2980 0.1784 0.3893 
main 11.0000 5.0000 44.0000 4.0000 0.0000 4.0000 3.0000 1.0000 0.0508 0.2498 0.7495 0.0349 0.0588 b 0.2450 0.9995 1.0225 1.0141 0.2382 0.2058 0.3054 0.0000 0.0000 0.0000 0.0000 0.0000 0.0000 
main 11.0000 5.0000 26.0000 5.0000 0.0000 5.0000 4.0000 1.0000 0.0533 0.2498 0.9993 0.0349 0.0588 b 0.1220 1.2493 1.3729 1.3646 0.1818 0.3060 0.2739 0.2376 0.0000 0.0000 0.0000 0.0000 0.0000 
main 11.0000 5.0000 58.0000 9.0000 1.0000 9.0000 8.0000 0.0000 0.0000 0.2500 2.0000 0.0000 0.0000 b 0.1310 2.2500 1.0692 1.0609 0.2500 0.2500 0.2500 0.2500 0.2500 0.2500 0.2500 0.2500 0.0000 
main 11.0000 5.0000 5.0000 5.0000 0.0000 5.0000 4.0000 1.0000 0.0498 0.2505 1.0022 0.0349 0.0588 b 0.1660 1.2522 1.1722 1.1639 0.3089 0.2682 0.1919 0.2332 0.0000 0.0000 0.0000 0.0000 0.0000 
main 11.0000 5.0000 15.0000 8.0000 1.0000 8.0000 7.0000 2.0000 0.0925 0.2499 1.7493 0.0906 0.1145 b 0.2010 1.9993 1.2649 1.2566 0.2104 0.1579 0.3703 0.1703 0.1979 0.2596 0.3829 0.0000 0.0000 
main 11.0000 5.0000 39.0000 9.0000 1.0000 9.0000 8.0000 2.0000 0.0910 0.2505 2.0042 0.0906 0.1145 b 0.1490 2.2542 1.4540 1.4456 0.1527 0.3224 0.2783 0.1667 0.3723 0.2012 0.1599 0.3506 0.0000 
main 11.0000 5.0000 13.0000 8.0000 1.0000 8.0000 7.0000 0.0000 0.0000 0.2500 1.7500 0.0000 0.0000 b 0.1640 2.0000 1.1714 1.1630 0.2500 0.2500 0.2500 0.2500 0.2500 0.2500 0.2500 0.0000 0.0000 
main 11.0000 5.0000 31.0000 7.0000 1.0000 7.0000 6.0000 0.0000 0.0000 0.2500 1.5000 0.0000 0.0000 b 0.1500 1.7500 1.0988 1.0904 0.2500 0.2500 0.2500 0.2500 0.2500 0.2500 0.0000 0.0000 0.0000 
main 11.0000 5.0000 19.0000 10.0000 2.0000 10.0000 9.0000 0.0000 0.0000 0.2500 2.2500 0.0000 0.0000 b 0.1460 2.5000 1.0995 1.0911 0.2500 0.2500 0.2500 0.2500 0.2500 0.2500 0.2500 0.2500 0.2500 
main 11.0000 5.0000 40.0000 10.0000 2.0000 10.0000 9.0000 0.0000 0.0000 0.2500 2.2500 0.0000 0.0000 b 0.1390 2.5000 1.0152 1.0069 0.2500 0.2500 0.2500 0.2500 0.2500 0.2500 0.2500 0.2500 0.2500 
main 11.0000 5.0000 1.0000 4.0000 0.0000 4.0000 3.0000 0.0000 0.0000 0.2500 0.7500 0.0000 0.0000 b 0.2210 1.0000 1.0991 1.0907 0.2500 0.2500 0.2500 0.0000 0.0000 0.0000 0.0000 0.0000 0.0000 
main 11.0000 5.0000 49.0000 6.0000 0.0000 6.0000 5.0000 0.0000 0.0000 0.2500 1.2500 0.0000 0.0000 b 0.1240 1.5000 1.2032 1.1949 0.2500 0.2500 0.2500 0.2500 0.2500 0.0000 0.0000 0.0000 0.0000 
main 11.0000 5.0000 23.0000 4.0000 0.0000 4.0000 3.0000 1.0000 0.0469 0.2491 0.7474 0.0349 0.0588 b 0.1940 0.9974 1.2656 1.2573 0.2950 0.2513 0.2012 0.0000 0.0000 0.0000 0.0000 0.0000 0.0000 
main 11.0000 5.0000 29.0000 6.0000 0.0000 6.0000 5.0000 1.0000 0.0499 0.2502 1.2512 0.0349 0.0588 b 0.1120 1.5012 1.2274 1.2190 0.2705 0.3062 0.2775 0.1855 0.2115 0.0000 0.0000 0.0000 0.0000 
main 11.0000 5.0000 11.0000 7.0000 1.0000 7.0000 6.0000 1.0000 0.0537 0.2507 1.5043 0.0349 0.0588 b 0.1430 1.7543 1.4269 1.4186 0.3087 0.2302 0.2626 0.1721 0.3096 0.2210 0.0000 0.0000 0.0000 
main 11.0000 5.0000 7.0000 6.0000 0.0000 6.0000 5.0000 0.0000 0.0000 0.2500 1.2500 0.0000 0.0000 b 0.1550 1.5000 1.3345 1.3261 0.2500 0.2500 0.2500 0.2500 0.2500 0.0000 0.0000 0.0000 0.0000 
main 11.0000 5.0000 24.0000 4.0000 0.0000 4.0000 3.0000 2.0000 0.0931 0.2495 0.7484 0.0906 0.1145 b 0.2010 0.9984 1.3800 1.3717 0.1542 0.2541 0.3401 0.0000 0.0000 0.0000 0.0000 0.0000 0.0000 
main 11.0000 5.0000 36.0000 8.0000 1.0000 8.0000 7.0000 2.0000 0.1049 0.2501 1.7509 0.0906 0.1145 b 0.1470 2.0009 1.1702 1.1619 0.1538 0.1899 0.3990 0.3551 0.1799 0.1511 0.3222 0.0000 0.0000 
main 11.0000 5.0000 20.0000 10.0000 2.0000 10.0000 9.0000 1.0000 0.0566 0.2503 2.2523 0.0349 0.0588 b 0.1110 2.5023 1.2124 1.2040 0.3145 0.1561 0.1891 0.2874 0.2003 0.3037 0.2427 0.2933 0.2651 
main 11.0000 5.0000 10.0000 7.0000 1.0000 7.0000 6.0000 0.0000 0.0000 0.2500 1.5000 0.0000 0.0000 b 0.1380 1.7500 1.3295 1.3211 0.2500 0.2500 0.2500 0.2500 0.2500 0.2500 0.0000 0.0000 0.0000 
main 11.0000 5.0000 43.0000 4.0000 0.0000 4.0000 3.0000 0.0000 0.0000 0.2500 0.7500 0.0000 0.0000 b 0.1910 1.0000 1.2057 1.1974 0.2500 0.2500 0.2500 0.0000 0.0000 0.0000 0.0000 0.0000 0.0000 
main 11.0000 5.0000 9.0000 6.0000 0.0000 6.0000 5.0000 2.0000 0.0930 0.2493 1.2466 0.0906 0.1145 b 0.1240 1.4966 1.0801 1.0717 0.2366 0.3020 0.1697 0.3798 0.1585 0.0000 0.0000 0.0000 0.0000 
main 11.0000 5.0000 6.0000 5.0000 0.0000 5.0000 4.0000 2.0000 0.0974 0.2498 0.9991 0.0906 0.1145 b 0.1470 1.2491 1.1081 1.0998 0.2095 0.3940 0.1800 0.2156 0.0000 0.0000 0.0000 0.0000 0.0000 
main 11.0000 5.0000 16.0000 9.0000 1.0000 9.0000 8.0000 0.0000 0.0000 0.2500 2.0000 0.0000 0.0000 b 0.1200 2.2500 1.1412 1.1328 0.2500 0.2500 0.2500 0.2500 0.2500 0.2500 0.2500 0.2500 0.0000 
main 11.0000 5.0000 37.0000 9.0000 1.0000 9.0000 8.0000 0.0000 0.0000 0.2500 2.0000 0.0000 0.0000 b 0.1340 2.2500 1.1343 1.1259 0.2500 0.2500 0.2500 0.2500 0.2500 0.2500 0.2500 0.2500 0.0000 
main 11.0000 5.0000 42.0000 10.0000 2.0000 10.0000 9.0000 2.0000 0.1014 0.2495 2.2459 0.0906 0.1145 b 0.1420 2.4959 1.3936 1.3853 0.3755 0.1562 0.3968 0.2363 0.1508 0.3637 0.2215 0.1584 0.1866 
main 11.0000 5.0000 28.0000 6.0000 0.0000 6.0000 5.0000 0.0000 0.0000 0.2500 1.2500 0.0000 0.0000 b 0.2160 1.5000 1.0438 1.0355 0.2500 0.2500 0.2500 0.2500 0.2500 0.0000 0.0000 0.0000 0.0000 
main 11.0000 5.0000 12.0000 7.0000 1.0000 7.0000 6.0000 2.0000 0.0974 0.2492 1.4951 0.0906 0.1145 b 0.1820 1.7451 1.3149 1.3066 0.1544 0.3307 0.1683 0.3728 0.1654 0.3035 0.0000 0.0000 0.0000 
main 11.0000 5.0000 45.0000 4.0000 0.0000 4.0000 3.0000 2.0000 0.1135 0.2513 0.7540 0.0906 0.1145 b 0.2160 1.0040 1.4423 1.4339 0.2104 0.1640 0.3797 0.0000 0.0000 0.0000 0.0000 0.0000 0.0000 
main 11.0000 5.0000 57.0000 8.0000 1.0000 8.0000 7.0000 2.0000 0.0912 0.2493 1.7450 0.0906 0.1145 b 0.1400 1.9950 1.1664 1.1581 0.3977 0.1748 0.2070 0.1704 0.3535 0.1901 0.2514 0.0000 0.0000 
main 11.0000 5.0000 60.0000 9.0000 1.0000 9.0000 8.0000 2.0000 0.0942 0.2495 1.9961 0.0906 0.1145 b 0.1570 2.2461 1.1016 1.0932 0.3814 0.1586 0.3442 0.2888 0.1900 0.1568 0.3202 0.1560 0.0000 
main 11.0000 5.0000 22.0000 4.0000 0.0000 4.0000 3.0000 0.0000 0.0000 0.2500 0.7500 0.0000 0.0000 b 0.2020 1.0000 1.2031 1.1948 0.2500 0.2500 0.2500 0.0000 0.0000 0.0000 0.0000 0.0000 0.0000 
main 11.0000 5.0000 48.0000 5.0000 0.0000 5.0000 4.0000 2.0000 0.0963 0.2503 1.0014 0.0906 0.1145 b 0.1280 1.2514 1.0896 1.0813 0.1543 0.3350 0.1807 0.3315 0.0000 0.0000 0.0000 0.0000 0.0000 
main 11.0000 5.0000 52.0000 7.0000 1.0000 7.0000 6.0000 0.0000 0.0000 0.2500 1.5000 0.0000 0.0000 b 0.1240 1.7500 1.4899 1.4816 0.2500 0.2500 0.2500 0.2500 0.2500 0.2500 0.0000 0.0000 0.0000 
main 11.0000 5.0000 56.0000 8.0000 1.0000 8.0000 7.0000 1.0000 0.0536 0.2506 1.7540 0.0349 0.0588 b 0.0950 2.0040 1.0210 1.0127 0.2123 0.2568 0.2000 0.3040 0.2543 0.3340 0.1926 0.0000 0.0000 
main 11.0000 6.0000 9.0000 6.0000 0.0000 6.0000 5.0000 2.0000 0.0941 0.2497 1.2483 0.0906 0.1145 b 0.1910 1.4983 1.0805 1.0721 0.2899 0.3770 0.1504 0.2675 0.1635 0.0000 0.0000 0.0000 0.0000 
main 11.0000 6.0000 43.0000 4.0000 0.0000 4.0000 3.0000 0.0000 0.0000 0.2500 0.7500 0.0000 0.0000 b 0.1440 1.0000 1.2491 1.2408 0.2500 0.2500 0.2500 0.0000 0.0000 0.0000 0.0000 0.0000 0.0000 
main 11.0000 6.0000 15.0000 8.0000 1.0000 8.0000 7.0000 2.0000 0.0937 0.2506 1.7545 0.0906 0.1145 b 0.1220 2.0045 1.1764 1.1681 0.2215 0.3698 0.2355 0.1579 0.2028 0.3938 0.1732 0.0000 0.0000 
main 11.0000 6.0000 31.0000 7.0000 1.0000 7.0000 6.0000 0.0000 0.0000 0.2500 1.5000 0.0000 0.0000 b 0.1050 1.7500 1.4027 1.3943 0.2500 0.2500 0.2500 0.2500 0.2500 0.2500 0.0000 0.0000 0.0000 
main 11.0000 6.0000 52.0000 7.0000 1.0000 7.0000 6.0000 0.0000 0.0000 0.2500 1.5000 0.0000 0.0000 NA E 1.7500 1.4514 1.4430 0.2500 0.2500 0.2500 0.2500 0.2500 0.2500 0.0000 0.0000 0.0000 
main 11.0000 6.0000 54.0000 7.0000 1.0000 7.0000 6.0000 2.0000 0.0942 0.2503 1.5016 0.0906 0.1145 b 0.1620 1.7516 1.3611 1.3527 0.3900 0.1894 0.2314 0.1560 0.3425 0.1923 0.0000 0.0000 0.0000 
main 11.0000 6.0000 4.0000 5.0000 0.0000 5.0000 4.0000 0.0000 0.0000 0.2500 1.0000 0.0000 0.0000 b 0.1940 1.2500 1.2531 1.2448 0.2500 0.2500 0.2500 0.2500 0.0000 0.0000 0.0000 0.0000 0.0000 
main 11.0000 6.0000 55.0000 8.0000 1.0000 8.0000 7.0000 0.0000 0.0000 0.2500 1.7500 0.0000 0.0000 b 0.1170 2.0000 1.3767 1.3683 0.2500 0.2500 0.2500 0.2500 0.2500 0.2500 0.2500 0.0000 0.0000 
main 11.0000 6.0000 53.0000 7.0000 1.0000 7.0000 6.0000 1.0000 0.0423 0.2502 1.5011 0.0349 0.0588 b 0.1210 1.7511 1.3205 1.3122 0.2253 0.2960 0.2291 0.3086 0.2395 0.2027 0.0000 0.0000 0.0000 
main 11.0000 6.0000 41.0000 10.0000 2.0000 10.0000 9.0000 1.0000 0.0506 0.2505 2.2541 0.0349 0.0588 b 0.1230 2.5041 1.3825 1.3742 0.2187 0.3139 0.2505 0.2117 0.1724 0.2140 0.2756 0.3237 0.2735 
main 11.0000 6.0000 23.0000 4.0000 0.0000 4.0000 3.0000 1.0000 0.0553 0.2515 0.7546 0.0349 0.0588 b 0.2250 1.0046 1.2572 1.2489 0.2541 0.3055 0.1950 0.0000 0.0000 0.0000 0.0000 0.0000 0.0000 
main 11.0000 6.0000 17.0000 9.0000 1.0000 9.0000 8.0000 1.0000 0.0582 0.2495 1.9960 0.0349 0.0588 b 0.1100 2.2460 1.4138 1.4054 0.2544 0.2289 0.3136 0.3393 0.1530 0.2300 0.2624 0.2142 0.0000 
main 11.0000 6.0000 51.0000 6.0000 0.0000 6.0000 5.0000 2.0000 0.1010 0.2509 1.2544 0.0906 0.1145 b 0.1700 1.5044 1.1644 1.1561 0.1885 0.3183 0.1760 0.3961 0.1755 0.0000 0.0000 0.0000 0.0000 
main 11.0000 6.0000 58.0000 9.0000 1.0000 9.0000 8.0000 0.0000 0.0000 0.2500 2.0000 0.0000 0.0000 b 0.1310 2.2500 1.0263 1.0180 0.2500 0.2500 0.2500 0.2500 0.2500 0.2500 0.2500 0.2500 0.0000 
main 11.0000 6.0000 22.0000 4.0000 0.0000 4.0000 3.0000 0.0000 0.0000 0.2500 0.7500 0.0000 0.0000 b 0.2120 1.0000 1.1451 1.1368 0.2500 0.2500 0.2500 0.0000 0.0000 0.0000 0.0000 0.0000 0.0000 
main 11.0000 6.0000 7.0000 6.0000 0.0000 6.0000 5.0000 0.0000 0.0000 0.2500 1.2500 0.0000 0.0000 b 0.1390 1.5000 1.2091 1.2007 0.2500 0.2500 0.2500 0.2500 0.2500 0.0000 0.0000 0.0000 0.0000 
main 11.0000 6.0000 56.0000 8.0000 1.0000 8.0000 7.0000 1.0000 0.0557 0.2507 1.7549 0.0349 0.0588 NA E 2.0049 1.0327 1.0244 0.2001 0.2799 0.2478 0.2178 0.2924 0.3367 0.1803 0.0000 0.0000 
main 11.0000 6.0000 19.0000 10.0000 2.0000 10.0000 9.0000 0.0000 0.0000 0.2500 2.2500 0.0000 0.0000 b 0.1640 2.5000 1.4086 1.4003 0.2500 0.2500 0.2500 0.2500 0.2500 0.2500 0.2500 0.2500 0.2500 
main 11.0000 6.0000 32.0000 7.0000 1.0000 7.0000 6.0000 1.0000 0.0540 0.2502 1.5014 0.0349 0.0588 b 0.1910 1.7514 1.4328 1.4245 0.2246 0.3159 0.1863 0.2511 0.2106 0.3130 0.0000 0.0000 0.0000 
main 11.0000 6.0000 48.0000 5.0000 0.0000 5.0000 4.0000 2.0000 0.1052 0.2504 1.0016 0.0906 0.1145 b 0.2120 1.2516 1.0982 1.0898 0.1738 0.3014 0.3736 0.1528 0.0000 0.0000 0.0000 0.0000 0.0000 
main 11.0000 6.0000 18.0000 9.0000 1.0000 9.0000 8.0000 2.0000 0.0926 0.2496 1.9966 0.0906 0.1145 b 0.1570 2.2466 1.0296 1.0213 0.2037 0.1659 0.2462 0.1840 0.3925 0.1618 0.2570 0.3855 0.0000 
main 11.0000 6.0000 62.0000 10.0000 2.0000 10.0000 9.0000 1.0000 0.0512 0.2496 2.2465 0.0349 0.0588 b 0.1650 2.4965 1.2419 1.2336 0.2534 0.2891 0.1592 0.2040 0.2675 0.3282 0.2411 0.2160 0.2880 
main 11.0000 6.0000 8.0000 6.0000 0.0000 6.0000 5.0000 1.0000 0.0516 0.2494 1.2469 0.0349 0.0588 b 0.1860 1.4969 1.2468 1.2384 0.1884 0.3071 0.2740 0.2015 0.2759 0.0000 0.0000 0.0000 0.0000 
main 11.0000 6.0000 14.0000 8.0000 1.0000 8.0000 7.0000 1.0000 0.0539 0.2504 1.7529 0.0349 0.0588 b 0.1810 2.0029 1.2274 1.2190 0.2667 0.3424 0.2140 0.1715 0.2731 0.2264 0.2589 0.0000 0.0000 
main 11.0000 6.0000 46.0000 5.0000 0.0000 5.0000 4.0000 0.0000 0.0000 0.2500 1.0000 0.0000 0.0000 b 0.2190 1.2500 1.2919 1.2836 0.2500 0.2500 0.2500 0.2500 0.0000 0.0000 0.0000 0.0000 0.0000 
main 11.0000 6.0000 40.0000 10.0000 2.0000 10.0000 9.0000 0.0000 0.0000 0.2500 2.2500 0.0000 0.0000 b 0.1580 2.5000 1.4822 1.4739 0.2500 0.2500 0.2500 0.2500 0.2500 0.2500 0.2500 0.2500 0.2500 
main 11.0000 6.0000 45.0000 4.0000 0.0000 4.0000 3.0000 2.0000 0.1106 0.2515 0.7546 0.0906 0.1145 b 0.3300 1.0046 1.2113 1.2029 0.3730 0.1566 0.2251 0.0000 0.0000 0.0000 0.0000 0.0000 0.0000 
main 11.0000 6.0000 24.0000 4.0000 0.0000 4.0000 3.0000 2.0000 0.0935 0.2486 0.7458 0.0906 0.1145 b 0.1630 0.9958 1.1100 1.1016 0.3450 0.2425 0.1583 0.0000 0.0000 0.0000 0.0000 0.0000 0.0000 
main 11.0000 6.0000 49.0000 6.0000 0.0000 6.0000 5.0000 0.0000 0.0000 0.2500 1.2500 0.0000 0.0000 b 0.1720 1.5000 1.4200 1.4117 0.2500 0.2500 0.2500 0.2500 0.2500 0.0000 0.0000 0.0000 0.0000 
main 11.0000 6.0000 50.0000 6.0000 0.0000 6.0000 5.0000 1.0000 0.0575 0.2509 1.2546 0.0349 0.0588 b 0.1760 1.5046 1.3380 1.3296 0.1871 0.2890 0.3262 0.2462 0.2061 0.0000 0.0000 0.0000 0.0000 
main 11.0000 6.0000 39.0000 9.0000 1.0000 9.0000 8.0000 2.0000 0.0922 0.2503 2.0026 0.0906 0.1145 b 0.1680 2.2526 1.2663 1.2580 0.3648 0.1573 0.1989 0.2946 0.3995 0.1654 0.1944 0.2277 0.0000 
main 11.0000 6.0000 34.0000 8.0000 1.0000 8.0000 7.0000 0.0000 0.0000 0.2500 1.7500 0.0000 0.0000 b 0.1480 2.0000 1.1654 1.1570 0.2500 0.2500 0.2500 0.2500 0.2500 0.2500 0.2500 0.0000 0.0000 
main 11.0000 6.0000 57.0000 8.0000 1.0000 8.0000 7.0000 2.0000 0.0945 0.2496 1.7471 0.0906 0.1145 b 0.1540 1.9971 1.3325 1.3242 0.3967 0.1726 0.2041 0.1514 0.3269 0.1833 0.3122 0.0000 0.0000 
main 11.0000 6.0000 59.0000 9.0000 1.0000 9.0000 8.0000 1.0000 0.0530 0.2495 1.9959 0.0349 0.0588 b 0.1480 2.2459 1.3946 1.3863 0.2351 0.2968 0.3288 0.2784 0.1948 0.2712 0.2145 0.1762 0.0000 
main 11.0000 6.0000 35.0000 8.0000 1.0000 8.0000 7.0000 1.0000 0.0490 0.2505 1.7538 0.0349 0.0588 b 0.1590 2.0038 1.3887 1.3804 0.2048 0.2777 0.2464 0.2718 0.1678 0.3114 0.2740 0.0000 0.0000 
main 11.0000 6.0000 27.0000 5.0000 0.0000 5.0000 4.0000 2.0000 0.0911 0.2506 1.0024 0.0906 0.1145 b 0.1890 1.2524 1.4374 1.4290 0.2019 0.3719 0.2650 0.1636 0.0000 0.0000 0.0000 0.0000 0.0000 
main 11.0000 6.0000 5.0000 5.0000 0.0000 5.0000 4.0000 1.0000 0.0421 0.2509 1.0035 0.0349 0.0588 b 0.1730 1.2535 1.2285 1.2201 0.2649 0.2994 0.2399 0.1993 0.0000 0.0000 0.0000 0.0000 0.0000 
main 11.0000 6.0000 37.0000 9.0000 1.0000 9.0000 8.0000 0.0000 0.0000 0.2500 2.0000 0.0000 0.0000 b 0.1690 2.2500 1.3524 1.3440 0.2500 0.2500 0.2500 0.2500 0.2500 0.2500 0.2500 0.2500 0.0000 
main 11.0000 6.0000 21.0000 10.0000 2.0000 10.0000 9.0000 2.0000 0.0915 0.2498 2.2486 0.0906 0.1145 b 0.1720 2.4986 1.4349 1.4266 0.1531 0.1949 0.1563 0.3778 0.1672 0.2747 0.2468 0.3946 0.2832 
main 11.0000 6.0000 61.0000 10.0000 2.0000 10.0000 9.0000 0.0000 0.0000 0.2500 2.2500 0.0000 0.0000 b 0.1550 2.5000 1.0028 0.9944 0.2500 0.2500 0.2500 0.2500 0.2500 0.2500 0.2500 0.2500 0.2500 
main 11.0000 6.0000 47.0000 5.0000 0.0000 5.0000 4.0000 1.0000 0.0378 0.2508 1.0031 0.0349 0.0588 b 0.1870 1.2531 1.0891 1.0807 0.2302 0.2575 0.3009 0.2145 0.0000 0.0000 0.0000 0.0000 0.0000 
main 11.0000 6.0000 6.0000 5.0000 0.0000 5.0000 4.0000 2.0000 0.0989 0.2509 1.0035 0.0906 0.1145 b 0.3240 1.2535 1.0283 1.0200 0.3798 0.2698 0.1502 0.2037 0.0000 0.0000 0.0000 0.0000 0.0000 
main 11.0000 6.0000 25.0000 5.0000 0.0000 5.0000 4.0000 0.0000 0.0000 0.2500 1.0000 0.0000 0.0000 b 0.1840 1.2500 1.4624 1.4540 0.2500 0.2500 0.2500 0.2500 0.0000 0.0000 0.0000 0.0000 0.0000 
main 11.0000 6.0000 63.0000 10.0000 2.0000 10.0000 9.0000 2.0000 0.0993 0.2503 2.2527 0.0906 0.1145 b 0.1390 2.5027 1.1978 1.1894 0.1777 0.3502 0.1518 0.3948 0.1560 0.2175 0.1817 0.3852 0.2379 
main 11.0000 6.0000 60.0000 9.0000 1.0000 9.0000 8.0000 2.0000 0.0928 0.2502 2.0017 0.0906 0.1145 b 0.1380 2.2517 1.1080 1.0997 0.2864 0.1543 0.3250 0.3844 0.1569 0.3347 0.1649 0.1952 0.0000 
main 11.0000 6.0000 20.0000 10.0000 2.0000 10.0000 9.0000 1.0000 0.0560 0.2502 2.2521 0.0349 0.0588 b 0.1570 2.5021 1.1639 1.1555 0.2646 0.1718 0.2379 0.1944 0.3257 0.2163 0.2889 0.2227 0.3298 
main 11.0000 6.0000 13.0000 8.0000 1.0000 8.0000 7.0000 0.0000 0.0000 0.2500 1.7500 0.0000 0.0000 b 0.1790 2.0000 1.3537 1.3454 0.2500 0.2500 0.2500 0.2500 0.2500 0.2500 0.2500 0.0000 0.0000 
main 11.0000 6.0000 10.0000 7.0000 1.0000 7.0000 6.0000 0.0000 0.0000 0.2500 1.5000 0.0000 0.0000 b 0.1430 1.7500 1.4128 1.4045 0.2500 0.2500 0.2500 0.2500 0.2500 0.2500 0.0000 0.0000 0.0000 
main 11.0000 6.0000 42.0000 10.0000 2.0000 10.0000 9.0000 2.0000 0.0967 0.2499 2.2493 0.0906 0.1145 b 0.1470 2.4993 1.4745 1.4662 0.1703 0.2268 0.1648 0.3822 0.2510 0.3501 0.1720 0.3812 0.1510 
main 11.0000 6.0000 28.0000 6.0000 0.0000 6.0000 5.0000 0.0000 0.0000 0.2500 1.2500 0.0000 0.0000 b 0.2030 1.5000 1.1998 1.1915 0.2500 0.2500 0.2500 0.2500 0.2500 0.0000 0.0000 0.0000 0.0000 
main 11.0000 6.0000 26.0000 5.0000 0.0000 5.0000 4.0000 1.0000 0.0511 0.2504 1.0015 0.0349 0.0588 b 0.2640 1.2515 1.2624 1.2541 0.3168 0.2275 0.2596 0.1975 0.0000 0.0000 0.0000 0.0000 0.0000 
main 11.0000 6.0000 38.0000 9.0000 1.0000 9.0000 8.0000 1.0000 0.0553 0.2498 1.9982 0.0349 0.0588 b 0.1760 2.2482 1.1509 1.1425 0.2060 0.1742 0.2685 0.2051 0.3031 0.2448 0.3425 0.2539 0.0000 
main 11.0000 6.0000 3.0000 4.0000 0.0000 4.0000 3.0000 2.0000 0.1069 0.2516 0.7547 0.0906 0.1145 b 0.2680 1.0047 1.3913 1.3830 0.1699 0.3726 0.2122 0.0000 0.0000 0.0000 0.0000 0.0000 0.0000 
main 11.0000 6.0000 36.0000 8.0000 1.0000 8.0000 7.0000 2.0000 0.0930 0.2500 1.7502 0.0906 0.1145 b 0.1770 2.0002 1.0604 1.0521 0.1560 0.3799 0.2042 0.1748 0.2486 0.3791 0.2075 0.0000 0.0000 
main 11.0000 6.0000 2.0000 4.0000 0.0000 4.0000 3.0000 1.0000 0.0421 0.2499 0.7496 0.0349 0.0588 b 0.2380 0.9996 1.1755 1.1671 0.2389 0.2964 0.2143 0.0000 0.0000 0.0000 0.0000 0.0000 0.0000 
main 11.0000 6.0000 29.0000 6.0000 0.0000 6.0000 5.0000 1.0000 0.0526 0.2498 1.2489 0.0349 0.0588 b 0.1960 1.4989 1.2156 1.2073 0.2828 0.2281 0.1881 0.2278 0.3220 0.0000 0.0000 0.0000 0.0000 
main 11.0000 6.0000 11.0000 7.0000 1.0000 7.0000 6.0000 1.0000 0.0473 0.2500 1.4998 0.0349 0.0588 b 0.1630 1.7498 1.3061 1.2978 0.2367 0.2670 0.1769 0.2364 0.2618 0.3210 0.0000 0.0000 0.0000 
main 11.0000 6.0000 12.0000 7.0000 1.0000 7.0000 6.0000 2.0000 0.0957 0.2500 1.5000 0.0906 0.1145 b 0.1630 1.7500 1.3413 1.3330 0.2087 0.3778 0.1682 0.3591 0.1565 0.2298 0.0000 0.0000 0.0000 
main 11.0000 6.0000 16.0000 9.0000 1.0000 9.0000 8.0000 0.0000 0.0000 0.2500 2.0000 0.0000 0.0000 b 0.1540 2.2500 1.0989 1.0905 0.2500 0.2500 0.2500 0.2500 0.2500 0.2500 0.2500 0.2500 0.0000 
main 11.0000 6.0000 30.0000 6.0000 0.0000 6.0000 5.0000 2.0000 0.1024 0.2509 1.2543 0.0906 0.1145 b 0.2130 1.5043 1.3425 1.3341 0.3085 0.3903 0.1510 0.2495 0.1549 0.0000 0.0000 0.0000 0.0000 
main 11.0000 6.0000 33.0000 7.0000 1.0000 7.0000 6.0000 2.0000 0.0921 0.2497 1.4981 0.0906 0.1145 b 0.1760 1.7481 1.2870 1.2787 0.1531 0.2371 0.3722 0.2321 0.1579 0.3455 0.0000 0.0000 0.0000 
main 11.0000 6.0000 1.0000 4.0000 0.0000 4.0000 3.0000 0.0000 0.0000 0.2500 0.7500 0.0000 0.0000 b 0.2150 1.0000 1.1601 1.1518 0.2500 0.2500 0.2500 0.0000 0.0000 0.0000 0.0000 0.0000 0.0000 
main 11.0000 6.0000 44.0000 4.0000 0.0000 4.0000 3.0000 1.0000 0.0502 0.2494 0.7483 0.0349 0.0588 b 0.1850 0.9983 1.0574 1.0491 0.3037 0.2402 0.2045 0.0000 0.0000 0.0000 0.0000 0.0000 0.0000 
main 11.0000 7.0000 17.0000 9.0000 1.0000 9.0000 8.0000 1.0000 0.0558 0.2504 2.0033 0.0349 0.0588 b 0.1690 2.2533 1.3033 1.2949 0.2976 0.2464 0.2150 0.2809 0.2436 0.2184 0.1604 0.3408 0.0000 
main 11.0000 7.0000 45.0000 4.0000 0.0000 4.0000 3.0000 2.0000 0.1072 0.2494 0.7483 0.0906 0.1145 b 0.2390 0.9983 1.0264 1.0181 0.1921 0.3730 0.1831 0.0000 0.0000 0.0000 0.0000 0.0000 0.0000 
main 11.0000 7.0000 48.0000 5.0000 0.0000 5.0000 4.0000 2.0000 0.0921 0.2495 0.9979 0.0906 0.1145 b 0.1730 1.2479 1.0029 0.9945 0.2662 0.1537 0.2087 0.3693 0.0000 0.0000 0.0000 0.0000 0.0000 
main 11.0000 7.0000 57.0000 8.0000 1.0000 8.0000 7.0000 2.0000 0.0939 0.2506 1.7544 0.0906 0.1145 b 0.1650 2.0044 1.3107 1.3024 0.2542 0.3910 0.1569 0.3551 0.1890 0.1521 0.2560 0.0000 0.0000 
main 11.0000 7.0000 60.0000 9.0000 1.0000 9.0000 8.0000 2.0000 0.0916 0.2501 2.0010 0.0906 0.1145 b 0.1740 2.2510 1.2463 1.2380 0.2294 0.1747 0.3642 0.1627 0.3204 0.3792 0.2158 0.1545 0.0000 
main 11.0000 7.0000 7.0000 6.0000 0.0000 6.0000 5.0000 0.0000 0.0000 0.2500 1.2500 0.0000 0.0000 b 0.1620 1.5000 1.4993 1.4910 0.2500 0.2500 0.2500 0.2500 0.2500 0.0000 0.0000 0.0000 0.0000 
main 11.0000 7.0000 59.0000 9.0000 1.0000 9.0000 8.0000 1.0000 0.0504 0.2500 2.0003 0.0349 0.0588 b 0.1310 2.2503 1.3973 1.3889 0.1670 0.3069 0.2812 0.2390 0.3122 0.2148 0.2646 0.2146 0.0000 
main 11.0000 7.0000 12.0000 7.0000 1.0000 7.0000 6.0000 2.0000 0.0941 0.2495 1.4972 0.0906 0.1145 b 0.1880 1.7472 1.4491 1.4408 0.3948 0.1771 0.3298 0.1882 0.2454 0.1619 0.0000 0.0000 0.0000 
main 11.0000 7.0000 9.0000 6.0000 0.0000 6.0000 5.0000 2.0000 0.0972 0.2495 1.2473 0.0906 0.1145 b 0.1570 1.4973 1.1396 1.1313 0.1640 0.2977 0.3963 0.1778 0.2114 0.0000 0.0000 0.0000 0.0000 
main 11.0000 7.0000 14.0000 8.0000 1.0000 8.0000 7.0000 1.0000 0.0573 0.2498 1.7487 0.0349 0.0588 b 0.1400 1.9987 1.2980 1.2897 0.2990 0.3469 0.2474 0.1920 0.2530 0.2212 0.1894 0.0000 0.0000 
main 11.0000 7.0000 62.0000 10.0000 2.0000 10.0000 9.0000 1.0000 0.0460 0.2501 2.2509 0.0349 0.0588 b 0.1180 2.5009 1.2647 1.2564 0.2531 0.2236 0.1906 0.2733 0.3138 0.2718 0.3065 0.2320 0.1861 
main 11.0000 7.0000 54.0000 7.0000 1.0000 7.0000 6.0000 2.0000 0.0949 0.2506 1.5038 0.0906 0.1145 b 0.1310 1.7538 1.2498 1.2414 0.3749 0.1642 0.2205 0.3608 0.2243 0.1592 0.0000 0.0000 0.0000 
main 11.0000 7.0000 41.0000 10.0000 2.0000 10.0000 9.0000 1.0000 0.0561 0.2504 2.2532 0.0349 0.0588 b 0.1560 2.5032 1.3186 1.3102 0.3546 0.2540 0.2174 0.2912 0.2295 0.2873 0.2135 0.1589 0.2468 
main 11.0000 7.0000 27.0000 5.0000 0.0000 5.0000 4.0000 2.0000 0.0983 0.2505 1.0019 0.0906 0.1145 b 0.2160 1.2519 1.1973 1.1890 0.2315 0.1509 0.2334 0.3861 0.0000 0.0000 0.0000 0.0000 0.0000 
main 11.0000 7.0000 20.0000 10.0000 2.0000 10.0000 9.0000 1.0000 0.0543 0.2497 2.2471 0.0349 0.0588 b 0.1670 2.4971 1.1791 1.1708 0.3190 0.2171 0.3158 0.2250 0.3025 0.1806 0.2414 0.1801 0.2655 
main 11.0000 7.0000 28.0000 6.0000 0.0000 6.0000 5.0000 0.0000 0.0000 0.2500 1.2500 0.0000 0.0000 b 0.1830 1.5000 1.3911 1.3827 0.2500 0.2500 0.2500 0.2500 0.2500 0.0000 0.0000 0.0000 0.0000 
main 11.0000 7.0000 61.0000 10.0000 2.0000 10.0000 9.0000 0.0000 0.0000 0.2500 2.2500 0.0000 0.0000 b 0.1370 2.5000 1.1745 1.1662 0.2500 0.2500 0.2500 0.2500 0.2500 0.2500 0.2500 0.2500 0.2500 
main 11.0000 7.0000 4.0000 5.0000 0.0000 5.0000 4.0000 0.0000 0.0000 0.2500 1.0000 0.0000 0.0000 b 0.2270 1.2500 1.2282 1.2198 0.2500 0.2500 0.2500 0.2500 0.0000 0.0000 0.0000 0.0000 0.0000 
main 11.0000 7.0000 1.0000 4.0000 0.0000 4.0000 3.0000 0.0000 0.0000 0.2500 0.7500 0.0000 0.0000 b 0.1580 1.0000 1.3769 1.3685 0.2500 0.2500 0.2500 0.0000 0.0000 0.0000 0.0000 0.0000 0.0000 
main 11.0000 7.0000 58.0000 9.0000 1.0000 9.0000 8.0000 0.0000 0.0000 0.2500 2.0000 0.0000 0.0000 b 0.1450 2.2500 1.2368 1.2285 0.2500 0.2500 0.2500 0.2500 0.2500 0.2500 0.2500 0.2500 0.0000 
main 11.0000 7.0000 13.0000 8.0000 1.0000 8.0000 7.0000 0.0000 0.0000 0.2500 1.7500 0.0000 0.0000 b 0.1260 2.0000 1.1716 1.1633 0.2500 0.2500 0.2500 0.2500 0.2500 0.2500 0.2500 0.0000 0.0000 
main 11.0000 7.0000 42.0000 10.0000 2.0000 10.0000 9.0000 2.0000 0.0925 0.2499 2.2494 0.0906 0.1145 b 0.1480 2.4994 1.1713 1.1630 0.2420 0.1833 0.1508 0.3834 0.3395 0.3715 0.2382 0.1522 0.1886 
main 11.0000 7.0000 11.0000 7.0000 1.0000 7.0000 6.0000 1.0000 0.0546 0.2494 1.4964 0.0349 0.0588 b 0.1730 1.7464 1.0220 1.0137 0.2516 0.2179 0.1753 0.2397 0.3371 0.2748 0.0000 0.0000 0.0000 
main 11.0000 7.0000 35.0000 8.0000 1.0000 8.0000 7.0000 1.0000 0.0476 0.2503 1.7523 0.0349 0.0588 b 0.1580 2.0023 1.0357 1.0274 0.1945 0.2504 0.2000 0.2735 0.2264 0.3273 0.2802 0.0000 0.0000 
main 11.0000 7.0000 63.0000 10.0000 2.0000 10.0000 9.0000 2.0000 0.0967 0.2498 2.2478 0.0906 0.1145 b 0.1630 2.4978 1.2568 1.2484 0.2756 0.1538 0.1941 0.1577 0.3832 0.2064 0.3845 0.3345 0.1581 
main 11.0000 7.0000 5.0000 5.0000 0.0000 5.0000 4.0000 1.0000 0.0563 0.2498 0.9991 0.0349 0.0588 b 0.2890 1.2491 1.0937 1.0853 0.2290 0.2039 0.2345 0.3318 0.0000 0.0000 0.0000 0.0000 0.0000 
main 11.0000 7.0000 40.0000 10.0000 2.0000 10.0000 9.0000 0.0000 0.0000 0.2500 2.2500 0.0000 0.0000 b 0.1970 2.5000 1.1818 1.1735 0.2500 0.2500 0.2500 0.2500 0.2500 0.2500 0.2500 0.2500 0.2500 
main 11.0000 7.0000 3.0000 4.0000 0.0000 4.0000 3.0000 2.0000 0.0981 0.2488 0.7465 0.0906 0.1145 b 0.4210 0.9965 1.0609 1.0525 0.3607 0.2084 0.1774 0.0000 0.0000 0.0000 0.0000 0.0000 0.0000 
main 11.0000 7.0000 18.0000 9.0000 1.0000 9.0000 8.0000 2.0000 0.0999 0.2500 1.9997 0.0906 0.1145 b 0.1150 2.2497 1.0207 1.0123 0.1636 0.3350 0.1637 0.2037 0.3942 0.2056 0.1616 0.3722 0.0000 
main 11.0000 7.0000 55.0000 8.0000 1.0000 8.0000 7.0000 0.0000 0.0000 0.2500 1.7500 0.0000 0.0000 b 0.1420 2.0000 1.0454 1.0370 0.2500 0.2500 0.2500 0.2500 0.2500 0.2500 0.2500 0.0000 0.0000 
main 11.0000 7.0000 37.0000 9.0000 1.0000 9.0000 8.0000 0.0000 0.0000 0.2500 2.0000 0.0000 0.0000 b 0.1420 2.2500 1.4507 1.4423 0.2500 0.2500 0.2500 0.2500 0.2500 0.2500 0.2500 0.2500 0.0000 
main 11.0000 7.0000 2.0000 4.0000 0.0000 4.0000 3.0000 1.0000 0.0432 0.2493 0.7480 0.0349 0.0588 b 0.2600 0.9980 1.0011 0.9928 0.2954 0.2097 0.2429 0.0000 0.0000 0.0000 0.0000 0.0000 0.0000 
main 11.0000 7.0000 46.0000 5.0000 0.0000 5.0000 4.0000 0.0000 0.0000 0.2500 1.0000 0.0000 0.0000 b 0.1850 1.2500 1.2601 1.2517 0.2500 0.2500 0.2500 0.2500 0.0000 0.0000 0.0000 0.0000 0.0000 
main 11.0000 7.0000 34.0000 8.0000 1.0000 8.0000 7.0000 0.0000 0.0000 0.2500 1.7500 0.0000 0.0000 b 0.2010 2.0000 1.4682 1.4599 0.2500 0.2500 0.2500 0.2500 0.2500 0.2500 0.2500 0.0000 0.0000 
main 11.0000 7.0000 19.0000 10.0000 2.0000 10.0000 9.0000 0.0000 0.0000 0.2500 2.2500 0.0000 0.0000 b 0.1420 2.5000 1.4211 1.4128 0.2500 0.2500 0.2500 0.2500 0.2500 0.2500 0.2500 0.2500 0.2500 
main 11.0000 7.0000 10.0000 7.0000 1.0000 7.0000 6.0000 0.0000 0.0000 0.2500 1.5000 0.0000 0.0000 b 0.1770 1.7500 1.3093 1.3010 0.2500 0.2500 0.2500 0.2500 0.2500 0.2500 0.0000 0.0000 0.0000 
main 11.0000 7.0000 30.0000 6.0000 0.0000 6.0000 5.0000 2.0000 0.0961 0.2492 1.2458 0.0906 0.1145 b 0.1860 1.4958 1.4450 1.4367 0.1892 0.2259 0.1518 0.3986 0.2804 0.0000 0.0000 0.0000 0.0000 
main 11.0000 7.0000 50.0000 6.0000 0.0000 6.0000 5.0000 1.0000 0.0549 0.2508 1.2542 0.0349 0.0588 b 0.1540 1.5042 1.3485 1.3402 0.1982 0.3303 0.2139 0.2838 0.2281 0.0000 0.0000 0.0000 0.0000 
main 11.0000 7.0000 31.0000 7.0000 1.0000 7.0000 6.0000 0.0000 0.0000 0.2500 1.5000 0.0000 0.0000 b 0.1640 1.7500 1.3313 1.3229 0.2500 0.2500 0.2500 0.2500 0.2500 0.2500 0.0000 0.0000 0.0000 
main 11.0000 7.0000 38.0000 9.0000 1.0000 9.0000 8.0000 1.0000 0.0472 0.2500 1.9999 0.0349 0.0588 b 0.1340 2.2499 1.3632 1.3548 0.2647 0.2977 0.2052 0.2704 0.2223 0.2988 0.1666 0.2742 0.0000 
main 11.0000 7.0000 22.0000 4.0000 0.0000 4.0000 3.0000 0.0000 0.0000 0.2500 0.7500 0.0000 0.0000 b 0.2020 1.0000 1.3618 1.3535 0.2500 0.2500 0.2500 0.0000 0.0000 0.0000 0.0000 0.0000 0.0000 
main 11.0000 7.0000 29.0000 6.0000 0.0000 6.0000 5.0000 1.0000 0.0512 0.2505 1.2526 0.0349 0.0588 b 0.1140 1.5026 1.1138 1.1054 0.2925 0.2035 0.3098 0.1959 0.2510 0.0000 0.0000 0.0000 0.0000 
main 11.0000 7.0000 51.0000 6.0000 0.0000 6.0000 5.0000 2.0000 0.0938 0.2496 1.2482 0.0906 0.1145 b 0.1920 1.4982 1.3097 1.3014 0.1509 0.3033 0.3596 0.2820 0.1524 0.0000 0.0000 0.0000 0.0000 
main 11.0000 7.0000 49.0000 6.0000 0.0000 6.0000 5.0000 0.0000 0.0000 0.2500 1.2500 0.0000 0.0000 b 0.1970 1.5000 1.0166 1.0083 0.2500 0.2500 0.2500 0.2500 0.2500 0.0000 0.0000 0.0000 0.0000 
main 11.0000 7.0000 43.0000 4.0000 0.0000 4.0000 3.0000 0.0000 0.0000 0.2500 0.7500 0.0000 0.0000 b 0.1970 1.0000 1.4827 1.4744 0.2500 0.2500 0.2500 0.0000 0.0000 0.0000 0.0000 0.0000 0.0000 
main 11.0000 7.0000 23.0000 4.0000 0.0000 4.0000 3.0000 1.0000 0.0402 0.2485 0.7454 0.0349 0.0588 b 0.1450 0.9954 1.2141 1.2058 0.2762 0.2024 0.2668 0.0000 0.0000 0.0000 0.0000 0.0000 0.0000 
main 11.0000 7.0000 33.0000 7.0000 1.0000 7.0000 6.0000 2.0000 0.0992 0.2498 1.4988 0.0906 0.1145 b 0.1340 1.7488 1.0286 1.0202 0.1650 0.3521 0.1520 0.2538 0.1904 0.3857 0.0000 0.0000 0.0000 
main 11.0000 7.0000 53.0000 7.0000 1.0000 7.0000 6.0000 1.0000 0.0453 0.2506 1.5037 0.0349 0.0588 b 0.1770 1.7537 1.1065 1.0982 0.1753 0.2305 0.3035 0.2756 0.2415 0.2771 0.0000 0.0000 0.0000 
main 11.0000 7.0000 24.0000 4.0000 0.0000 4.0000 3.0000 2.0000 0.1046 0.2495 0.7486 0.0906 0.1145 b 0.3050 0.9986 1.3224 1.3140 0.2309 0.1555 0.3622 0.0000 0.0000 0.0000 0.0000 0.0000 0.0000 
main 11.0000 7.0000 39.0000 9.0000 1.0000 9.0000 8.0000 2.0000 0.1008 0.2494 1.9953 0.0906 0.1145 b 0.1760 2.2453 1.3414 1.3331 0.3835 0.1748 0.2152 0.1520 0.3548 0.1584 0.1893 0.3673 0.0000 
main 11.0000 7.0000 52.0000 7.0000 1.0000 7.0000 6.0000 0.0000 0.0000 0.2500 1.5000 0.0000 0.0000 b 0.1820 1.7500 1.1897 1.1814 0.2500 0.2500 0.2500 0.2500 0.2500 0.2500 0.0000 0.0000 0.0000 
main 11.0000 7.0000 15.0000 8.0000 1.0000 8.0000 7.0000 2.0000 0.0922 0.2497 1.7481 0.0906 0.1145 b 0.1630 1.9981 1.3615 1.3532 0.1559 0.3244 0.1662 0.3623 0.1691 0.2221 0.3481 0.0000 0.0000 
main 11.0000 7.0000 6.0000 5.0000 0.0000 5.0000 4.0000 2.0000 0.1070 0.2498 0.9993 0.0906 0.1145 b 0.1800 1.2493 1.0648 1.0565 0.1653 0.2940 0.1594 0.3806 0.0000 0.0000 0.0000 0.0000 0.0000 
main 11.0000 7.0000 21.0000 10.0000 2.0000 10.0000 9.0000 2.0000 0.0926 0.2500 2.2503 0.0906 0.1145 b 0.1550 2.5003 1.4187 1.4104 0.3212 0.1544 0.1995 0.2573 0.3587 0.1504 0.3908 0.1501 0.2679 
main 11.0000 7.0000 8.0000 6.0000 0.0000 6.0000 5.0000 1.0000 0.0485 0.2501 1.2503 0.0349 0.0588 b 0.2060 1.5003 1.3937 1.3853 0.1893 0.2563 0.3196 0.2234 0.2618 0.0000 0.0000 0.0000 0.0000 
main 11.0000 7.0000 36.0000 8.0000 1.0000 8.0000 7.0000 2.0000 0.0932 0.2493 1.7450 0.0906 0.1145 b 0.1870 1.9950 1.2278 1.2195 0.3991 0.1513 0.1951 0.2451 0.3342 0.2686 0.1516 0.0000 0.0000 
main 11.0000 7.0000 47.0000 5.0000 0.0000 5.0000 4.0000 1.0000 0.0507 0.2495 0.9980 0.0349 0.0588 b 0.2060 1.2480 1.1499 1.1416 0.3015 0.2115 0.2842 0.2008 0.0000 0.0000 0.0000 0.0000 0.0000 
main 11.0000 7.0000 44.0000 4.0000 0.0000 4.0000 3.0000 1.0000 0.0445 0.2516 0.7548 0.0349 0.0588 b 0.1870 1.0048 1.1068 1.0984 0.2985 0.2463 0.2100 0.0000 0.0000 0.0000 0.0000 0.0000 0.0000 
main 11.0000 7.0000 26.0000 5.0000 0.0000 5.0000 4.0000 1.0000 0.0562 0.2497 0.9990 0.0349 0.0588 b 0.1630 1.2490 1.0467 1.0384 0.1738 0.2836 0.2419 0.2996 0.0000 0.0000 0.0000 0.0000 0.0000 
main 11.0000 7.0000 16.0000 9.0000 1.0000 9.0000 8.0000 0.0000 0.0000 0.2500 2.0000 0.0000 0.0000 b 0.1560 2.2500 1.2111 1.2028 0.2500 0.2500 0.2500 0.2500 0.2500 0.2500 0.2500 0.2500 0.0000 
main 11.0000 7.0000 32.0000 7.0000 1.0000 7.0000 6.0000 1.0000 0.0565 0.2506 1.5039 0.0349 0.0588 b 0.1720 1.7539 1.3139 1.3056 0.3231 0.1922 0.2586 0.1920 0.3085 0.2294 0.0000 0.0000 0.0000 
main 11.0000 7.0000 56.0000 8.0000 1.0000 8.0000 7.0000 1.0000 0.0571 0.2502 1.7515 0.0349 0.0588 b 0.1490 2.0015 1.2285 1.2201 0.3234 0.1518 0.2020 0.2559 0.2878 0.2524 0.2782 0.0000 0.0000 
main 11.0000 7.0000 25.0000 5.0000 0.0000 5.0000 4.0000 0.0000 0.0000 0.2500 1.0000 0.0000 0.0000 b 0.2460 1.2500 1.4727 1.4644 0.2500 0.2500 0.2500 0.2500 0.0000 0.0000 0.0000 0.0000 0.0000 
main 11.0000 8.0000 1.0000 4.0000 0.0000 4.0000 3.0000 0.0000 0.0000 0.2500 0.7500 0.0000 0.0000 b 0.2070 1.0000 1.1646 1.1562 0.2500 0.2500 0.2500 0.0000 0.0000 0.0000 0.0000 0.0000 0.0000 
main 11.0000 8.0000 28.0000 6.0000 0.0000 6.0000 5.0000 0.0000 0.0000 0.2500 1.2500 0.0000 0.0000 b 0.1570 1.5000 1.4163 1.4080 0.2500 0.2500 0.2500 0.2500 0.2500 0.0000 0.0000 0.0000 0.0000 
main 11.0000 8.0000 60.0000 9.0000 1.0000 9.0000 8.0000 2.0000 0.0965 0.2498 1.9984 0.0906 0.1145 b 0.1610 2.2484 1.1481 1.1397 0.1540 0.3740 0.1672 0.2185 0.3734 0.2141 0.3388 0.1583 0.0000 
main 11.0000 8.0000 16.0000 9.0000 1.0000 9.0000 8.0000 0.0000 0.0000 0.2500 2.0000 0.0000 0.0000 b 0.1420 2.2500 1.3700 1.3617 0.2500 0.2500 0.2500 0.2500 0.2500 0.2500 0.2500 0.2500 0.0000 
main 11.0000 8.0000 20.0000 10.0000 2.0000 10.0000 9.0000 1.0000 0.0532 0.2497 2.2475 0.0349 0.0588 b 0.1610 2.4975 1.4548 1.4464 0.2765 0.1942 0.2925 0.2155 0.3354 0.1865 0.2470 0.2026 0.2971 
main 11.0000 8.0000 15.0000 8.0000 1.0000 8.0000 7.0000 2.0000 0.0917 0.2494 1.7461 0.0906 0.1145 b 0.1260 1.9961 1.1688 1.1605 0.1736 0.3372 0.1994 0.3627 0.1803 0.3382 0.1547 0.0000 0.0000 
main 11.0000 8.0000 10.0000 7.0000 1.0000 7.0000 6.0000 0.0000 0.0000 0.2500 1.5000 0.0000 0.0000 b 0.1710 1.7500 1.0358 1.0274 0.2500 0.2500 0.2500 0.2500 0.2500 0.2500 0.0000 0.0000 0.0000 
main 11.0000 8.0000 4.0000 5.0000 0.0000 5.0000 4.0000 0.0000 0.0000 0.2500 1.0000 0.0000 0.0000 b 0.1690 1.2500 1.3356 1.3272 0.2500 0.2500 0.2500 0.2500 0.0000 0.0000 0.0000 0.0000 0.0000 
main 11.0000 8.0000 26.0000 5.0000 0.0000 5.0000 4.0000 1.0000 0.0391 0.2501 1.0005 0.0349 0.0588 b 0.1570 1.2505 1.2984 1.2900 0.2312 0.3038 0.2520 0.2135 0.0000 0.0000 0.0000 0.0000 0.0000 
main 11.0000 8.0000 37.0000 9.0000 1.0000 9.0000 8.0000 0.0000 0.0000 0.2500 2.0000 0.0000 0.0000 b 0.1100 2.2500 1.4295 1.4211 0.2500 0.2500 0.2500 0.2500 0.2500 0.2500 0.2500 0.2500 0.0000 
main 11.0000 8.0000 3.0000 4.0000 0.0000 4.0000 3.0000 2.0000 0.0982 0.2515 0.7544 0.0906 0.1145 b 0.2560 1.0044 1.1493 1.1410 0.3509 0.2490 0.1545 0.0000 0.0000 0.0000 0.0000 0.0000 0.0000 
main 11.0000 8.0000 29.0000 6.0000 0.0000 6.0000 5.0000 1.0000 0.0536 0.2509 1.2544 0.0349 0.0588 b 0.1360 1.5044 1.1194 1.1111 0.2368 0.1903 0.2825 0.2191 0.3257 0.0000 0.0000 0.0000 0.0000 
main 11.0000 8.0000 13.0000 8.0000 1.0000 8.0000 7.0000 0.0000 0.0000 0.2500 1.7500 0.0000 0.0000 b 0.1740 2.0000 1.4157 1.4073 0.2500 0.2500 0.2500 0.2500 0.2500 0.2500 0.2500 0.0000 0.0000 
main 11.0000 8.0000 56.0000 8.0000 1.0000 8.0000 7.0000 1.0000 0.0514 0.2501 1.7510 0.0349 0.0588 b 0.1430 2.0010 1.0330 1.0247 0.2444 0.2913 0.3213 0.2506 0.1630 0.2150 0.2655 0.0000 0.0000 
main 11.0000 8.0000 40.0000 10.0000 2.0000 10.0000 9.0000 0.0000 0.0000 0.2500 2.2500 0.0000 0.0000 b 0.1430 2.5000 1.0281 1.0198 0.2500 0.2500 0.2500 0.2500 0.2500 0.2500 0.2500 0.2500 0.2500 
main 11.0000 8.0000 6.0000 5.0000 0.0000 5.0000 4.0000 2.0000 0.1020 0.2504 1.0016 0.0906 0.1145 b 0.2260 1.2516 1.2583 1.2499 0.1593 0.3732 0.1740 0.2950 0.0000 0.0000 0.0000 0.0000 0.0000 
main 11.0000 8.0000 41.0000 10.0000 2.0000 10.0000 9.0000 1.0000 0.0468 0.2502 2.2521 0.0349 0.0588 b 0.1430 2.5021 1.2452 1.2368 0.2437 0.3157 0.2264 0.3130 0.2563 0.1995 0.2418 0.2778 0.1779 
main 11.0000 8.0000 19.0000 10.0000 2.0000 10.0000 9.0000 0.0000 0.0000 0.2500 2.2500 0.0000 0.0000 b 0.1420 2.5000 1.0144 1.0060 0.2500 0.2500 0.2500 0.2500 0.2500 0.2500 0.2500 0.2500 0.2500 
main 11.0000 8.0000 46.0000 5.0000 0.0000 5.0000 4.0000 0.0000 0.0000 0.2500 1.0000 0.0000 0.0000 b 0.1910 1.2500 1.2597 1.2514 0.2500 0.2500 0.2500 0.2500 0.0000 0.0000 0.0000 0.0000 0.0000 
main 11.0000 8.0000 25.0000 5.0000 0.0000 5.0000 4.0000 0.0000 0.0000 0.2500 1.0000 0.0000 0.0000 b 0.1330 1.2500 1.0505 1.0421 0.2500 0.2500 0.2500 0.2500 0.0000 0.0000 0.0000 0.0000 0.0000 
main 11.0000 8.0000 8.0000 6.0000 0.0000 6.0000 5.0000 1.0000 0.0525 0.2507 1.2533 0.0349 0.0588 b 0.1100 1.5033 1.3635 1.3552 0.2744 0.1795 0.3054 0.2125 0.2816 0.0000 0.0000 0.0000 0.0000 
main 11.0000 8.0000 9.0000 6.0000 0.0000 6.0000 5.0000 2.0000 0.1032 0.2500 1.2501 0.0906 0.1145 b 0.1410 1.5001 1.0134 1.0050 0.3959 0.3161 0.1639 0.2161 0.1582 0.0000 0.0000 0.0000 0.0000 
main 11.0000 8.0000 44.0000 4.0000 0.0000 4.0000 3.0000 1.0000 0.0514 0.2492 0.7477 0.0349 0.0588 b 0.2340 0.9977 1.2480 1.2397 0.2371 0.2049 0.3056 0.0000 0.0000 0.0000 0.0000 0.0000 0.0000 
main 11.0000 8.0000 24.0000 4.0000 0.0000 4.0000 3.0000 2.0000 0.0952 0.2493 0.7478 0.0906 0.1145 b 0.1950 0.9978 1.2118 1.2035 0.3502 0.1611 0.2366 0.0000 0.0000 0.0000 0.0000 0.0000 0.0000 
main 11.0000 8.0000 12.0000 7.0000 1.0000 7.0000 6.0000 2.0000 0.0995 0.2503 1.5021 0.0906 0.1145 b 0.0910 1.7521 1.4909 1.4826 0.1680 0.3124 0.1524 0.3462 0.1620 0.3611 0.0000 0.0000 0.0000 
main 11.0000 8.0000 2.0000 4.0000 0.0000 4.0000 3.0000 1.0000 0.0462 0.2497 0.7491 0.0349 0.0588 b 0.2100 0.9991 1.0275 1.0192 0.2013 0.2933 0.2545 0.0000 0.0000 0.0000 0.0000 0.0000 0.0000 
main 11.0000 8.0000 7.0000 6.0000 0.0000 6.0000 5.0000 0.0000 0.0000 0.2500 1.2500 0.0000 0.0000 b 0.1520 1.5000 1.0296 1.0213 0.2500 0.2500 0.2500 0.2500 0.2500 0.0000 0.0000 0.0000 0.0000 
main 11.0000 8.0000 62.0000 10.0000 2.0000 10.0000 9.0000 1.0000 0.0549 0.2498 2.2485 0.0349 0.0588 b 0.1320 2.4985 1.4643 1.4560 0.2086 0.2777 0.2173 0.3513 0.3198 0.2145 0.2471 0.1928 0.2194 
main 11.0000 8.0000 59.0000 9.0000 1.0000 9.0000 8.0000 1.0000 0.0531 0.2501 2.0009 0.0349 0.0588 b 0.1500 2.2509 1.2183 1.2100 0.2654 0.1864 0.2800 0.3115 0.2773 0.1705 0.2979 0.2119 0.0000 
main 11.0000 8.0000 54.0000 7.0000 1.0000 7.0000 6.0000 2.0000 0.1100 0.2497 1.4985 0.0906 0.1145 b 0.1810 1.7485 1.4320 1.4236 0.3891 0.1666 0.3759 0.1585 0.2581 0.1503 0.0000 0.0000 0.0000 
main 11.0000 8.0000 39.0000 9.0000 1.0000 9.0000 8.0000 2.0000 0.0977 0.2505 2.0038 0.0906 0.1145 b 0.1720 2.2538 1.2271 1.2188 0.3328 0.2136 0.3845 0.1565 0.1957 0.1683 0.3781 0.1744 0.0000 
main 11.0000 8.0000 14.0000 8.0000 1.0000 8.0000 7.0000 1.0000 0.0416 0.2503 1.7519 0.0349 0.0588 b 0.1680 2.0019 1.1997 1.1913 0.2876 0.2513 0.1942 0.2640 0.2383 0.2063 0.3103 0.0000 0.0000 
main 11.0000 8.0000 36.0000 8.0000 1.0000 8.0000 7.0000 2.0000 0.0958 0.2504 1.7526 0.0906 0.1145 b 0.1370 2.0026 1.4705 1.4622 0.3603 0.1652 0.2139 0.1799 0.1536 0.3849 0.2948 0.0000 0.0000 
main 11.0000 8.0000 55.0000 8.0000 1.0000 8.0000 7.0000 0.0000 0.0000 0.2500 1.7500 0.0000 0.0000 b 0.1670 2.0000 1.2292 1.2209 0.2500 0.2500 0.2500 0.2500 0.2500 0.2500 0.2500 0.0000 0.0000 
main 11.0000 8.0000 11.0000 7.0000 1.0000 7.0000 6.0000 1.0000 0.0516 0.2494 1.4967 0.0349 0.0588 b 0.2530 1.7467 1.0522 1.0439 0.2378 0.1622 0.2836 0.2403 0.3147 0.2581 0.0000 0.0000 0.0000 
main 11.0000 8.0000 35.0000 8.0000 1.0000 8.0000 7.0000 1.0000 0.0514 0.2503 1.7523 0.0349 0.0588 b 0.1460 2.0023 1.2019 1.1936 0.2104 0.3014 0.2572 0.1782 0.3266 0.2526 0.2260 0.0000 0.0000 
main 11.0000 8.0000 38.0000 9.0000 1.0000 9.0000 8.0000 1.0000 0.0529 0.2498 1.9982 0.0349 0.0588 b 0.1190 2.2482 1.3524 1.3441 0.2511 0.3320 0.2179 0.1734 0.2736 0.2462 0.3040 0.2000 0.0000 
main 11.0000 8.0000 31.0000 7.0000 1.0000 7.0000 6.0000 0.0000 0.0000 0.2500 1.5000 0.0000 0.0000 b 0.1240 1.7500 1.2261 1.2177 0.2500 0.2500 0.2500 0.2500 0.2500 0.2500 0.0000 0.0000 0.0000 
main 11.0000 8.0000 58.0000 9.0000 1.0000 9.0000 8.0000 0.0000 0.0000 0.2500 2.0000 0.0000 0.0000 b 0.1610 2.2500 1.1563 1.1480 0.2500 0.2500 0.2500 0.2500 0.2500 0.2500 0.2500 0.2500 0.0000 
main 11.0000 8.0000 30.0000 6.0000 0.0000 6.0000 5.0000 2.0000 0.0974 0.2490 1.2451 0.0906 0.1145 b 0.2120 1.4951 1.1467 1.1383 0.3996 0.1760 0.2520 0.1508 0.2668 0.0000 0.0000 0.0000 0.0000 
main 11.0000 8.0000 21.0000 10.0000 2.0000 10.0000 9.0000 2.0000 0.0969 0.2501 2.2509 0.0906 0.1145 b 0.1390 2.5009 1.3264 1.3180 0.3949 0.1714 0.2837 0.3568 0.2100 0.1792 0.1505 0.3495 0.1550 
main 11.0000 8.0000 50.0000 6.0000 0.0000 6.0000 5.0000 1.0000 0.0584 0.2509 1.2547 0.0349 0.0588 b 0.2290 1.5047 1.4077 1.3993 0.2821 0.2250 0.3209 0.2594 0.1672 0.0000 0.0000 0.0000 0.0000 
main 11.0000 8.0000 17.0000 9.0000 1.0000 9.0000 8.0000 1.0000 0.0583 0.2496 1.9972 0.0349 0.0588 b 0.1110 2.2472 1.2569 1.2486 0.1686 0.2341 0.3527 0.2616 0.2932 0.2588 0.1851 0.2432 0.0000 
main 11.0000 8.0000 51.0000 6.0000 0.0000 6.0000 5.0000 2.0000 0.1072 0.2496 1.2478 0.0906 0.1145 b 0.2660 1.4978 1.1788 1.1704 0.1872 0.1603 0.3398 0.1705 0.3900 0.0000 0.0000 0.0000 0.0000 
main 11.0000 8.0000 22.0000 4.0000 0.0000 4.0000 3.0000 0.0000 0.0000 0.2500 0.7500 0.0000 0.0000 b 0.2290 1.0000 1.1632 1.1549 0.2500 0.2500 0.2500 0.0000 0.0000 0.0000 0.0000 0.0000 0.0000 
main 11.0000 8.0000 18.0000 9.0000 1.0000 9.0000 8.0000 2.0000 0.0955 0.2500 2.0001 0.0906 0.1145 b 0.1520 2.2501 1.0955 1.0872 0.1591 0.2294 0.1921 0.3901 0.2704 0.1658 0.1959 0.3972 0.0000 
main 11.0000 8.0000 27.0000 5.0000 0.0000 5.0000 4.0000 2.0000 0.0970 0.2490 0.9961 0.0906 0.1145 b 0.1980 1.2461 1.3582 1.3499 0.1584 0.2331 0.3863 0.2184 0.0000 0.0000 0.0000 0.0000 0.0000 
main 11.0000 8.0000 53.0000 7.0000 1.0000 7.0000 6.0000 1.0000 0.0489 0.2501 1.5006 0.0349 0.0588 b 0.1730 1.7506 1.3137 1.3053 0.2106 0.1804 0.2590 0.2877 0.2492 0.3138 0.0000 0.0000 0.0000 
main 11.0000 8.0000 5.0000 5.0000 0.0000 5.0000 4.0000 1.0000 0.0394 0.2506 1.0026 0.0349 0.0588 b 0.1640 1.2526 1.1254 1.1170 0.2860 0.2485 0.1962 0.2718 0.0000 0.0000 0.0000 0.0000 0.0000 
main 11.0000 8.0000 32.0000 7.0000 1.0000 7.0000 6.0000 1.0000 0.0557 0.2504 1.5021 0.0349 0.0588 b 0.1640 1.7521 1.1697 1.1613 0.2401 0.3580 0.2111 0.2386 0.2041 0.2503 0.0000 0.0000 0.0000 
main 11.0000 8.0000 34.0000 8.0000 1.0000 8.0000 7.0000 0.0000 0.0000 0.2500 1.7500 0.0000 0.0000 b 0.1250 2.0000 1.0630 1.0547 0.2500 0.2500 0.2500 0.2500 0.2500 0.2500 0.2500 0.0000 0.0000 
main 11.0000 8.0000 45.0000 4.0000 0.0000 4.0000 3.0000 2.0000 0.1047 0.2511 0.7533 0.0906 0.1145 b 0.2130 1.0033 1.3288 1.3204 0.1570 0.2324 0.3639 0.0000 0.0000 0.0000 0.0000 0.0000 0.0000 
main 11.0000 8.0000 43.0000 4.0000 0.0000 4.0000 3.0000 0.0000 0.0000 0.2500 0.7500 0.0000 0.0000 b 0.1700 1.0000 1.3485 1.3401 0.2500 0.2500 0.2500 0.0000 0.0000 0.0000 0.0000 0.0000 0.0000 
main 11.0000 8.0000 48.0000 5.0000 0.0000 5.0000 4.0000 2.0000 0.0941 0.2512 1.0047 0.0906 0.1145 b 0.1400 1.2547 1.1437 1.1354 0.1543 0.3029 0.3558 0.1916 0.0000 0.0000 0.0000 0.0000 0.0000 
main 11.0000 8.0000 42.0000 10.0000 2.0000 10.0000 9.0000 2.0000 0.0914 0.2497 2.2477 0.0906 0.1145 b 0.1490 2.4977 1.4377 1.4293 0.1797 0.2301 0.3613 0.3354 0.1562 0.1869 0.2384 0.1635 0.3962 
main 11.0000 8.0000 63.0000 10.0000 2.0000 10.0000 9.0000 2.0000 0.0947 0.2499 2.2491 0.0906 0.1145 b 0.1260 2.4991 1.3858 1.3775 0.1649 0.3978 0.3566 0.1940 0.2597 0.1624 0.2120 0.1534 0.3483 
main 11.0000 8.0000 49.0000 6.0000 0.0000 6.0000 5.0000 0.0000 0.0000 0.2500 1.2500 0.0000 0.0000 b 0.5390 1.5000 1.2919 1.2836 0.2500 0.2500 0.2500 0.2500 0.2500 0.0000 0.0000 0.0000 0.0000 
main 11.0000 8.0000 33.0000 7.0000 1.0000 7.0000 6.0000 2.0000 0.1112 0.2497 1.4983 0.0906 0.1145 b 0.1290 1.7483 1.0138 1.0054 0.1506 0.3743 0.1564 0.3962 0.1703 0.2506 0.0000 0.0000 0.0000 
main 11.0000 8.0000 57.0000 8.0000 1.0000 8.0000 7.0000 2.0000 0.0915 0.2503 1.7519 0.0906 0.1145 b 0.1420 2.0019 1.4287 1.4204 0.3337 0.1589 0.2846 0.2160 0.1905 0.3997 0.1686 0.0000 0.0000 
main 11.0000 8.0000 47.0000 5.0000 0.0000 5.0000 4.0000 1.0000 0.0532 0.2492 0.9967 0.0349 0.0588 b 0.1590 1.2467 1.4600 1.4517 0.2855 0.2144 0.3030 0.1938 0.0000 0.0000 0.0000 0.0000 0.0000 
main 11.0000 8.0000 23.0000 4.0000 0.0000 4.0000 3.0000 1.0000 0.0484 0.2498 0.7495 0.0349 0.0588 b 0.1890 0.9995 1.1532 1.1448 0.2086 0.2378 0.3031 0.0000 0.0000 0.0000 0.0000 0.0000 0.0000 
main 11.0000 8.0000 61.0000 10.0000 2.0000 10.0000 9.0000 0.0000 0.0000 0.2500 2.2500 0.0000 0.0000 b 0.1150 2.5000 1.0695 1.0611 0.2500 0.2500 0.2500 0.2500 0.2500 0.2500 0.2500 0.2500 0.2500 
main 11.0000 8.0000 52.0000 7.0000 1.0000 7.0000 6.0000 0.0000 0.0000 0.2500 1.5000 0.0000 0.0000 b 0.4120 1.7500 1.4097 1.4014 0.2500 0.2500 0.2500 0.2500 0.2500 0.2500 0.0000 0.0000 0.0000 
