group subNo block index seqDur shortLong nTargets nIOI rhythmicVarTAG seqSTD seqMeanIOI seqSumIOI Lowbound Upbound pressedKey rt seqDuration startInterval trialDuration IOI1 IOI2 IOI3 IOI4 IOI5 IOI6 IOI7 IOI8 IOI9 
main 7.0000 1.0000 30.0000 6.0000 0.0000 6.0000 5.0000 2.0000 0.0999 0.2500 1.2501 0.0906 0.1145 b 0.1510 1.5001 1.4167 1.4084 0.3303 0.3771 0.1532 0.2252 0.1643 0.0000 0.0000 0.0000 0.0000 
main 7.0000 1.0000 53.0000 7.0000 1.0000 7.0000 6.0000 1.0000 0.0506 0.2504 1.5024 0.0349 0.0588 b 0.1560 1.7524 1.2407 1.2323 0.1993 0.3307 0.2342 0.2693 0.1984 0.2705 0.0000 0.0000 0.0000 
main 7.0000 1.0000 28.0000 6.0000 0.0000 6.0000 5.0000 0.0000 0.0000 0.2500 1.2500 0.0000 0.0000 b 0.1280 1.5000 1.3446 1.3362 0.2500 0.2500 0.2500 0.2500 0.2500 0.0000 0.0000 0.0000 0.0000 
main 7.0000 1.0000 1.0000 4.0000 0.0000 4.0000 3.0000 0.0000 0.0000 0.2500 0.7500 0.0000 0.0000 b 0.2560 1.0000 1.4040 1.3957 0.2500 0.2500 0.2500 0.0000 0.0000 0.0000 0.0000 0.0000 0.0000 
main 7.0000 1.0000 61.0000 10.0000 2.0000 10.0000 9.0000 0.0000 0.0000 0.2500 2.2500 0.0000 0.0000 NA E 2.5000 1.1807 1.1724 0.2500 0.2500 0.2500 0.2500 0.2500 0.2500 0.2500 0.2500 0.2500 
main 7.0000 1.0000 20.0000 10.0000 2.0000 10.0000 9.0000 1.0000 0.0587 0.2497 2.2475 0.0349 0.0588 b 0.1670 2.4975 1.4106 1.4022 0.2171 0.3315 0.2369 0.2054 0.1670 0.1999 0.2780 0.3308 0.2810 
main 7.0000 1.0000 26.0000 5.0000 0.0000 5.0000 4.0000 1.0000 0.0478 0.2497 0.9989 0.0349 0.0588 b 0.3570 1.2489 1.0792 1.0708 0.2287 0.1941 0.3021 0.2740 0.0000 0.0000 0.0000 0.0000 0.0000 
main 7.0000 1.0000 32.0000 7.0000 1.0000 7.0000 6.0000 1.0000 0.0424 0.2500 1.5003 0.0349 0.0588 b 0.1960 1.7503 1.1486 1.1402 0.3021 0.2396 0.2800 0.2321 0.2651 0.1814 0.0000 0.0000 0.0000 
main 7.0000 1.0000 38.0000 9.0000 1.0000 9.0000 8.0000 1.0000 0.0581 0.2497 1.9973 0.0349 0.0588 b 0.1660 2.2473 1.1609 1.1526 0.2795 0.2366 0.2807 0.3505 0.1553 0.2595 0.2037 0.2315 0.0000 
main 7.0000 1.0000 15.0000 8.0000 1.0000 8.0000 7.0000 2.0000 0.0936 0.2505 1.7536 0.0906 0.1145 b 0.2020 2.0036 1.3449 1.3366 0.3325 0.1888 0.1502 0.3363 0.1995 0.3756 0.1707 0.0000 0.0000 
main 7.0000 1.0000 56.0000 8.0000 1.0000 8.0000 7.0000 1.0000 0.0585 0.2507 1.7547 0.0349 0.0588 b 0.6900 2.0047 1.0773 1.0690 0.3103 0.2797 0.2388 0.1559 0.1971 0.2584 0.3146 0.0000 0.0000 
main 7.0000 1.0000 35.0000 8.0000 1.0000 8.0000 7.0000 1.0000 0.0498 0.2497 1.7476 0.0349 0.0588 b 0.1990 1.9976 1.1870 1.1787 0.1854 0.2233 0.3114 0.2460 0.3117 0.2661 0.2037 0.0000 0.0000 
main 7.0000 1.0000 27.0000 5.0000 0.0000 5.0000 4.0000 2.0000 0.0970 0.2490 0.9962 0.0906 0.1145 b 0.2660 1.2462 1.3151 1.3067 0.2385 0.2130 0.3858 0.1589 0.0000 0.0000 0.0000 0.0000 0.0000 
main 7.0000 1.0000 19.0000 10.0000 2.0000 10.0000 9.0000 0.0000 0.0000 0.2500 2.2500 0.0000 0.0000 b 0.2170 2.5000 1.1355 1.1272 0.2500 0.2500 0.2500 0.2500 0.2500 0.2500 0.2500 0.2500 0.2500 
main 7.0000 1.0000 8.0000 6.0000 0.0000 6.0000 5.0000 1.0000 0.0436 0.2494 1.2469 0.0349 0.0588 b 0.2600 1.4969 1.0787 1.0703 0.2912 0.1834 0.2336 0.2844 0.2543 0.0000 0.0000 0.0000 0.0000 
main 7.0000 1.0000 50.0000 6.0000 0.0000 6.0000 5.0000 1.0000 0.0487 0.2499 1.2493 0.0349 0.0588 b 0.3470 1.4993 1.1612 1.1529 0.2167 0.3099 0.2795 0.1877 0.2554 0.0000 0.0000 0.0000 0.0000 
main 7.0000 1.0000 17.0000 9.0000 1.0000 9.0000 8.0000 1.0000 0.0511 0.2496 1.9964 0.0349 0.0588 b 0.3380 2.2464 1.4924 1.4840 0.2173 0.2797 0.3123 0.1896 0.2963 0.1939 0.2953 0.2121 0.0000 
main 7.0000 1.0000 24.0000 4.0000 0.0000 4.0000 3.0000 2.0000 0.0977 0.2514 0.7542 0.0906 0.1145 b 0.3190 1.0042 1.2520 1.2437 0.2385 0.1608 0.3549 0.0000 0.0000 0.0000 0.0000 0.0000 0.0000 
main 7.0000 1.0000 52.0000 7.0000 1.0000 7.0000 6.0000 0.0000 0.0000 0.2500 1.5000 0.0000 0.0000 b 0.1950 1.7500 1.1280 1.1196 0.2500 0.2500 0.2500 0.2500 0.2500 0.2500 0.0000 0.0000 0.0000 
main 7.0000 1.0000 57.0000 8.0000 1.0000 8.0000 7.0000 2.0000 0.0914 0.2497 1.7476 0.0906 0.1145 b 0.3690 1.9976 1.0986 1.0902 0.3169 0.1510 0.2370 0.1852 0.3135 0.1570 0.3871 0.0000 0.0000 
main 7.0000 1.0000 6.0000 5.0000 0.0000 5.0000 4.0000 2.0000 0.0974 0.2508 1.0033 0.0906 0.1145 b 0.1900 1.2533 1.2690 1.2606 0.1682 0.2615 0.1895 0.3840 0.0000 0.0000 0.0000 0.0000 0.0000 
main 7.0000 1.0000 48.0000 5.0000 0.0000 5.0000 4.0000 2.0000 0.0929 0.2488 0.9952 0.0906 0.1145 b 0.3250 1.2452 1.2897 1.2814 0.2374 0.1503 0.3745 0.2330 0.0000 0.0000 0.0000 0.0000 0.0000 
main 7.0000 1.0000 47.0000 5.0000 0.0000 5.0000 4.0000 1.0000 0.0503 0.2506 1.0024 0.0349 0.0588 b 0.4220 1.2524 1.2032 1.1949 0.2324 0.2702 0.1912 0.3086 0.0000 0.0000 0.0000 0.0000 0.0000 
main 7.0000 1.0000 34.0000 8.0000 1.0000 8.0000 7.0000 0.0000 0.0000 0.2500 1.7500 0.0000 0.0000 b 0.1530 2.0000 1.2010 1.1927 0.2500 0.2500 0.2500 0.2500 0.2500 0.2500 0.2500 0.0000 0.0000 
main 7.0000 1.0000 5.0000 5.0000 0.0000 5.0000 4.0000 1.0000 0.0581 0.2501 1.0002 0.0349 0.0588 b 0.2630 1.2502 1.2704 1.2620 0.2780 0.3060 0.2448 0.1714 0.0000 0.0000 0.0000 0.0000 0.0000 
main 7.0000 1.0000 43.0000 4.0000 0.0000 4.0000 3.0000 0.0000 0.0000 0.2500 0.7500 0.0000 0.0000 b 0.1900 1.0000 1.4975 1.4892 0.2500 0.2500 0.2500 0.0000 0.0000 0.0000 0.0000 0.0000 0.0000 
main 7.0000 1.0000 45.0000 4.0000 0.0000 4.0000 3.0000 2.0000 0.0934 0.2493 0.7478 0.0906 0.1145 b 0.1940 0.9978 1.3775 1.3691 0.2091 0.3561 0.1826 0.0000 0.0000 0.0000 0.0000 0.0000 0.0000 
main 7.0000 1.0000 49.0000 6.0000 0.0000 6.0000 5.0000 0.0000 0.0000 0.2500 1.2500 0.0000 0.0000 b 0.1940 1.5000 1.3519 1.3435 0.2500 0.2500 0.2500 0.2500 0.2500 0.0000 0.0000 0.0000 0.0000 
main 7.0000 1.0000 18.0000 9.0000 1.0000 9.0000 8.0000 2.0000 0.0948 0.2504 2.0029 0.0906 0.1145 b 0.1960 2.2529 1.4787 1.4703 0.3930 0.1514 0.3319 0.1625 0.3300 0.1527 0.2063 0.2752 0.0000 
main 7.0000 1.0000 42.0000 10.0000 2.0000 10.0000 9.0000 2.0000 0.0933 0.2504 2.2534 0.0906 0.1145 b 0.6410 2.5034 1.3939 1.3856 0.1928 0.3906 0.1533 0.2208 0.1559 0.2668 0.1720 0.3303 0.3710 
main 7.0000 1.0000 62.0000 10.0000 2.0000 10.0000 9.0000 1.0000 0.0547 0.2503 2.2525 0.0349 0.0588 b 0.1930 2.5025 1.1387 1.1303 0.1886 0.2323 0.3015 0.2636 0.3324 0.2214 0.1628 0.2589 0.2910 
main 7.0000 1.0000 4.0000 5.0000 0.0000 5.0000 4.0000 0.0000 0.0000 0.2500 1.0000 0.0000 0.0000 b 0.3330 1.2500 1.1654 1.1570 0.2500 0.2500 0.2500 0.2500 0.0000 0.0000 0.0000 0.0000 0.0000 
main 7.0000 1.0000 60.0000 9.0000 1.0000 9.0000 8.0000 2.0000 0.0959 0.2494 1.9950 0.0906 0.1145 b 0.3100 2.2450 1.1750 1.1667 0.3653 0.1935 0.3546 0.1539 0.2190 0.3664 0.1898 0.1524 0.0000 
main 7.0000 1.0000 13.0000 8.0000 1.0000 8.0000 7.0000 0.0000 0.0000 0.2500 1.7500 0.0000 0.0000 b 0.1590 2.0000 1.1730 1.1646 0.2500 0.2500 0.2500 0.2500 0.2500 0.2500 0.2500 0.0000 0.0000 
main 7.0000 1.0000 29.0000 6.0000 0.0000 6.0000 5.0000 1.0000 0.0536 0.2509 1.2543 0.0349 0.0588 b 0.2460 1.5043 1.0321 1.0238 0.1963 0.3038 0.1946 0.2588 0.3007 0.0000 0.0000 0.0000 0.0000 
main 7.0000 1.0000 41.0000 10.0000 2.0000 10.0000 9.0000 1.0000 0.0557 0.2502 2.2514 0.0349 0.0588 b 0.3290 2.5014 1.3906 1.3823 0.2821 0.2207 0.1806 0.2168 0.3146 0.1756 0.3191 0.2419 0.2999 
main 7.0000 1.0000 63.0000 10.0000 2.0000 10.0000 9.0000 2.0000 0.0942 0.2505 2.2546 0.0906 0.1145 b 0.4840 2.5046 1.0826 1.0743 0.2274 0.1722 0.3314 0.1765 0.2072 0.3840 0.1728 0.3992 0.1839 
main 7.0000 1.0000 46.0000 5.0000 0.0000 5.0000 4.0000 0.0000 0.0000 0.2500 1.0000 0.0000 0.0000 b 0.6220 1.2500 1.0439 1.0356 0.2500 0.2500 0.2500 0.2500 0.0000 0.0000 0.0000 0.0000 0.0000 
main 7.0000 1.0000 54.0000 7.0000 1.0000 7.0000 6.0000 2.0000 0.0915 0.2495 1.4972 0.0906 0.1145 b 0.3920 1.7472 1.2176 1.2093 0.1996 0.3304 0.1677 0.3947 0.2205 0.1844 0.0000 0.0000 0.0000 
main 7.0000 1.0000 33.0000 7.0000 1.0000 7.0000 6.0000 2.0000 0.0910 0.2507 1.5041 0.0906 0.1145 b 0.2980 1.7541 1.2378 1.2294 0.3692 0.2068 0.1591 0.2009 0.3625 0.2056 0.0000 0.0000 0.0000 
main 7.0000 1.0000 2.0000 4.0000 0.0000 4.0000 3.0000 1.0000 0.0465 0.2501 0.7503 0.0349 0.0588 b 0.3340 1.0003 1.2931 1.2847 0.2432 0.2996 0.2075 0.0000 0.0000 0.0000 0.0000 0.0000 0.0000 
main 7.0000 1.0000 31.0000 7.0000 1.0000 7.0000 6.0000 0.0000 0.0000 0.2500 1.5000 0.0000 0.0000 b 0.1640 1.7500 1.2298 1.2214 0.2500 0.2500 0.2500 0.2500 0.2500 0.2500 0.0000 0.0000 0.0000 
main 7.0000 1.0000 14.0000 8.0000 1.0000 8.0000 7.0000 1.0000 0.0584 0.2506 1.7540 0.0349 0.0588 b 0.1610 2.0040 1.3500 1.3416 0.2479 0.1604 0.3328 0.2241 0.3075 0.2677 0.2136 0.0000 0.0000 
main 7.0000 1.0000 22.0000 4.0000 0.0000 4.0000 3.0000 0.0000 0.0000 0.2500 0.7500 0.0000 0.0000 b 0.2200 1.0000 1.4694 1.4611 0.2500 0.2500 0.2500 0.0000 0.0000 0.0000 0.0000 0.0000 0.0000 
main 7.0000 1.0000 16.0000 9.0000 1.0000 9.0000 8.0000 0.0000 0.0000 0.2500 2.0000 0.0000 0.0000 b 0.1810 2.2500 1.1605 1.1522 0.2500 0.2500 0.2500 0.2500 0.2500 0.2500 0.2500 0.2500 0.0000 
main 7.0000 1.0000 12.0000 7.0000 1.0000 7.0000 6.0000 2.0000 0.0918 0.2506 1.5033 0.0906 0.1145 NA E 1.7533 1.4836 1.4753 0.1980 0.3956 0.2388 0.3247 0.1919 0.1544 0.0000 0.0000 0.0000 
main 7.0000 1.0000 40.0000 10.0000 2.0000 10.0000 9.0000 0.0000 0.0000 0.2500 2.2500 0.0000 0.0000 b 0.1790 2.5000 1.2485 1.2402 0.2500 0.2500 0.2500 0.2500 0.2500 0.2500 0.2500 0.2500 0.2500 
main 7.0000 1.0000 55.0000 8.0000 1.0000 8.0000 7.0000 0.0000 0.0000 0.2500 1.7500 0.0000 0.0000 b 0.1640 2.0000 1.0321 1.0237 0.2500 0.2500 0.2500 0.2500 0.2500 0.2500 0.2500 0.0000 0.0000 
main 7.0000 1.0000 23.0000 4.0000 0.0000 4.0000 3.0000 1.0000 0.0398 0.2489 0.7468 0.0349 0.0588 b 0.2260 0.9968 1.2128 1.2045 0.2884 0.2495 0.2088 0.0000 0.0000 0.0000 0.0000 0.0000 0.0000 
main 7.0000 1.0000 36.0000 8.0000 1.0000 8.0000 7.0000 2.0000 0.0942 0.2506 1.7543 0.0906 0.1145 b 0.1610 2.0043 1.4536 1.4452 0.1526 0.1950 0.1616 0.2128 0.3872 0.3553 0.2900 0.0000 0.0000 
main 7.0000 1.0000 59.0000 9.0000 1.0000 9.0000 8.0000 1.0000 0.0425 0.2498 1.9981 0.0349 0.0588 b 0.1590 2.2481 1.2666 1.2583 0.2457 0.3177 0.2140 0.2400 0.2741 0.2433 0.2834 0.1799 0.0000 
main 7.0000 1.0000 25.0000 5.0000 0.0000 5.0000 4.0000 0.0000 0.0000 0.2500 1.0000 0.0000 0.0000 b 0.2710 1.2500 1.1783 1.1699 0.2500 0.2500 0.2500 0.2500 0.0000 0.0000 0.0000 0.0000 0.0000 
main 7.0000 1.0000 11.0000 7.0000 1.0000 7.0000 6.0000 1.0000 0.0455 0.2501 1.5004 0.0349 0.0588 b 0.2990 1.7504 1.1384 1.1301 0.2044 0.2588 0.2303 0.3103 0.2028 0.2938 0.0000 0.0000 0.0000 
main 7.0000 1.0000 21.0000 10.0000 2.0000 10.0000 9.0000 2.0000 0.0926 0.2496 2.2462 0.0906 0.1145 b 0.1910 2.4962 1.1613 1.1530 0.1554 0.3851 0.2329 0.1712 0.3324 0.1687 0.3519 0.2945 0.1540 
main 7.0000 1.0000 10.0000 7.0000 1.0000 7.0000 6.0000 0.0000 0.0000 0.2500 1.5000 0.0000 0.0000 b 0.1740 1.7500 1.3122 1.3039 0.2500 0.2500 0.2500 0.2500 0.2500 0.2500 0.0000 0.0000 0.0000 
main 7.0000 1.0000 51.0000 6.0000 0.0000 6.0000 5.0000 2.0000 0.0945 0.2501 1.2507 0.0906 0.1145 b 0.1860 1.5007 1.0790 1.0706 0.3880 0.1986 0.3067 0.1969 0.1605 0.0000 0.0000 0.0000 0.0000 
main 7.0000 1.0000 37.0000 9.0000 1.0000 9.0000 8.0000 0.0000 0.0000 0.2500 2.0000 0.0000 0.0000 b 0.1520 2.2500 1.0943 1.0859 0.2500 0.2500 0.2500 0.2500 0.2500 0.2500 0.2500 0.2500 0.0000 
main 7.0000 1.0000 58.0000 9.0000 1.0000 9.0000 8.0000 0.0000 0.0000 0.2500 2.0000 0.0000 0.0000 b 0.1540 2.2500 1.0171 1.0087 0.2500 0.2500 0.2500 0.2500 0.2500 0.2500 0.2500 0.2500 0.0000 
main 7.0000 1.0000 3.0000 4.0000 0.0000 4.0000 3.0000 2.0000 0.1098 0.2501 0.7502 0.0906 0.1145 b 0.3140 1.0002 1.3216 1.3133 0.1805 0.3767 0.1931 0.0000 0.0000 0.0000 0.0000 0.0000 0.0000 
main 7.0000 1.0000 44.0000 4.0000 0.0000 4.0000 3.0000 1.0000 0.0544 0.2502 0.7507 0.0349 0.0588 b 0.2340 1.0007 1.1536 1.1452 0.2028 0.2383 0.3096 0.0000 0.0000 0.0000 0.0000 0.0000 0.0000 
main 7.0000 1.0000 9.0000 6.0000 0.0000 6.0000 5.0000 2.0000 0.1010 0.2502 1.2508 0.0906 0.1145 b 0.1970 1.5008 1.1106 1.1022 0.3664 0.2274 0.1518 0.3450 0.1602 0.0000 0.0000 0.0000 0.0000 
main 7.0000 1.0000 39.0000 9.0000 1.0000 9.0000 8.0000 2.0000 0.0962 0.2500 1.9998 0.0906 0.1145 b 0.1770 2.2498 1.3178 1.3095 0.1817 0.2287 0.1541 0.3745 0.1527 0.2124 0.2977 0.3979 0.0000 
main 7.0000 1.0000 7.0000 6.0000 0.0000 6.0000 5.0000 0.0000 0.0000 0.2500 1.2500 0.0000 0.0000 b 0.1890 1.5000 1.3119 1.3035 0.2500 0.2500 0.2500 0.2500 0.2500 0.0000 0.0000 0.0000 0.0000 
main 7.0000 2.0000 16.0000 9.0000 1.0000 9.0000 8.0000 0.0000 0.0000 0.2500 2.0000 0.0000 0.0000 b 0.1450 2.2500 1.1158 1.1075 0.2500 0.2500 0.2500 0.2500 0.2500 0.2500 0.2500 0.2500 0.0000 
main 7.0000 2.0000 55.0000 8.0000 1.0000 8.0000 7.0000 0.0000 0.0000 0.2500 1.7500 0.0000 0.0000 b 0.1400 2.0000 1.2289 1.2205 0.2500 0.2500 0.2500 0.2500 0.2500 0.2500 0.2500 0.0000 0.0000 
main 7.0000 2.0000 49.0000 6.0000 0.0000 6.0000 5.0000 0.0000 0.0000 0.2500 1.2500 0.0000 0.0000 b 0.1550 1.5000 1.0368 1.0285 0.2500 0.2500 0.2500 0.2500 0.2500 0.0000 0.0000 0.0000 0.0000 
main 7.0000 2.0000 63.0000 10.0000 2.0000 10.0000 9.0000 2.0000 0.1079 0.2505 2.2547 0.0906 0.1145 b 0.1080 2.5047 1.1344 1.1261 0.1513 0.2032 0.3950 0.1542 0.3825 0.1756 0.3974 0.2167 0.1788 
main 7.0000 2.0000 61.0000 10.0000 2.0000 10.0000 9.0000 0.0000 0.0000 0.2500 2.2500 0.0000 0.0000 b 0.2020 2.5000 1.4672 1.4589 0.2500 0.2500 0.2500 0.2500 0.2500 0.2500 0.2500 0.2500 0.2500 
main 7.0000 2.0000 32.0000 7.0000 1.0000 7.0000 6.0000 1.0000 0.0428 0.2506 1.5034 0.0349 0.0588 b 0.1620 1.7534 1.0838 1.0755 0.2162 0.2696 0.3125 0.2350 0.2742 0.1960 0.0000 0.0000 0.0000 
main 7.0000 2.0000 47.0000 5.0000 0.0000 5.0000 4.0000 1.0000 0.0394 0.2503 1.0012 0.0349 0.0588 b 0.1340 1.2512 1.1572 1.1489 0.2650 0.2944 0.2014 0.2404 0.0000 0.0000 0.0000 0.0000 0.0000 
main 7.0000 2.0000 13.0000 8.0000 1.0000 8.0000 7.0000 0.0000 0.0000 0.2500 1.7500 0.0000 0.0000 b 0.1210 2.0000 1.4928 1.4845 0.2500 0.2500 0.2500 0.2500 0.2500 0.2500 0.2500 0.0000 0.0000 
main 7.0000 2.0000 52.0000 7.0000 1.0000 7.0000 6.0000 0.0000 0.0000 0.2500 1.5000 0.0000 0.0000 b 0.1400 1.7500 1.1241 1.1158 0.2500 0.2500 0.2500 0.2500 0.2500 0.2500 0.0000 0.0000 0.0000 
main 7.0000 2.0000 17.0000 9.0000 1.0000 9.0000 8.0000 1.0000 0.0585 0.2504 2.0035 0.0349 0.0588 b 0.1650 2.2535 1.4505 1.4422 0.2238 0.1816 0.2653 0.1681 0.2559 0.3122 0.3376 0.2590 0.0000 
main 7.0000 2.0000 36.0000 8.0000 1.0000 8.0000 7.0000 2.0000 0.0929 0.2493 1.7454 0.0906 0.1145 b 0.1360 1.9954 1.3954 1.3871 0.2278 0.3095 0.1804 0.3522 0.1505 0.3681 0.1569 0.0000 0.0000 
main 7.0000 2.0000 37.0000 9.0000 1.0000 9.0000 8.0000 0.0000 0.0000 0.2500 2.0000 0.0000 0.0000 b 0.1490 2.2500 1.3231 1.3148 0.2500 0.2500 0.2500 0.2500 0.2500 0.2500 0.2500 0.2500 0.0000 
main 7.0000 2.0000 26.0000 5.0000 0.0000 5.0000 4.0000 1.0000 0.0509 0.2491 0.9964 0.0349 0.0588 b 0.1910 1.2464 1.4505 1.4422 0.2007 0.2696 0.3110 0.2150 0.0000 0.0000 0.0000 0.0000 0.0000 
main 7.0000 2.0000 19.0000 10.0000 2.0000 10.0000 9.0000 0.0000 0.0000 0.2500 2.2500 0.0000 0.0000 b 0.1590 2.5000 1.1718 1.1635 0.2500 0.2500 0.2500 0.2500 0.2500 0.2500 0.2500 0.2500 0.2500 
main 7.0000 2.0000 27.0000 5.0000 0.0000 5.0000 4.0000 2.0000 0.0974 0.2508 1.0031 0.0906 0.1145 b 0.2360 1.2531 1.4021 1.3937 0.3891 0.1694 0.1988 0.2458 0.0000 0.0000 0.0000 0.0000 0.0000 
main 7.0000 2.0000 45.0000 4.0000 0.0000 4.0000 3.0000 2.0000 0.0958 0.2512 0.7536 0.0906 0.1145 b 0.2170 1.0036 1.3182 1.3099 0.3446 0.1531 0.2558 0.0000 0.0000 0.0000 0.0000 0.0000 0.0000 
main 7.0000 2.0000 59.0000 9.0000 1.0000 9.0000 8.0000 1.0000 0.0509 0.2505 2.0039 0.0349 0.0588 b 0.1300 2.2539 1.1370 1.1286 0.2277 0.3017 0.2137 0.3186 0.1895 0.2837 0.1916 0.2774 0.0000 
main 7.0000 2.0000 11.0000 7.0000 1.0000 7.0000 6.0000 1.0000 0.0549 0.2502 1.5010 0.0349 0.0588 b 0.1550 1.7510 1.4943 1.4860 0.1811 0.2451 0.3392 0.2480 0.2773 0.2102 0.0000 0.0000 0.0000 
main 7.0000 2.0000 30.0000 6.0000 0.0000 6.0000 5.0000 2.0000 0.0941 0.2499 1.2497 0.0906 0.1145 b 0.1730 1.4997 1.3501 1.3418 0.3086 0.1850 0.1578 0.2142 0.3841 0.0000 0.0000 0.0000 0.0000 
main 7.0000 2.0000 43.0000 4.0000 0.0000 4.0000 3.0000 0.0000 0.0000 0.2500 0.7500 0.0000 0.0000 b 0.1620 1.0000 1.3888 1.3805 0.2500 0.2500 0.2500 0.0000 0.0000 0.0000 0.0000 0.0000 0.0000 
main 7.0000 2.0000 21.0000 10.0000 2.0000 10.0000 9.0000 2.0000 0.0908 0.2497 2.2475 0.0906 0.1145 b 0.1400 2.4975 1.0528 1.0444 0.2673 0.3770 0.2008 0.1540 0.3985 0.1555 0.2401 0.1734 0.2808 
main 7.0000 2.0000 58.0000 9.0000 1.0000 9.0000 8.0000 0.0000 0.0000 0.2500 2.0000 0.0000 0.0000 b 0.1680 2.2500 1.3627 1.3544 0.2500 0.2500 0.2500 0.2500 0.2500 0.2500 0.2500 0.2500 0.0000 
main 7.0000 2.0000 1.0000 4.0000 0.0000 4.0000 3.0000 0.0000 0.0000 0.2500 0.7500 0.0000 0.0000 b 0.2170 1.0000 1.3389 1.3306 0.2500 0.2500 0.2500 0.0000 0.0000 0.0000 0.0000 0.0000 0.0000 
main 7.0000 2.0000 53.0000 7.0000 1.0000 7.0000 6.0000 1.0000 0.0578 0.2495 1.4973 0.0349 0.0588 b 0.1920 1.7473 1.3331 1.3248 0.2684 0.2084 0.3228 0.1769 0.3037 0.2171 0.0000 0.0000 0.0000 
main 7.0000 2.0000 38.0000 9.0000 1.0000 9.0000 8.0000 1.0000 0.0548 0.2503 2.0022 0.0349 0.0588 NA E 2.2522 1.0896 1.0812 0.2269 0.1656 0.2438 0.3316 0.2475 0.3102 0.2753 0.2012 0.0000 
main 7.0000 2.0000 62.0000 10.0000 2.0000 10.0000 9.0000 1.0000 0.0535 0.2500 2.2501 0.0349 0.0588 b 0.1940 2.5001 1.3259 1.3176 0.2700 0.2303 0.2669 0.2341 0.1648 0.2621 0.2983 0.3378 0.1857 
main 7.0000 2.0000 4.0000 5.0000 0.0000 5.0000 4.0000 0.0000 0.0000 0.2500 1.0000 0.0000 0.0000 b 0.2330 1.2500 1.4807 1.4724 0.2500 0.2500 0.2500 0.2500 0.0000 0.0000 0.0000 0.0000 0.0000 
main 7.0000 2.0000 34.0000 8.0000 1.0000 8.0000 7.0000 0.0000 0.0000 0.2500 1.7500 0.0000 0.0000 b 0.1540 2.0000 1.4180 1.4097 0.2500 0.2500 0.2500 0.2500 0.2500 0.2500 0.2500 0.0000 0.0000 
main 7.0000 2.0000 8.0000 6.0000 0.0000 6.0000 5.0000 1.0000 0.0493 0.2503 1.2513 0.0349 0.0588 b 0.1790 1.5013 1.2412 1.2329 0.2972 0.2066 0.2612 0.2951 0.1912 0.0000 0.0000 0.0000 0.0000 
main 7.0000 2.0000 54.0000 7.0000 1.0000 7.0000 6.0000 2.0000 0.1008 0.2508 1.5048 0.0906 0.1145 b 0.1660 1.7548 1.0521 1.0437 0.2090 0.3506 0.2495 0.1500 0.3911 0.1545 0.0000 0.0000 0.0000 
main 7.0000 2.0000 39.0000 9.0000 1.0000 9.0000 8.0000 2.0000 0.0941 0.2505 2.0042 0.0906 0.1145 b 0.1540 2.2542 1.2584 1.2500 0.1588 0.3367 0.1903 0.2829 0.3955 0.1519 0.3169 0.1712 0.0000 
main 7.0000 2.0000 15.0000 8.0000 1.0000 8.0000 7.0000 2.0000 0.0951 0.2499 1.7490 0.0906 0.1145 b 0.1590 1.9990 1.1073 1.0990 0.2938 0.1560 0.3609 0.1583 0.3685 0.2548 0.1567 0.0000 0.0000 
main 7.0000 2.0000 2.0000 4.0000 0.0000 4.0000 3.0000 1.0000 0.0483 0.2511 0.7533 0.0349 0.0588 b 0.1660 1.0033 1.1285 1.1201 0.2747 0.1955 0.2830 0.0000 0.0000 0.0000 0.0000 0.0000 0.0000 
main 7.0000 2.0000 23.0000 4.0000 0.0000 4.0000 3.0000 1.0000 0.0515 0.2512 0.7535 0.0349 0.0588 b 0.1730 1.0035 1.3261 1.3178 0.2167 0.3104 0.2263 0.0000 0.0000 0.0000 0.0000 0.0000 0.0000 
main 7.0000 2.0000 14.0000 8.0000 1.0000 8.0000 7.0000 1.0000 0.0538 0.2504 1.7531 0.0349 0.0588 b 0.1290 2.0031 1.3880 1.3796 0.1902 0.2331 0.2725 0.2095 0.2839 0.2181 0.3457 0.0000 0.0000 
main 7.0000 2.0000 42.0000 10.0000 2.0000 10.0000 9.0000 2.0000 0.0925 0.2505 2.2542 0.0906 0.1145 b 0.1530 2.5042 1.1545 1.1462 0.3971 0.1518 0.2079 0.1768 0.2993 0.3505 0.1851 0.3242 0.1614 
main 7.0000 2.0000 41.0000 10.0000 2.0000 10.0000 9.0000 1.0000 0.0530 0.2500 2.2500 0.0349 0.0588 b 0.1540 2.5000 1.1567 1.1483 0.2701 0.2126 0.2557 0.3365 0.2865 0.1805 0.2779 0.1718 0.2584 
main 7.0000 2.0000 6.0000 5.0000 0.0000 5.0000 4.0000 2.0000 0.0938 0.2491 0.9963 0.0906 0.1145 b 0.1760 1.2463 1.1274 1.1191 0.1573 0.2858 0.3634 0.1897 0.0000 0.0000 0.0000 0.0000 0.0000 
main 7.0000 2.0000 10.0000 7.0000 1.0000 7.0000 6.0000 0.0000 0.0000 0.2500 1.5000 0.0000 0.0000 b 0.1660 1.7500 1.0359 1.0276 0.2500 0.2500 0.2500 0.2500 0.2500 0.2500 0.0000 0.0000 0.0000 
main 7.0000 2.0000 51.0000 6.0000 0.0000 6.0000 5.0000 2.0000 0.0999 0.2508 1.2540 0.0906 0.1145 b 0.1670 1.5040 1.3234 1.3151 0.1517 0.3443 0.2351 0.1592 0.3637 0.0000 0.0000 0.0000 0.0000 
main 7.0000 2.0000 20.0000 10.0000 2.0000 10.0000 9.0000 1.0000 0.0429 0.2496 2.2467 0.0349 0.0588 b 0.1730 2.4967 1.0419 1.0336 0.3362 0.2701 0.2035 0.2723 0.1992 0.2473 0.2163 0.2667 0.2350 
main 7.0000 2.0000 60.0000 9.0000 1.0000 9.0000 8.0000 2.0000 0.0941 0.2499 1.9994 0.0906 0.1145 b 0.1630 2.2494 1.4896 1.4812 0.2261 0.1538 0.2460 0.3963 0.1990 0.2278 0.3900 0.1603 0.0000 
main 7.0000 2.0000 35.0000 8.0000 1.0000 8.0000 7.0000 1.0000 0.0559 0.2493 1.7453 0.0349 0.0588 b 0.1610 1.9953 1.3924 1.3840 0.2334 0.1955 0.2246 0.3635 0.2311 0.2770 0.2204 0.0000 0.0000 
main 7.0000 2.0000 57.0000 8.0000 1.0000 8.0000 7.0000 2.0000 0.0918 0.2504 1.7525 0.0906 0.1145 b 0.1590 2.0025 1.3287 1.3204 0.3619 0.1766 0.3544 0.3184 0.1644 0.2215 0.1553 0.0000 0.0000 
main 7.0000 2.0000 28.0000 6.0000 0.0000 6.0000 5.0000 0.0000 0.0000 0.2500 1.2500 0.0000 0.0000 b 0.1900 1.5000 1.2432 1.2349 0.2500 0.2500 0.2500 0.2500 0.2500 0.0000 0.0000 0.0000 0.0000 
main 7.0000 2.0000 9.0000 6.0000 0.0000 6.0000 5.0000 2.0000 0.0984 0.2502 1.2512 0.0906 0.1145 b 0.1640 1.5012 1.4754 1.4671 0.1587 0.2483 0.2794 0.3995 0.1653 0.0000 0.0000 0.0000 0.0000 
main 7.0000 2.0000 18.0000 9.0000 1.0000 9.0000 8.0000 2.0000 0.0955 0.2499 1.9995 0.0906 0.1145 b 0.1330 2.2495 1.1984 1.1901 0.1845 0.1534 0.3921 0.1727 0.3222 0.3669 0.1829 0.2248 0.0000 
main 7.0000 2.0000 3.0000 4.0000 0.0000 4.0000 3.0000 2.0000 0.0910 0.2499 0.7498 0.0906 0.1145 b 0.1800 0.9998 1.1405 1.1322 0.2473 0.3422 0.1603 0.0000 0.0000 0.0000 0.0000 0.0000 0.0000 
main 7.0000 2.0000 44.0000 4.0000 0.0000 4.0000 3.0000 1.0000 0.0413 0.2501 0.7502 0.0349 0.0588 b 0.1470 1.0002 1.3509 1.3426 0.2383 0.2960 0.2160 0.0000 0.0000 0.0000 0.0000 0.0000 0.0000 
main 7.0000 2.0000 50.0000 6.0000 0.0000 6.0000 5.0000 1.0000 0.0535 0.2492 1.2460 0.0349 0.0588 b 0.1210 1.4960 1.0331 1.0248 0.2710 0.1843 0.3128 0.2743 0.2035 0.0000 0.0000 0.0000 0.0000 
main 7.0000 2.0000 24.0000 4.0000 0.0000 4.0000 3.0000 2.0000 0.0913 0.2485 0.7456 0.0906 0.1145 b 0.1300 0.9956 1.1419 1.1336 0.1552 0.3377 0.2527 0.0000 0.0000 0.0000 0.0000 0.0000 0.0000 
main 7.0000 2.0000 25.0000 5.0000 0.0000 5.0000 4.0000 0.0000 0.0000 0.2500 1.0000 0.0000 0.0000 b 0.1600 1.2500 1.3365 1.3282 0.2500 0.2500 0.2500 0.2500 0.0000 0.0000 0.0000 0.0000 0.0000 
main 7.0000 2.0000 22.0000 4.0000 0.0000 4.0000 3.0000 0.0000 0.0000 0.2500 0.7500 0.0000 0.0000 b 0.1710 1.0000 1.2481 1.2398 0.2500 0.2500 0.2500 0.0000 0.0000 0.0000 0.0000 0.0000 0.0000 
main 7.0000 2.0000 29.0000 6.0000 0.0000 6.0000 5.0000 1.0000 0.0577 0.2500 1.2500 0.0349 0.0588 b 0.1620 1.5000 1.1752 1.1668 0.2632 0.1769 0.2107 0.2737 0.3255 0.0000 0.0000 0.0000 0.0000 
main 7.0000 2.0000 48.0000 5.0000 0.0000 5.0000 4.0000 2.0000 0.1022 0.2503 1.0012 0.0906 0.1145 b 0.1670 1.2512 1.1439 1.1356 0.1789 0.3082 0.3639 0.1503 0.0000 0.0000 0.0000 0.0000 0.0000 
main 7.0000 2.0000 12.0000 7.0000 1.0000 7.0000 6.0000 2.0000 0.0950 0.2494 1.4965 0.0906 0.1145 b 0.1710 1.7465 1.4870 1.4786 0.3209 0.3706 0.1897 0.1507 0.3079 0.1566 0.0000 0.0000 0.0000 
main 7.0000 2.0000 31.0000 7.0000 1.0000 7.0000 6.0000 0.0000 0.0000 0.2500 1.5000 0.0000 0.0000 b 0.1580 1.7500 1.2988 1.2905 0.2500 0.2500 0.2500 0.2500 0.2500 0.2500 0.0000 0.0000 0.0000 
main 7.0000 2.0000 40.0000 10.0000 2.0000 10.0000 9.0000 0.0000 0.0000 0.2500 2.2500 0.0000 0.0000 b 0.1590 2.5000 1.3547 1.3464 0.2500 0.2500 0.2500 0.2500 0.2500 0.2500 0.2500 0.2500 0.2500 
main 7.0000 2.0000 7.0000 6.0000 0.0000 6.0000 5.0000 0.0000 0.0000 0.2500 1.2500 0.0000 0.0000 b 0.1730 1.5000 1.0895 1.0811 0.2500 0.2500 0.2500 0.2500 0.2500 0.0000 0.0000 0.0000 0.0000 
main 7.0000 2.0000 5.0000 5.0000 0.0000 5.0000 4.0000 1.0000 0.0553 0.2495 0.9980 0.0349 0.0588 b 0.1290 1.2480 1.1865 1.1781 0.1878 0.3146 0.2240 0.2716 0.0000 0.0000 0.0000 0.0000 0.0000 
main 7.0000 2.0000 56.0000 8.0000 1.0000 8.0000 7.0000 1.0000 0.0533 0.2502 1.7514 0.0349 0.0588 b 0.1630 2.0014 1.2770 1.2687 0.2479 0.2038 0.3093 0.2075 0.2566 0.1953 0.3309 0.0000 0.0000 
main 7.0000 2.0000 33.0000 7.0000 1.0000 7.0000 6.0000 2.0000 0.0937 0.2507 1.5043 0.0906 0.1145 b 0.1830 1.7543 1.0616 1.0532 0.2080 0.3764 0.2008 0.3609 0.2059 0.1524 0.0000 0.0000 0.0000 
main 7.0000 2.0000 46.0000 5.0000 0.0000 5.0000 4.0000 0.0000 0.0000 0.2500 1.0000 0.0000 0.0000 b 0.1970 1.2500 1.3415 1.3331 0.2500 0.2500 0.2500 0.2500 0.0000 0.0000 0.0000 0.0000 0.0000 
main 7.0000 3.0000 52.0000 7.0000 1.0000 7.0000 6.0000 0.0000 0.0000 0.2500 1.5000 0.0000 0.0000 b 0.1310 1.7500 1.1633 1.1549 0.2500 0.2500 0.2500 0.2500 0.2500 0.2500 0.0000 0.0000 0.0000 
main 7.0000 3.0000 27.0000 5.0000 0.0000 5.0000 4.0000 2.0000 0.1030 0.2497 0.9988 0.0906 0.1145 b 0.1650 1.2488 1.2234 1.2151 0.2867 0.1810 0.3778 0.1533 0.0000 0.0000 0.0000 0.0000 0.0000 
main 7.0000 3.0000 55.0000 8.0000 1.0000 8.0000 7.0000 0.0000 0.0000 0.2500 1.7500 0.0000 0.0000 b 0.1490 2.0000 1.0930 1.0847 0.2500 0.2500 0.2500 0.2500 0.2500 0.2500 0.2500 0.0000 0.0000 
main 7.0000 3.0000 13.0000 8.0000 1.0000 8.0000 7.0000 0.0000 0.0000 0.2500 1.7500 0.0000 0.0000 b 0.1430 2.0000 1.3064 1.2981 0.2500 0.2500 0.2500 0.2500 0.2500 0.2500 0.2500 0.0000 0.0000 
main 7.0000 3.0000 7.0000 6.0000 0.0000 6.0000 5.0000 0.0000 0.0000 0.2500 1.2500 0.0000 0.0000 b 0.1400 1.5000 1.1075 1.0992 0.2500 0.2500 0.2500 0.2500 0.2500 0.0000 0.0000 0.0000 0.0000 
main 7.0000 3.0000 44.0000 4.0000 0.0000 4.0000 3.0000 1.0000 0.0476 0.2498 0.7493 0.0349 0.0588 b 0.1520 0.9993 1.2043 1.1960 0.2934 0.1991 0.2567 0.0000 0.0000 0.0000 0.0000 0.0000 0.0000 
main 7.0000 3.0000 18.0000 9.0000 1.0000 9.0000 8.0000 2.0000 0.0920 0.2495 1.9956 0.0906 0.1145 b 0.1660 2.2456 1.1475 1.1391 0.1836 0.2088 0.1694 0.3485 0.3223 0.1556 0.3961 0.2112 0.0000 
main 7.0000 3.0000 53.0000 7.0000 1.0000 7.0000 6.0000 1.0000 0.0437 0.2506 1.5036 0.0349 0.0588 b 0.1620 1.7536 1.1957 1.1873 0.2542 0.2225 0.2758 0.2119 0.3239 0.2153 0.0000 0.0000 0.0000 
main 7.0000 3.0000 2.0000 4.0000 0.0000 4.0000 3.0000 1.0000 0.0550 0.2493 0.7479 0.0349 0.0588 b 0.2140 0.9979 1.4445 1.4362 0.2229 0.3125 0.2125 0.0000 0.0000 0.0000 0.0000 0.0000 0.0000 
main 7.0000 3.0000 41.0000 10.0000 2.0000 10.0000 9.0000 1.0000 0.0577 0.2496 2.2468 0.0349 0.0588 b 0.1820 2.4968 1.1148 1.1064 0.2356 0.2641 0.3494 0.2237 0.2826 0.1680 0.2344 0.1831 0.3060 
main 7.0000 3.0000 8.0000 6.0000 0.0000 6.0000 5.0000 1.0000 0.0524 0.2498 1.2489 0.0349 0.0588 b 0.1760 1.4989 1.3613 1.3530 0.2724 0.1946 0.3255 0.2481 0.2084 0.0000 0.0000 0.0000 0.0000 
main 7.0000 3.0000 3.0000 4.0000 0.0000 4.0000 3.0000 2.0000 0.0908 0.2501 0.7503 0.0906 0.1145 b 0.2640 1.0003 1.3510 1.3427 0.2163 0.1810 0.3530 0.0000 0.0000 0.0000 0.0000 0.0000 0.0000 
main 7.0000 3.0000 25.0000 5.0000 0.0000 5.0000 4.0000 0.0000 0.0000 0.2500 1.0000 0.0000 0.0000 b 0.1810 1.2500 1.0473 1.0390 0.2500 0.2500 0.2500 0.2500 0.0000 0.0000 0.0000 0.0000 0.0000 
main 7.0000 3.0000 56.0000 8.0000 1.0000 8.0000 7.0000 1.0000 0.0514 0.2494 1.7457 0.0349 0.0588 b 0.1610 1.9957 1.4049 1.3966 0.1830 0.2414 0.3139 0.2387 0.3080 0.1919 0.2688 0.0000 0.0000 
main 7.0000 3.0000 48.0000 5.0000 0.0000 5.0000 4.0000 2.0000 0.0964 0.2493 0.9971 0.0906 0.1145 b 0.1710 1.2471 1.2377 1.2294 0.2882 0.1582 0.1839 0.3669 0.0000 0.0000 0.0000 0.0000 0.0000 
main 7.0000 3.0000 34.0000 8.0000 1.0000 8.0000 7.0000 0.0000 0.0000 0.2500 1.7500 0.0000 0.0000 b 0.1250 2.0000 1.0696 1.0612 0.2500 0.2500 0.2500 0.2500 0.2500 0.2500 0.2500 0.0000 0.0000 
main 7.0000 3.0000 14.0000 8.0000 1.0000 8.0000 7.0000 1.0000 0.0559 0.2501 1.7508 0.0349 0.0588 b 0.1350 2.0008 1.2453 1.2370 0.1964 0.2630 0.3462 0.2539 0.1990 0.2896 0.2026 0.0000 0.0000 
main 7.0000 3.0000 20.0000 10.0000 2.0000 10.0000 9.0000 1.0000 0.0430 0.2501 2.2509 0.0349 0.0588 b 0.1400 2.5009 1.0391 1.0307 0.2054 0.2925 0.2631 0.2899 0.2349 0.1929 0.3009 0.2726 0.1986 
main 7.0000 3.0000 37.0000 9.0000 1.0000 9.0000 8.0000 0.0000 0.0000 0.2500 2.0000 0.0000 0.0000 b 0.1590 2.2500 1.1852 1.1769 0.2500 0.2500 0.2500 0.2500 0.2500 0.2500 0.2500 0.2500 0.0000 
main 7.0000 3.0000 30.0000 6.0000 0.0000 6.0000 5.0000 2.0000 0.0978 0.2506 1.2531 0.0906 0.1145 b 0.1870 1.5031 1.3283 1.3200 0.1645 0.2969 0.3899 0.1544 0.2474 0.0000 0.0000 0.0000 0.0000 
main 7.0000 3.0000 47.0000 5.0000 0.0000 5.0000 4.0000 1.0000 0.0569 0.2497 0.9988 0.0349 0.0588 b 0.2620 1.2488 1.0979 1.0896 0.2427 0.3203 0.2543 0.1815 0.0000 0.0000 0.0000 0.0000 0.0000 
main 7.0000 3.0000 46.0000 5.0000 0.0000 5.0000 4.0000 0.0000 0.0000 0.2500 1.0000 0.0000 0.0000 b 0.1930 1.2500 1.4938 1.4855 0.2500 0.2500 0.2500 0.2500 0.0000 0.0000 0.0000 0.0000 0.0000 
main 7.0000 3.0000 33.0000 7.0000 1.0000 7.0000 6.0000 2.0000 0.0915 0.2501 1.5006 0.0906 0.1145 b 0.1910 1.7506 1.1951 1.1867 0.2072 0.1578 0.3664 0.2861 0.1506 0.3324 0.0000 0.0000 0.0000 
main 7.0000 3.0000 63.0000 10.0000 2.0000 10.0000 9.0000 2.0000 0.0911 0.2496 2.2466 0.0906 0.1145 b 0.1620 2.4966 1.3928 1.3845 0.3535 0.1611 0.3008 0.3576 0.1554 0.1965 0.1548 0.3559 0.2111 
main 7.0000 3.0000 9.0000 6.0000 0.0000 6.0000 5.0000 2.0000 0.1047 0.2500 1.2502 0.0906 0.1145 b 0.1770 1.5002 1.4552 1.4469 0.3339 0.1878 0.1546 0.3896 0.1842 0.0000 0.0000 0.0000 0.0000 
main 7.0000 3.0000 22.0000 4.0000 0.0000 4.0000 3.0000 0.0000 0.0000 0.2500 0.7500 0.0000 0.0000 b 0.2580 1.0000 1.4605 1.4522 0.2500 0.2500 0.2500 0.0000 0.0000 0.0000 0.0000 0.0000 0.0000 
main 7.0000 3.0000 38.0000 9.0000 1.0000 9.0000 8.0000 1.0000 0.0538 0.2503 2.0021 0.0349 0.0588 b 0.1760 2.2521 1.2129 1.2046 0.2430 0.1643 0.2283 0.3326 0.2835 0.2362 0.3029 0.2113 0.0000 
main 7.0000 3.0000 36.0000 8.0000 1.0000 8.0000 7.0000 2.0000 0.0941 0.2503 1.7519 0.0906 0.1145 b 0.2150 2.0019 1.3515 1.3431 0.1590 0.3540 0.2089 0.3262 0.1550 0.3647 0.1841 0.0000 0.0000 
main 7.0000 3.0000 35.0000 8.0000 1.0000 8.0000 7.0000 1.0000 0.0442 0.2493 1.7452 0.0349 0.0588 b 0.1810 1.9952 1.3883 1.3800 0.3175 0.2044 0.2736 0.1960 0.2516 0.2796 0.2226 0.0000 0.0000 
main 7.0000 3.0000 61.0000 10.0000 2.0000 10.0000 9.0000 0.0000 0.0000 0.2500 2.2500 0.0000 0.0000 b 0.1660 2.5000 1.1219 1.1135 0.2500 0.2500 0.2500 0.2500 0.2500 0.2500 0.2500 0.2500 0.2500 
main 7.0000 3.0000 62.0000 10.0000 2.0000 10.0000 9.0000 1.0000 0.0565 0.2501 2.2509 0.0349 0.0588 b 0.1890 2.5009 1.2091 1.2007 0.2821 0.1815 0.2125 0.3128 0.1857 0.2177 0.3059 0.2273 0.3254 
main 7.0000 3.0000 60.0000 9.0000 1.0000 9.0000 8.0000 2.0000 0.0976 0.2504 2.0029 0.0906 0.1145 b 0.2010 2.2529 1.2049 1.1965 0.3934 0.2958 0.1526 0.3802 0.1586 0.1897 0.2567 0.1759 0.0000 
main 7.0000 3.0000 51.0000 6.0000 0.0000 6.0000 5.0000 2.0000 0.0973 0.2495 1.2473 0.0906 0.1145 b 0.1840 1.4973 1.1893 1.1810 0.2108 0.1543 0.3342 0.3713 0.1766 0.0000 0.0000 0.0000 0.0000 
main 7.0000 3.0000 26.0000 5.0000 0.0000 5.0000 4.0000 1.0000 0.0441 0.2500 0.9999 0.0349 0.0588 b 0.1920 1.2499 1.2395 1.2312 0.1991 0.2307 0.2706 0.2994 0.0000 0.0000 0.0000 0.0000 0.0000 
main 7.0000 3.0000 58.0000 9.0000 1.0000 9.0000 8.0000 0.0000 0.0000 0.2500 2.0000 0.0000 0.0000 b 0.1620 2.2500 1.1812 1.1729 0.2500 0.2500 0.2500 0.2500 0.2500 0.2500 0.2500 0.2500 0.0000 
main 7.0000 3.0000 32.0000 7.0000 1.0000 7.0000 6.0000 1.0000 0.0425 0.2503 1.5018 0.0349 0.0588 b 0.1630 1.7518 1.4742 1.4658 0.2161 0.2651 0.3198 0.2387 0.1999 0.2623 0.0000 0.0000 0.0000 
main 7.0000 3.0000 16.0000 9.0000 1.0000 9.0000 8.0000 0.0000 0.0000 0.2500 2.0000 0.0000 0.0000 b 0.1240 2.2500 1.4163 1.4080 0.2500 0.2500 0.2500 0.2500 0.2500 0.2500 0.2500 0.2500 0.0000 
main 7.0000 3.0000 40.0000 10.0000 2.0000 10.0000 9.0000 0.0000 0.0000 0.2500 2.2500 0.0000 0.0000 NA E 2.5000 1.0533 1.0450 0.2500 0.2500 0.2500 0.2500 0.2500 0.2500 0.2500 0.2500 0.2500 
main 7.0000 3.0000 39.0000 9.0000 1.0000 9.0000 8.0000 2.0000 0.0974 0.2499 1.9993 0.0906 0.1145 b 0.1450 2.2493 1.2464 1.2381 0.1645 0.3662 0.1869 0.3688 0.2095 0.3631 0.1573 0.1830 0.0000 
main 7.0000 3.0000 45.0000 4.0000 0.0000 4.0000 3.0000 2.0000 0.1109 0.2491 0.7474 0.0906 0.1145 b 0.3240 0.9974 1.4430 1.4346 0.2067 0.1657 0.3750 0.0000 0.0000 0.0000 0.0000 0.0000 0.0000 
main 7.0000 3.0000 17.0000 9.0000 1.0000 9.0000 8.0000 1.0000 0.0580 0.2500 1.9999 0.0349 0.0588 b 0.1740 2.2499 1.4267 1.4184 0.2227 0.2808 0.3256 0.1743 0.2177 0.1889 0.2668 0.3232 0.0000 
main 7.0000 3.0000 28.0000 6.0000 0.0000 6.0000 5.0000 0.0000 0.0000 0.2500 1.2500 0.0000 0.0000 b 0.1800 1.5000 1.2830 1.2747 0.2500 0.2500 0.2500 0.2500 0.2500 0.0000 0.0000 0.0000 0.0000 
main 7.0000 3.0000 50.0000 6.0000 0.0000 6.0000 5.0000 1.0000 0.0513 0.2508 1.2542 0.0349 0.0588 b 0.1800 1.5042 1.3813 1.3730 0.2370 0.3077 0.1805 0.2943 0.2347 0.0000 0.0000 0.0000 0.0000 
main 7.0000 3.0000 57.0000 8.0000 1.0000 8.0000 7.0000 2.0000 0.0908 0.2501 1.7510 0.0906 0.1145 b 0.1820 2.0010 1.0257 1.0174 0.1702 0.3391 0.2341 0.1563 0.3603 0.3291 0.1620 0.0000 0.0000 
main 7.0000 3.0000 21.0000 10.0000 2.0000 10.0000 9.0000 2.0000 0.0919 0.2501 2.2508 0.0906 0.1145 b 0.1500 2.5008 1.1582 1.1499 0.1759 0.3302 0.1642 0.3815 0.2138 0.1827 0.2128 0.3940 0.1957 
main 7.0000 3.0000 49.0000 6.0000 0.0000 6.0000 5.0000 0.0000 0.0000 0.2500 1.2500 0.0000 0.0000 b 0.1790 1.5000 1.2267 1.2183 0.2500 0.2500 0.2500 0.2500 0.2500 0.0000 0.0000 0.0000 0.0000 
main 7.0000 3.0000 10.0000 7.0000 1.0000 7.0000 6.0000 0.0000 0.0000 0.2500 1.5000 0.0000 0.0000 b 0.1600 1.7500 1.0053 0.9970 0.2500 0.2500 0.2500 0.2500 0.2500 0.2500 0.0000 0.0000 0.0000 
main 7.0000 3.0000 23.0000 4.0000 0.0000 4.0000 3.0000 1.0000 0.0527 0.2501 0.7502 0.0349 0.0588 b 0.2660 1.0002 1.0600 1.0517 0.1953 0.3004 0.2545 0.0000 0.0000 0.0000 0.0000 0.0000 0.0000 
main 7.0000 3.0000 43.0000 4.0000 0.0000 4.0000 3.0000 0.0000 0.0000 0.2500 0.7500 0.0000 0.0000 b 0.1900 1.0000 1.1064 1.0981 0.2500 0.2500 0.2500 0.0000 0.0000 0.0000 0.0000 0.0000 0.0000 
main 7.0000 3.0000 1.0000 4.0000 0.0000 4.0000 3.0000 0.0000 0.0000 0.2500 0.7500 0.0000 0.0000 b 0.1660 1.0000 1.1135 1.1052 0.2500 0.2500 0.2500 0.0000 0.0000 0.0000 0.0000 0.0000 0.0000 
main 7.0000 3.0000 4.0000 5.0000 0.0000 5.0000 4.0000 0.0000 0.0000 0.2500 1.0000 0.0000 0.0000 b 0.1390 1.2500 1.1150 1.1066 0.2500 0.2500 0.2500 0.2500 0.0000 0.0000 0.0000 0.0000 0.0000 
main 7.0000 3.0000 42.0000 10.0000 2.0000 10.0000 9.0000 2.0000 0.0984 0.2496 2.2460 0.0906 0.1145 b 0.1810 2.4960 1.1758 1.1675 0.1530 0.2169 0.3356 0.1888 0.1568 0.3944 0.1890 0.2152 0.3962 
main 7.0000 3.0000 11.0000 7.0000 1.0000 7.0000 6.0000 1.0000 0.0585 0.2503 1.5020 0.0349 0.0588 b 0.1800 1.7520 1.3436 1.3352 0.2510 0.3047 0.2341 0.3273 0.2176 0.1673 0.0000 0.0000 0.0000 
main 7.0000 3.0000 12.0000 7.0000 1.0000 7.0000 6.0000 2.0000 0.0943 0.2498 1.4986 0.0906 0.1145 b 0.1830 1.7486 1.4384 1.4301 0.1669 0.3323 0.1958 0.1535 0.3852 0.2648 0.0000 0.0000 0.0000 
main 7.0000 3.0000 54.0000 7.0000 1.0000 7.0000 6.0000 2.0000 0.0972 0.2501 1.5008 0.0906 0.1145 b 0.1450 1.7508 1.1231 1.1148 0.3592 0.1637 0.2369 0.3817 0.1654 0.1939 0.0000 0.0000 0.0000 
main 7.0000 3.0000 6.0000 5.0000 0.0000 5.0000 4.0000 2.0000 0.1030 0.2511 1.0045 0.0906 0.1145 b 0.1700 1.2545 1.4703 1.4620 0.1942 0.3899 0.1557 0.2647 0.0000 0.0000 0.0000 0.0000 0.0000 
main 7.0000 3.0000 31.0000 7.0000 1.0000 7.0000 6.0000 0.0000 0.0000 0.2500 1.5000 0.0000 0.0000 b 0.1640 1.7500 1.0877 1.0794 0.2500 0.2500 0.2500 0.2500 0.2500 0.2500 0.0000 0.0000 0.0000 
main 7.0000 3.0000 29.0000 6.0000 0.0000 6.0000 5.0000 1.0000 0.0535 0.2498 1.2491 0.0349 0.0588 b 0.1420 1.4991 1.1383 1.1300 0.2835 0.2161 0.1750 0.2676 0.3069 0.0000 0.0000 0.0000 0.0000 
main 7.0000 3.0000 19.0000 10.0000 2.0000 10.0000 9.0000 0.0000 0.0000 0.2500 2.2500 0.0000 0.0000 b 0.1810 2.5000 1.4576 1.4492 0.2500 0.2500 0.2500 0.2500 0.2500 0.2500 0.2500 0.2500 0.2500 
main 7.0000 3.0000 5.0000 5.0000 0.0000 5.0000 4.0000 1.0000 0.0576 0.2510 1.0042 0.0349 0.0588 b 0.2700 1.2542 1.2341 1.2258 0.2740 0.2022 0.3219 0.2060 0.0000 0.0000 0.0000 0.0000 0.0000 
main 7.0000 3.0000 59.0000 9.0000 1.0000 9.0000 8.0000 1.0000 0.0541 0.2505 2.0038 0.0349 0.0588 b 0.1400 2.2538 1.3918 1.3835 0.2043 0.3081 0.3479 0.2492 0.2152 0.2616 0.1902 0.2272 0.0000 
main 7.0000 3.0000 15.0000 8.0000 1.0000 8.0000 7.0000 2.0000 0.0910 0.2499 1.7496 0.0906 0.1145 b 0.1150 1.9996 1.1358 1.1275 0.2042 0.3939 0.1685 0.3658 0.1949 0.2309 0.1912 0.0000 0.0000 
main 7.0000 3.0000 24.0000 4.0000 0.0000 4.0000 3.0000 2.0000 0.0939 0.2490 0.7470 0.0906 0.1145 b 0.2520 0.9970 1.2650 1.2567 0.2411 0.3467 0.1593 0.0000 0.0000 0.0000 0.0000 0.0000 0.0000 
main 7.0000 4.0000 49.0000 6.0000 0.0000 6.0000 5.0000 0.0000 0.0000 0.2500 1.2500 0.0000 0.0000 b 0.1220 1.5000 1.3100 1.3016 0.2500 0.2500 0.2500 0.2500 0.2500 0.0000 0.0000 0.0000 0.0000 
main 7.0000 4.0000 32.0000 7.0000 1.0000 7.0000 6.0000 1.0000 0.0428 0.2493 1.4959 0.0349 0.0588 b 0.1810 1.7459 1.4490 1.4406 0.2075 0.2506 0.1982 0.2500 0.2769 0.3127 0.0000 0.0000 0.0000 
main 7.0000 4.0000 3.0000 4.0000 0.0000 4.0000 3.0000 2.0000 0.1105 0.2494 0.7481 0.0906 0.1145 b 0.5500 0.9981 1.0909 1.0826 0.1548 0.3708 0.2224 0.0000 0.0000 0.0000 0.0000 0.0000 0.0000 
main 7.0000 4.0000 55.0000 8.0000 1.0000 8.0000 7.0000 0.0000 0.0000 0.2500 1.7500 0.0000 0.0000 b 0.1770 2.0000 1.4276 1.4193 0.2500 0.2500 0.2500 0.2500 0.2500 0.2500 0.2500 0.0000 0.0000 
main 7.0000 4.0000 59.0000 9.0000 1.0000 9.0000 8.0000 1.0000 0.0555 0.2497 1.9980 0.0349 0.0588 b 0.2390 2.2480 1.4812 1.4728 0.2404 0.2772 0.2236 0.3648 0.2499 0.2113 0.2541 0.1767 0.0000 
main 7.0000 4.0000 8.0000 6.0000 0.0000 6.0000 5.0000 1.0000 0.0552 0.2491 1.2455 0.0349 0.0588 b 0.2520 1.4955 1.1848 1.1765 0.2110 0.2550 0.3324 0.2586 0.1885 0.0000 0.0000 0.0000 0.0000 
main 7.0000 4.0000 62.0000 10.0000 2.0000 10.0000 9.0000 1.0000 0.0582 0.2495 2.2459 0.0349 0.0588 b 0.1710 2.4959 1.3297 1.3214 0.2956 0.1949 0.3467 0.1875 0.2511 0.1881 0.2905 0.2057 0.2861 
main 7.0000 4.0000 56.0000 8.0000 1.0000 8.0000 7.0000 1.0000 0.0504 0.2499 1.7494 0.0349 0.0588 b 0.1630 1.9994 1.0896 1.0813 0.2656 0.1560 0.2435 0.2956 0.2700 0.2180 0.3009 0.0000 0.0000 
main 7.0000 4.0000 45.0000 4.0000 0.0000 4.0000 3.0000 2.0000 0.1011 0.2484 0.7453 0.0906 0.1145 b 0.2600 0.9953 1.2951 1.2868 0.2163 0.3616 0.1673 0.0000 0.0000 0.0000 0.0000 0.0000 0.0000 
main 7.0000 4.0000 31.0000 7.0000 1.0000 7.0000 6.0000 0.0000 0.0000 0.2500 1.5000 0.0000 0.0000 b 0.1720 1.7500 1.1098 1.1015 0.2500 0.2500 0.2500 0.2500 0.2500 0.2500 0.0000 0.0000 0.0000 
main 7.0000 4.0000 47.0000 5.0000 0.0000 5.0000 4.0000 1.0000 0.0498 0.2505 1.0021 0.0349 0.0588 b 0.3160 1.2521 1.2678 1.2595 0.3061 0.2626 0.1857 0.2477 0.0000 0.0000 0.0000 0.0000 0.0000 
main 7.0000 4.0000 7.0000 6.0000 0.0000 6.0000 5.0000 0.0000 0.0000 0.2500 1.2500 0.0000 0.0000 b 0.1680 1.5000 1.3656 1.3573 0.2500 0.2500 0.2500 0.2500 0.2500 0.0000 0.0000 0.0000 0.0000 
main 7.0000 4.0000 22.0000 4.0000 0.0000 4.0000 3.0000 0.0000 0.0000 0.2500 0.7500 0.0000 0.0000 b 0.1960 1.0000 1.0307 1.0223 0.2500 0.2500 0.2500 0.0000 0.0000 0.0000 0.0000 0.0000 0.0000 
main 7.0000 4.0000 13.0000 8.0000 1.0000 8.0000 7.0000 0.0000 0.0000 0.2500 1.7500 0.0000 0.0000 b 0.1430 2.0000 1.1765 1.1682 0.2500 0.2500 0.2500 0.2500 0.2500 0.2500 0.2500 0.0000 0.0000 
main 7.0000 4.0000 53.0000 7.0000 1.0000 7.0000 6.0000 1.0000 0.0566 0.2493 1.4960 0.0349 0.0588 b 0.1680 1.7460 1.3394 1.3311 0.2635 0.3229 0.1664 0.2497 0.2050 0.2885 0.0000 0.0000 0.0000 
main 7.0000 4.0000 10.0000 7.0000 1.0000 7.0000 6.0000 0.0000 0.0000 0.2500 1.5000 0.0000 0.0000 b 0.1390 1.7500 1.2784 1.2701 0.2500 0.2500 0.2500 0.2500 0.2500 0.2500 0.0000 0.0000 0.0000 
main 7.0000 4.0000 34.0000 8.0000 1.0000 8.0000 7.0000 0.0000 0.0000 0.2500 1.7500 0.0000 0.0000 b 0.1340 2.0000 1.2233 1.2150 0.2500 0.2500 0.2500 0.2500 0.2500 0.2500 0.2500 0.0000 0.0000 
main 7.0000 4.0000 60.0000 9.0000 1.0000 9.0000 8.0000 2.0000 0.0908 0.2496 1.9967 0.0906 0.1145 b 0.1460 2.2467 1.2689 1.2605 0.3501 0.2577 0.1604 0.3128 0.2215 0.1566 0.3815 0.1561 0.0000 
main 7.0000 4.0000 57.0000 8.0000 1.0000 8.0000 7.0000 2.0000 0.1028 0.2497 1.7479 0.0906 0.1145 b 0.1530 1.9979 1.3342 1.3258 0.2692 0.1847 0.1507 0.1783 0.3974 0.1845 0.3831 0.0000 0.0000 
main 7.0000 4.0000 36.0000 8.0000 1.0000 8.0000 7.0000 2.0000 0.0934 0.2506 1.7541 0.0906 0.1145 b 0.1610 2.0041 1.2806 1.2723 0.3672 0.1855 0.2824 0.2161 0.1544 0.3790 0.1695 0.0000 0.0000 
main 7.0000 4.0000 29.0000 6.0000 0.0000 6.0000 5.0000 1.0000 0.0477 0.2495 1.2474 0.0349 0.0588 b 0.1590 1.4974 1.0909 1.0826 0.2718 0.3196 0.2141 0.2411 0.2008 0.0000 0.0000 0.0000 0.0000 
main 7.0000 4.0000 21.0000 10.0000 2.0000 10.0000 9.0000 2.0000 0.0940 0.2500 2.2504 0.0906 0.1145 b 0.1370 2.5004 1.2365 1.2281 0.3866 0.1680 0.2980 0.1515 0.2058 0.1631 0.2020 0.3925 0.2830 
main 7.0000 4.0000 9.0000 6.0000 0.0000 6.0000 5.0000 2.0000 0.1018 0.2506 1.2530 0.0906 0.1145 b 0.1470 1.5030 1.4268 1.4185 0.1513 0.3576 0.2265 0.3574 0.1602 0.0000 0.0000 0.0000 0.0000 
main 7.0000 4.0000 35.0000 8.0000 1.0000 8.0000 7.0000 1.0000 0.0577 0.2498 1.7486 0.0349 0.0588 b 0.1440 1.9986 1.1608 1.1525 0.1759 0.2018 0.2832 0.2055 0.2995 0.3314 0.2512 0.0000 0.0000 
main 7.0000 4.0000 48.0000 5.0000 0.0000 5.0000 4.0000 2.0000 0.0992 0.2509 1.0035 0.0906 0.1145 b 0.1760 1.2535 1.1244 1.1161 0.2027 0.1579 0.2559 0.3870 0.0000 0.0000 0.0000 0.0000 0.0000 
main 7.0000 4.0000 25.0000 5.0000 0.0000 5.0000 4.0000 0.0000 0.0000 0.2500 1.0000 0.0000 0.0000 b 0.1600 1.2500 1.4027 1.3943 0.2500 0.2500 0.2500 0.2500 0.0000 0.0000 0.0000 0.0000 0.0000 
main 7.0000 4.0000 16.0000 9.0000 1.0000 9.0000 8.0000 0.0000 0.0000 0.2500 2.0000 0.0000 0.0000 b 0.1450 2.2500 1.4739 1.4655 0.2500 0.2500 0.2500 0.2500 0.2500 0.2500 0.2500 0.2500 0.0000 
main 7.0000 4.0000 38.0000 9.0000 1.0000 9.0000 8.0000 1.0000 0.0532 0.2499 1.9994 0.0349 0.0588 b 0.1600 2.2494 1.4502 1.4418 0.2282 0.1889 0.2375 0.2831 0.1940 0.3218 0.2229 0.3229 0.0000 
main 7.0000 4.0000 15.0000 8.0000 1.0000 8.0000 7.0000 2.0000 0.0968 0.2500 1.7498 0.0906 0.1145 b 0.3100 1.9998 1.3675 1.3591 0.2215 0.1540 0.3886 0.2165 0.3811 0.1593 0.2289 0.0000 0.0000 
main 7.0000 4.0000 28.0000 6.0000 0.0000 6.0000 5.0000 0.0000 0.0000 0.2500 1.2500 0.0000 0.0000 b 0.3440 1.5000 1.0052 0.9968 0.2500 0.2500 0.2500 0.2500 0.2500 0.0000 0.0000 0.0000 0.0000 
main 7.0000 4.0000 58.0000 9.0000 1.0000 9.0000 8.0000 0.0000 0.0000 0.2500 2.0000 0.0000 0.0000 b 0.1270 2.2500 1.0791 1.0708 0.2500 0.2500 0.2500 0.2500 0.2500 0.2500 0.2500 0.2500 0.0000 
main 7.0000 4.0000 50.0000 6.0000 0.0000 6.0000 5.0000 1.0000 0.0517 0.2492 1.2458 0.0349 0.0588 b 0.2850 1.4958 1.3120 1.3037 0.2839 0.2553 0.2276 0.3058 0.1732 0.0000 0.0000 0.0000 0.0000 
main 7.0000 4.0000 5.0000 5.0000 0.0000 5.0000 4.0000 1.0000 0.0572 0.2502 1.0008 0.0349 0.0588 b 0.1920 1.2508 1.2029 1.1946 0.1912 0.2183 0.2713 0.3199 0.0000 0.0000 0.0000 0.0000 0.0000 
main 7.0000 4.0000 18.0000 9.0000 1.0000 9.0000 8.0000 2.0000 0.1005 0.2501 2.0010 0.0906 0.1145 b 0.1540 2.2510 1.1203 1.1120 0.3507 0.1664 0.3809 0.2043 0.1572 0.2031 0.3761 0.1624 0.0000 
main 7.0000 4.0000 39.0000 9.0000 1.0000 9.0000 8.0000 2.0000 0.0920 0.2502 2.0015 0.0906 0.1145 b 0.1280 2.2515 1.2922 1.2838 0.2379 0.3738 0.1854 0.3954 0.1586 0.1974 0.2824 0.1707 0.0000 
main 7.0000 4.0000 23.0000 4.0000 0.0000 4.0000 3.0000 1.0000 0.0511 0.2500 0.7500 0.0349 0.0588 b 0.2710 1.0000 1.3826 1.3742 0.2673 0.1925 0.2903 0.0000 0.0000 0.0000 0.0000 0.0000 0.0000 
main 7.0000 4.0000 24.0000 4.0000 0.0000 4.0000 3.0000 2.0000 0.0992 0.2509 0.7527 0.0906 0.1145 b 0.2060 1.0027 1.2230 1.2147 0.2002 0.3652 0.1872 0.0000 0.0000 0.0000 0.0000 0.0000 0.0000 
main 7.0000 4.0000 19.0000 10.0000 2.0000 10.0000 9.0000 0.0000 0.0000 0.2500 2.2500 0.0000 0.0000 b 0.1510 2.5000 1.1318 1.1235 0.2500 0.2500 0.2500 0.2500 0.2500 0.2500 0.2500 0.2500 0.2500 
main 7.0000 4.0000 61.0000 10.0000 2.0000 10.0000 9.0000 0.0000 0.0000 0.2500 2.2500 0.0000 0.0000 b 0.1290 2.5000 1.1785 1.1702 0.2500 0.2500 0.2500 0.2500 0.2500 0.2500 0.2500 0.2500 0.2500 
main 7.0000 4.0000 26.0000 5.0000 0.0000 5.0000 4.0000 1.0000 0.0539 0.2508 1.0031 0.0349 0.0588 b 0.2160 1.2531 1.1343 1.1260 0.2300 0.1889 0.3148 0.2694 0.0000 0.0000 0.0000 0.0000 0.0000 
main 7.0000 4.0000 51.0000 6.0000 0.0000 6.0000 5.0000 2.0000 0.0988 0.2503 1.2516 0.0906 0.1145 b 1.0450 1.5016 1.0748 1.0665 0.2565 0.2997 0.1540 0.3857 0.1557 0.0000 0.0000 0.0000 0.0000 
main 7.0000 4.0000 52.0000 7.0000 1.0000 7.0000 6.0000 0.0000 0.0000 0.2500 1.5000 0.0000 0.0000 b 0.2900 1.7500 1.1364 1.1281 0.2500 0.2500 0.2500 0.2500 0.2500 0.2500 0.0000 0.0000 0.0000 
main 7.0000 4.0000 37.0000 9.0000 1.0000 9.0000 8.0000 0.0000 0.0000 0.2500 2.0000 0.0000 0.0000 b 0.1330 2.2500 1.0927 1.0843 0.2500 0.2500 0.2500 0.2500 0.2500 0.2500 0.2500 0.2500 0.0000 
main 7.0000 4.0000 1.0000 4.0000 0.0000 4.0000 3.0000 0.0000 0.0000 0.2500 0.7500 0.0000 0.0000 b 0.2080 1.0000 1.2572 1.2488 0.2500 0.2500 0.2500 0.0000 0.0000 0.0000 0.0000 0.0000 0.0000 
main 7.0000 4.0000 54.0000 7.0000 1.0000 7.0000 6.0000 2.0000 0.1086 0.2508 1.5049 0.0906 0.1145 b 0.1580 1.7549 1.1101 1.1018 0.1817 0.2100 0.1566 0.3792 0.1785 0.3989 0.0000 0.0000 0.0000 
main 7.0000 4.0000 42.0000 10.0000 2.0000 10.0000 9.0000 2.0000 0.0937 0.2498 2.2481 0.0906 0.1145 b 0.1710 2.4981 1.0047 0.9963 0.1666 0.3550 0.2479 0.1619 0.1888 0.1535 0.2276 0.3580 0.3889 
main 7.0000 4.0000 41.0000 10.0000 2.0000 10.0000 9.0000 1.0000 0.0499 0.2503 2.2531 0.0349 0.0588 b 0.1830 2.5031 1.2669 1.2586 0.2248 0.2687 0.3460 0.2140 0.1797 0.2751 0.2082 0.2827 0.2538 
main 7.0000 4.0000 63.0000 10.0000 2.0000 10.0000 9.0000 2.0000 0.0934 0.2505 2.2548 0.0906 0.1145 b 0.1830 2.5048 1.4943 1.4860 0.2233 0.1609 0.3737 0.3400 0.1972 0.1573 0.3928 0.1746 0.2350 
main 7.0000 4.0000 6.0000 5.0000 0.0000 5.0000 4.0000 2.0000 0.1133 0.2508 1.0030 0.0906 0.1145 b 0.2710 1.2530 1.2159 1.2075 0.3873 0.1510 0.3004 0.1643 0.0000 0.0000 0.0000 0.0000 0.0000 
main 7.0000 4.0000 44.0000 4.0000 0.0000 4.0000 3.0000 1.0000 0.0360 0.2496 0.7488 0.0349 0.0588 b 0.3100 0.9988 1.0267 1.0184 0.2870 0.2152 0.2466 0.0000 0.0000 0.0000 0.0000 0.0000 0.0000 
main 7.0000 4.0000 27.0000 5.0000 0.0000 5.0000 4.0000 2.0000 0.0953 0.2491 0.9963 0.0906 0.1145 b 0.2190 1.2463 1.0105 1.0022 0.3834 0.1679 0.2470 0.1980 0.0000 0.0000 0.0000 0.0000 0.0000 
main 7.0000 4.0000 20.0000 10.0000 2.0000 10.0000 9.0000 1.0000 0.0464 0.2504 2.2533 0.0349 0.0588 b 0.1810 2.5033 1.4377 1.4293 0.3214 0.2500 0.2022 0.2920 0.1905 0.2540 0.1971 0.2913 0.2550 
main 7.0000 4.0000 14.0000 8.0000 1.0000 8.0000 7.0000 1.0000 0.0542 0.2495 1.7466 0.0349 0.0588 b 0.1800 1.9966 1.2876 1.2793 0.2669 0.2271 0.1613 0.3166 0.2402 0.3110 0.2234 0.0000 0.0000 
main 7.0000 4.0000 2.0000 4.0000 0.0000 4.0000 3.0000 1.0000 0.0433 0.2507 0.7521 0.0349 0.0588 b 0.2210 1.0021 1.3127 1.3044 0.2557 0.2913 0.2051 0.0000 0.0000 0.0000 0.0000 0.0000 0.0000 
main 7.0000 4.0000 43.0000 4.0000 0.0000 4.0000 3.0000 0.0000 0.0000 0.2500 0.7500 0.0000 0.0000 b 0.1890 1.0000 1.4822 1.4739 0.2500 0.2500 0.2500 0.0000 0.0000 0.0000 0.0000 0.0000 0.0000 
main 7.0000 4.0000 30.0000 6.0000 0.0000 6.0000 5.0000 2.0000 0.0968 0.2509 1.2544 0.0906 0.1145 b 0.1950 1.5044 1.2127 1.2044 0.1671 0.3388 0.2018 0.1751 0.3716 0.0000 0.0000 0.0000 0.0000 
main 7.0000 4.0000 40.0000 10.0000 2.0000 10.0000 9.0000 0.0000 0.0000 0.2500 2.2500 0.0000 0.0000 b 0.2000 2.5000 1.4618 1.4535 0.2500 0.2500 0.2500 0.2500 0.2500 0.2500 0.2500 0.2500 0.2500 
main 7.0000 4.0000 12.0000 7.0000 1.0000 7.0000 6.0000 2.0000 0.0992 0.2503 1.5018 0.0906 0.1145 b 0.2020 1.7518 1.0750 1.0667 0.2039 0.1627 0.3964 0.1585 0.3470 0.2333 0.0000 0.0000 0.0000 
main 7.0000 4.0000 33.0000 7.0000 1.0000 7.0000 6.0000 2.0000 0.0933 0.2497 1.4982 0.0906 0.1145 b 0.1740 1.7482 1.4495 1.4411 0.2042 0.3276 0.2282 0.1914 0.3966 0.1502 0.0000 0.0000 0.0000 
main 7.0000 4.0000 4.0000 5.0000 0.0000 5.0000 4.0000 0.0000 0.0000 0.2500 1.0000 0.0000 0.0000 b 0.1810 1.2500 1.4612 1.4529 0.2500 0.2500 0.2500 0.2500 0.0000 0.0000 0.0000 0.0000 0.0000 
main 7.0000 4.0000 11.0000 7.0000 1.0000 7.0000 6.0000 1.0000 0.0547 0.2506 1.5036 0.0349 0.0588 b 0.1540 1.7536 1.0002 0.9919 0.2669 0.3264 0.2606 0.2221 0.1623 0.2654 0.0000 0.0000 0.0000 
main 7.0000 4.0000 17.0000 9.0000 1.0000 9.0000 8.0000 1.0000 0.0523 0.2500 2.0002 0.0349 0.0588 b 0.1820 2.2502 1.2868 1.2784 0.2389 0.1723 0.3297 0.3044 0.2486 0.2759 0.2326 0.1978 0.0000 
main 7.0000 4.0000 46.0000 5.0000 0.0000 5.0000 4.0000 0.0000 0.0000 0.2500 1.0000 0.0000 0.0000 b 0.2140 1.2500 1.4422 1.4339 0.2500 0.2500 0.2500 0.2500 0.0000 0.0000 0.0000 0.0000 0.0000 
main 7.0000 5.0000 29.0000 6.0000 0.0000 6.0000 5.0000 1.0000 0.0438 0.2497 1.2486 0.0349 0.0588 b 0.1900 1.4986 1.0470 1.0387 0.3159 0.2648 0.2090 0.2465 0.2125 0.0000 0.0000 0.0000 0.0000 
main 7.0000 5.0000 40.0000 10.0000 2.0000 10.0000 9.0000 0.0000 0.0000 0.2500 2.2500 0.0000 0.0000 b 0.1170 2.5000 1.1348 1.1264 0.2500 0.2500 0.2500 0.2500 0.2500 0.2500 0.2500 0.2500 0.2500 
main 7.0000 5.0000 45.0000 4.0000 0.0000 4.0000 3.0000 2.0000 0.1142 0.2486 0.7457 0.0906 0.1145 b 0.1750 0.9957 1.1297 1.1214 0.3768 0.1577 0.2112 0.0000 0.0000 0.0000 0.0000 0.0000 0.0000 
main 7.0000 5.0000 20.0000 10.0000 2.0000 10.0000 9.0000 1.0000 0.0550 0.2498 2.2485 0.0349 0.0588 b 0.1770 2.4985 1.4301 1.4218 0.3078 0.2611 0.2331 0.3513 0.2103 0.2472 0.2130 0.2593 0.1656 
main 7.0000 5.0000 50.0000 6.0000 0.0000 6.0000 5.0000 1.0000 0.0481 0.2508 1.2542 0.0349 0.0588 b 0.1380 1.5042 1.1686 1.1602 0.2457 0.3049 0.1875 0.2248 0.2913 0.0000 0.0000 0.0000 0.0000 
main 7.0000 5.0000 56.0000 8.0000 1.0000 8.0000 7.0000 1.0000 0.0441 0.2499 1.7493 0.0349 0.0588 b 0.1550 1.9993 1.4609 1.4526 0.2993 0.1922 0.2415 0.2145 0.3122 0.2269 0.2626 0.0000 0.0000 
main 7.0000 5.0000 41.0000 10.0000 2.0000 10.0000 9.0000 1.0000 0.0584 0.2505 2.2549 0.0349 0.0588 b 0.1740 2.5049 1.3059 1.2975 0.3327 0.2527 0.1907 0.1649 0.2223 0.2790 0.3106 0.2043 0.2977 
main 7.0000 5.0000 58.0000 9.0000 1.0000 9.0000 8.0000 0.0000 0.0000 0.2500 2.0000 0.0000 0.0000 b 0.1540 2.2500 1.1202 1.1118 0.2500 0.2500 0.2500 0.2500 0.2500 0.2500 0.2500 0.2500 0.0000 
main 7.0000 5.0000 61.0000 10.0000 2.0000 10.0000 9.0000 0.0000 0.0000 0.2500 2.2500 0.0000 0.0000 b 0.1750 2.5000 1.0510 1.0427 0.2500 0.2500 0.2500 0.2500 0.2500 0.2500 0.2500 0.2500 0.2500 
main 7.0000 5.0000 48.0000 5.0000 0.0000 5.0000 4.0000 2.0000 0.1089 0.2491 0.9962 0.0906 0.1145 b 0.1840 1.2462 1.2407 1.2324 0.1597 0.3151 0.3678 0.1537 0.0000 0.0000 0.0000 0.0000 0.0000 
main 7.0000 5.0000 49.0000 6.0000 0.0000 6.0000 5.0000 0.0000 0.0000 0.2500 1.2500 0.0000 0.0000 b 0.1510 1.5000 1.0127 1.0044 0.2500 0.2500 0.2500 0.2500 0.2500 0.0000 0.0000 0.0000 0.0000 
main 7.0000 5.0000 23.0000 4.0000 0.0000 4.0000 3.0000 1.0000 0.0468 0.2504 0.7511 0.0349 0.0588 b 0.1890 1.0011 1.4108 1.4025 0.2361 0.3026 0.2123 0.0000 0.0000 0.0000 0.0000 0.0000 0.0000 
main 7.0000 5.0000 15.0000 8.0000 1.0000 8.0000 7.0000 2.0000 0.0974 0.2505 1.7535 0.0906 0.1145 b 0.1650 2.0035 1.4873 1.4790 0.1624 0.3684 0.3980 0.2404 0.1539 0.1872 0.2433 0.0000 0.0000 
main 7.0000 5.0000 53.0000 7.0000 1.0000 7.0000 6.0000 1.0000 0.0578 0.2501 1.5008 0.0349 0.0588 b 0.1670 1.7508 1.2915 1.2832 0.2139 0.3047 0.1892 0.2888 0.1922 0.3120 0.0000 0.0000 0.0000 
main 7.0000 5.0000 8.0000 6.0000 0.0000 6.0000 5.0000 1.0000 0.0384 0.2497 1.2483 0.0349 0.0588 b 0.1570 1.4983 1.4852 1.4769 0.2835 0.2231 0.2964 0.2085 0.2368 0.0000 0.0000 0.0000 0.0000 
main 7.0000 5.0000 10.0000 7.0000 1.0000 7.0000 6.0000 0.0000 0.0000 0.2500 1.5000 0.0000 0.0000 b 0.1550 1.7500 1.0628 1.0545 0.2500 0.2500 0.2500 0.2500 0.2500 0.2500 0.0000 0.0000 0.0000 
main 7.0000 5.0000 35.0000 8.0000 1.0000 8.0000 7.0000 1.0000 0.0569 0.2501 1.7504 0.0349 0.0588 b 0.1300 2.0004 1.2896 1.2812 0.2696 0.1967 0.3507 0.2733 0.1940 0.2631 0.2029 0.0000 0.0000 
main 7.0000 5.0000 57.0000 8.0000 1.0000 8.0000 7.0000 2.0000 0.0964 0.2500 1.7500 0.0906 0.1145 b 0.1200 2.0000 1.1150 1.1067 0.1838 0.2294 0.3798 0.1793 0.3950 0.2156 0.1672 0.0000 0.0000 
main 7.0000 5.0000 24.0000 4.0000 0.0000 4.0000 3.0000 2.0000 0.0943 0.2516 0.7549 0.0906 0.1145 b 0.2040 1.0049 1.4475 1.4392 0.3542 0.2320 0.1687 0.0000 0.0000 0.0000 0.0000 0.0000 0.0000 
main 7.0000 5.0000 31.0000 7.0000 1.0000 7.0000 6.0000 0.0000 0.0000 0.2500 1.5000 0.0000 0.0000 b 0.1370 1.7500 1.4989 1.4906 0.2500 0.2500 0.2500 0.2500 0.2500 0.2500 0.0000 0.0000 0.0000 
main 7.0000 5.0000 51.0000 6.0000 0.0000 6.0000 5.0000 2.0000 0.0933 0.2508 1.2542 0.0906 0.1145 b 0.1690 1.5042 1.0081 0.9997 0.2713 0.1889 0.2486 0.1511 0.3943 0.0000 0.0000 0.0000 0.0000 
main 7.0000 5.0000 39.0000 9.0000 1.0000 9.0000 8.0000 2.0000 0.0917 0.2505 2.0042 0.0906 0.1145 b 0.1450 2.2542 1.1905 1.1821 0.1561 0.3951 0.3282 0.2284 0.1602 0.3318 0.2417 0.1627 0.0000 
main 7.0000 5.0000 34.0000 8.0000 1.0000 8.0000 7.0000 0.0000 0.0000 0.2500 1.7500 0.0000 0.0000 b 0.1640 2.0000 1.2541 1.2458 0.2500 0.2500 0.2500 0.2500 0.2500 0.2500 0.2500 0.0000 0.0000 
main 7.0000 5.0000 47.0000 5.0000 0.0000 5.0000 4.0000 1.0000 0.0573 0.2512 1.0050 0.0349 0.0588 b 0.1960 1.2550 1.0943 1.0859 0.2870 0.1813 0.2290 0.3077 0.0000 0.0000 0.0000 0.0000 0.0000 
main 7.0000 5.0000 62.0000 10.0000 2.0000 10.0000 9.0000 1.0000 0.0385 0.2496 2.2466 0.0349 0.0588 b 0.1200 2.4966 1.1962 1.1878 0.2641 0.2349 0.2804 0.1743 0.2373 0.2942 0.2196 0.2499 0.2919 
main 7.0000 5.0000 12.0000 7.0000 1.0000 7.0000 6.0000 2.0000 0.0959 0.2505 1.5027 0.0906 0.1145 b 0.1720 1.7527 1.0704 1.0621 0.1799 0.1533 0.3724 0.1645 0.3344 0.2982 0.0000 0.0000 0.0000 
main 7.0000 5.0000 1.0000 4.0000 0.0000 4.0000 3.0000 0.0000 0.0000 0.2500 0.7500 0.0000 0.0000 b 0.2450 1.0000 1.3057 1.2974 0.2500 0.2500 0.2500 0.0000 0.0000 0.0000 0.0000 0.0000 0.0000 
main 7.0000 5.0000 11.0000 7.0000 1.0000 7.0000 6.0000 1.0000 0.0434 0.2508 1.5048 0.0349 0.0588 b 0.1670 1.7548 1.3904 1.3821 0.3124 0.1916 0.2597 0.2250 0.2832 0.2329 0.0000 0.0000 0.0000 
main 7.0000 5.0000 52.0000 7.0000 1.0000 7.0000 6.0000 0.0000 0.0000 0.2500 1.5000 0.0000 0.0000 b 0.2090 1.7500 1.3470 1.3386 0.2500 0.2500 0.2500 0.2500 0.2500 0.2500 0.0000 0.0000 0.0000 
main 7.0000 5.0000 63.0000 10.0000 2.0000 10.0000 9.0000 2.0000 0.0924 0.2495 2.2452 0.0906 0.1145 b 0.1800 2.4952 1.0044 0.9960 0.1589 0.3429 0.2506 0.1909 0.1504 0.1782 0.3716 0.2209 0.3809 
main 7.0000 5.0000 46.0000 5.0000 0.0000 5.0000 4.0000 0.0000 0.0000 0.2500 1.0000 0.0000 0.0000 b 0.1750 1.2500 1.4362 1.4279 0.2500 0.2500 0.2500 0.2500 0.0000 0.0000 0.0000 0.0000 0.0000 
main 7.0000 5.0000 37.0000 9.0000 1.0000 9.0000 8.0000 0.0000 0.0000 0.2500 2.0000 0.0000 0.0000 b 0.1340 2.2500 1.2116 1.2033 0.2500 0.2500 0.2500 0.2500 0.2500 0.2500 0.2500 0.2500 0.0000 
main 7.0000 5.0000 16.0000 9.0000 1.0000 9.0000 8.0000 0.0000 0.0000 0.2500 2.0000 0.0000 0.0000 b 0.1400 2.2500 1.0996 1.0912 0.2500 0.2500 0.2500 0.2500 0.2500 0.2500 0.2500 0.2500 0.0000 
main 7.0000 5.0000 26.0000 5.0000 0.0000 5.0000 4.0000 1.0000 0.0360 0.2494 0.9976 0.0349 0.0588 b 0.1510 1.2476 1.3632 1.3549 0.2525 0.2002 0.2865 0.2584 0.0000 0.0000 0.0000 0.0000 0.0000 
main 7.0000 5.0000 28.0000 6.0000 0.0000 6.0000 5.0000 0.0000 0.0000 0.2500 1.2500 0.0000 0.0000 b 0.1250 1.5000 1.4292 1.4208 0.2500 0.2500 0.2500 0.2500 0.2500 0.0000 0.0000 0.0000 0.0000 
main 7.0000 5.0000 60.0000 9.0000 1.0000 9.0000 8.0000 2.0000 0.0919 0.2499 1.9995 0.0906 0.1145 b 0.1450 2.2495 1.3311 1.3228 0.1592 0.3636 0.1564 0.2253 0.1908 0.3859 0.3158 0.2024 0.0000 
main 7.0000 5.0000 36.0000 8.0000 1.0000 8.0000 7.0000 2.0000 0.0946 0.2499 1.7493 0.0906 0.1145 b 0.1380 1.9993 1.2439 1.2356 0.3908 0.1561 0.1933 0.3577 0.2272 0.2703 0.1538 0.0000 0.0000 
main 7.0000 5.0000 59.0000 9.0000 1.0000 9.0000 8.0000 1.0000 0.0502 0.2506 2.0049 0.0349 0.0588 b 0.1310 2.2549 1.1819 1.1736 0.2015 0.2713 0.3256 0.2766 0.2108 0.2636 0.1744 0.2810 0.0000 
main 7.0000 5.0000 42.0000 10.0000 2.0000 10.0000 9.0000 2.0000 0.0931 0.2502 2.2516 0.0906 0.1145 b 0.1430 2.5016 1.0735 1.0651 0.1616 0.3680 0.2217 0.3824 0.3414 0.1574 0.1920 0.2695 0.1576 
main 7.0000 5.0000 7.0000 6.0000 0.0000 6.0000 5.0000 0.0000 0.0000 0.2500 1.2500 0.0000 0.0000 b 0.1680 1.5000 1.2595 1.2511 0.2500 0.2500 0.2500 0.2500 0.2500 0.0000 0.0000 0.0000 0.0000 
main 7.0000 5.0000 30.0000 6.0000 0.0000 6.0000 5.0000 2.0000 0.0911 0.2497 1.2485 0.0906 0.1145 b 0.1790 1.4985 1.3124 1.3041 0.1851 0.3062 0.2052 0.1700 0.3819 0.0000 0.0000 0.0000 0.0000 
main 7.0000 5.0000 4.0000 5.0000 0.0000 5.0000 4.0000 0.0000 0.0000 0.2500 1.0000 0.0000 0.0000 b 0.1620 1.2500 1.0761 1.0678 0.2500 0.2500 0.2500 0.2500 0.0000 0.0000 0.0000 0.0000 0.0000 
main 7.0000 5.0000 54.0000 7.0000 1.0000 7.0000 6.0000 2.0000 0.0980 0.2504 1.5023 0.0906 0.1145 b 0.1440 1.7523 1.2126 1.2043 0.2400 0.1816 0.3547 0.1750 0.3880 0.1630 0.0000 0.0000 0.0000 
main 7.0000 5.0000 22.0000 4.0000 0.0000 4.0000 3.0000 0.0000 0.0000 0.2500 0.7500 0.0000 0.0000 b 0.2030 1.0000 1.0865 1.0781 0.2500 0.2500 0.2500 0.0000 0.0000 0.0000 0.0000 0.0000 0.0000 
main 7.0000 5.0000 18.0000 9.0000 1.0000 9.0000 8.0000 2.0000 0.0916 0.2503 2.0022 0.0906 0.1145 b 0.1530 2.2522 1.0357 1.0274 0.2197 0.1719 0.3706 0.1573 0.2126 0.1808 0.2975 0.3920 0.0000 
main 7.0000 5.0000 13.0000 8.0000 1.0000 8.0000 7.0000 0.0000 0.0000 0.2500 1.7500 0.0000 0.0000 b 0.1410 2.0000 1.0866 1.0783 0.2500 0.2500 0.2500 0.2500 0.2500 0.2500 0.2500 0.0000 0.0000 
main 7.0000 5.0000 33.0000 7.0000 1.0000 7.0000 6.0000 2.0000 0.0928 0.2499 1.4996 0.0906 0.1145 b 0.1600 1.7496 1.3337 1.3254 0.1681 0.3083 0.2792 0.1866 0.3936 0.1638 0.0000 0.0000 0.0000 
main 7.0000 5.0000 43.0000 4.0000 0.0000 4.0000 3.0000 0.0000 0.0000 0.2500 0.7500 0.0000 0.0000 b 0.1630 1.0000 1.1945 1.1862 0.2500 0.2500 0.2500 0.0000 0.0000 0.0000 0.0000 0.0000 0.0000 
main 7.0000 5.0000 27.0000 5.0000 0.0000 5.0000 4.0000 2.0000 0.0917 0.2512 1.0048 0.0906 0.1145 b 0.1400 1.2548 1.4002 1.3919 0.3016 0.1916 0.1581 0.3535 0.0000 0.0000 0.0000 0.0000 0.0000 
main 7.0000 5.0000 9.0000 6.0000 0.0000 6.0000 5.0000 2.0000 0.0962 0.2496 1.2482 0.0906 0.1145 b 0.1510 1.4982 1.1534 1.1451 0.3657 0.1632 0.2388 0.3290 0.1515 0.0000 0.0000 0.0000 0.0000 
main 7.0000 5.0000 6.0000 5.0000 0.0000 5.0000 4.0000 2.0000 0.1019 0.2502 1.0009 0.0906 0.1145 b 0.1850 1.2509 1.3673 1.3589 0.1542 0.2107 0.3928 0.2432 0.0000 0.0000 0.0000 0.0000 0.0000 
main 7.0000 5.0000 21.0000 10.0000 2.0000 10.0000 9.0000 2.0000 0.0917 0.2500 2.2501 0.0906 0.1145 b 0.1940 2.5001 1.1514 1.1430 0.2048 0.3657 0.2198 0.3978 0.1592 0.3402 0.1696 0.2124 0.1806 
main 7.0000 5.0000 14.0000 8.0000 1.0000 8.0000 7.0000 1.0000 0.0547 0.2497 1.7480 0.0349 0.0588 b 0.1730 1.9980 1.1138 1.1054 0.2945 0.3423 0.1948 0.2676 0.2031 0.2374 0.2084 0.0000 0.0000 
main 7.0000 5.0000 32.0000 7.0000 1.0000 7.0000 6.0000 1.0000 0.0545 0.2507 1.5041 0.0349 0.0588 b 0.1760 1.7541 1.4304 1.4221 0.2887 0.2044 0.1712 0.3071 0.2413 0.2914 0.0000 0.0000 0.0000 
main 7.0000 5.0000 19.0000 10.0000 2.0000 10.0000 9.0000 0.0000 0.0000 0.2500 2.2500 0.0000 0.0000 b 0.1850 2.5000 1.2113 1.2030 0.2500 0.2500 0.2500 0.2500 0.2500 0.2500 0.2500 0.2500 0.2500 
main 7.0000 5.0000 2.0000 4.0000 0.0000 4.0000 3.0000 1.0000 0.0507 0.2484 0.7453 0.0349 0.0588 b 0.2040 0.9953 1.3766 1.3682 0.3041 0.2362 0.2050 0.0000 0.0000 0.0000 0.0000 0.0000 0.0000 
main 7.0000 5.0000 3.0000 4.0000 0.0000 4.0000 3.0000 2.0000 0.1041 0.2507 0.7522 0.0906 0.1145 b 0.1520 1.0022 1.1748 1.1665 0.2115 0.3687 0.1720 0.0000 0.0000 0.0000 0.0000 0.0000 0.0000 
main 7.0000 5.0000 25.0000 5.0000 0.0000 5.0000 4.0000 0.0000 0.0000 0.2500 1.0000 0.0000 0.0000 b 0.1530 1.2500 1.0868 1.0785 0.2500 0.2500 0.2500 0.2500 0.0000 0.0000 0.0000 0.0000 0.0000 
main 7.0000 5.0000 5.0000 5.0000 0.0000 5.0000 4.0000 1.0000 0.0388 0.2512 1.0050 0.0349 0.0588 b 0.1520 1.2550 1.3040 1.2957 0.2983 0.2504 0.2033 0.2530 0.0000 0.0000 0.0000 0.0000 0.0000 
main 7.0000 5.0000 38.0000 9.0000 1.0000 9.0000 8.0000 1.0000 0.0557 0.2505 2.0036 0.0349 0.0588 NA E 2.2536 1.3348 1.3265 0.3279 0.1860 0.2595 0.1905 0.2210 0.3201 0.2824 0.2162 0.0000 
main 7.0000 5.0000 55.0000 8.0000 1.0000 8.0000 7.0000 0.0000 0.0000 0.2500 1.7500 0.0000 0.0000 b 0.1570 2.0000 1.0437 1.0354 0.2500 0.2500 0.2500 0.2500 0.2500 0.2500 0.2500 0.0000 0.0000 
main 7.0000 5.0000 17.0000 9.0000 1.0000 9.0000 8.0000 1.0000 0.0511 0.2494 1.9955 0.0349 0.0588 b 0.1660 2.2455 1.4590 1.4507 0.2272 0.3117 0.2683 0.2244 0.3078 0.1962 0.2843 0.1756 0.0000 
main 7.0000 5.0000 44.0000 4.0000 0.0000 4.0000 3.0000 1.0000 0.0565 0.2501 0.7502 0.0349 0.0588 b 0.2260 1.0002 1.0912 1.0829 0.3119 0.2373 0.2010 0.0000 0.0000 0.0000 0.0000 0.0000 0.0000 
main 7.0000 6.0000 7.0000 6.0000 0.0000 6.0000 5.0000 0.0000 0.0000 0.2500 1.2500 0.0000 0.0000 b 0.1520 1.5000 1.3722 1.3638 0.2500 0.2500 0.2500 0.2500 0.2500 0.0000 0.0000 0.0000 0.0000 
main 7.0000 6.0000 9.0000 6.0000 0.0000 6.0000 5.0000 2.0000 0.1051 0.2506 1.2532 0.0906 0.1145 b 0.1500 1.5032 1.1664 1.1580 0.3914 0.2026 0.1631 0.3327 0.1634 0.0000 0.0000 0.0000 0.0000 
main 7.0000 6.0000 27.0000 5.0000 0.0000 5.0000 4.0000 2.0000 0.0930 0.2510 1.0040 0.0906 0.1145 b 0.1690 1.2540 1.3918 1.3835 0.1551 0.1949 0.3591 0.2949 0.0000 0.0000 0.0000 0.0000 0.0000 
main 7.0000 6.0000 21.0000 10.0000 2.0000 10.0000 9.0000 2.0000 0.0998 0.2501 2.2507 0.0906 0.1145 b 0.1550 2.5007 1.0621 1.0538 0.1893 0.3859 0.2008 0.1721 0.3615 0.1775 0.2171 0.1526 0.3940 
main 7.0000 6.0000 61.0000 10.0000 2.0000 10.0000 9.0000 0.0000 0.0000 0.2500 2.2500 0.0000 0.0000 b 0.1620 2.5000 1.2466 1.2383 0.2500 0.2500 0.2500 0.2500 0.2500 0.2500 0.2500 0.2500 0.2500 
main 7.0000 6.0000 13.0000 8.0000 1.0000 8.0000 7.0000 0.0000 0.0000 0.2500 1.7500 0.0000 0.0000 b 0.1540 2.0000 1.4679 1.4596 0.2500 0.2500 0.2500 0.2500 0.2500 0.2500 0.2500 0.0000 0.0000 
main 7.0000 6.0000 57.0000 8.0000 1.0000 8.0000 7.0000 2.0000 0.0910 0.2503 1.7523 0.0906 0.1145 b 0.1900 2.0023 1.3752 1.3669 0.2182 0.3704 0.1518 0.3732 0.2154 0.1608 0.2625 0.0000 0.0000 
main 7.0000 6.0000 48.0000 5.0000 0.0000 5.0000 4.0000 2.0000 0.0957 0.2500 1.0001 0.0906 0.1145 b 0.2150 1.2501 1.0393 1.0309 0.3859 0.2237 0.1612 0.2292 0.0000 0.0000 0.0000 0.0000 0.0000 
main 7.0000 6.0000 8.0000 6.0000 0.0000 6.0000 5.0000 1.0000 0.0564 0.2502 1.2511 0.0349 0.0588 b 0.1810 1.5011 1.1617 1.1534 0.2750 0.1965 0.2842 0.1841 0.3113 0.0000 0.0000 0.0000 0.0000 
main 7.0000 6.0000 47.0000 5.0000 0.0000 5.0000 4.0000 1.0000 0.0476 0.2490 0.9961 0.0349 0.0588 b 0.1710 1.2461 1.1358 1.1275 0.2730 0.1908 0.2326 0.2997 0.0000 0.0000 0.0000 0.0000 0.0000 
main 7.0000 6.0000 11.0000 7.0000 1.0000 7.0000 6.0000 1.0000 0.0466 0.2508 1.5048 0.0349 0.0588 b 0.1330 1.7548 1.4713 1.4630 0.3156 0.2325 0.1762 0.2526 0.2781 0.2496 0.0000 0.0000 0.0000 
main 7.0000 6.0000 32.0000 7.0000 1.0000 7.0000 6.0000 1.0000 0.0528 0.2505 1.5027 0.0349 0.0588 b 0.1490 1.7527 1.2090 1.2007 0.2350 0.3313 0.2910 0.2331 0.1805 0.2319 0.0000 0.0000 0.0000 
main 7.0000 6.0000 43.0000 4.0000 0.0000 4.0000 3.0000 0.0000 0.0000 0.2500 0.7500 0.0000 0.0000 b 0.2050 1.0000 1.1186 1.1103 0.2500 0.2500 0.2500 0.0000 0.0000 0.0000 0.0000 0.0000 0.0000 
main 7.0000 6.0000 41.0000 10.0000 2.0000 10.0000 9.0000 1.0000 0.0549 0.2504 2.2533 0.0349 0.0588 b 0.1780 2.5033 1.1975 1.1892 0.2335 0.1635 0.2788 0.1856 0.3140 0.2858 0.3222 0.2214 0.2484 
main 7.0000 6.0000 17.0000 9.0000 1.0000 9.0000 8.0000 1.0000 0.0576 0.2500 2.0002 0.0349 0.0588 b 0.1720 2.2502 1.4293 1.4209 0.3013 0.1546 0.2083 0.2407 0.2891 0.3329 0.2582 0.2150 0.0000 
main 7.0000 6.0000 50.0000 6.0000 0.0000 6.0000 5.0000 1.0000 0.0547 0.2507 1.2536 0.0349 0.0588 b 0.1550 1.5036 1.4207 1.4124 0.1780 0.3086 0.2127 0.2925 0.2618 0.0000 0.0000 0.0000 0.0000 
main 7.0000 6.0000 45.0000 4.0000 0.0000 4.0000 3.0000 2.0000 0.1044 0.2496 0.7489 0.0906 0.1145 b 0.1400 0.9989 1.3948 1.3865 0.1623 0.2213 0.3653 0.0000 0.0000 0.0000 0.0000 0.0000 0.0000 
main 7.0000 6.0000 23.0000 4.0000 0.0000 4.0000 3.0000 1.0000 0.0467 0.2513 0.7539 0.0349 0.0588 b 0.1590 1.0039 1.0700 1.0616 0.2084 0.2445 0.3011 0.0000 0.0000 0.0000 0.0000 0.0000 0.0000 
main 7.0000 6.0000 40.0000 10.0000 2.0000 10.0000 9.0000 0.0000 0.0000 0.2500 2.2500 0.0000 0.0000 b 0.1580 2.5000 1.2591 1.2507 0.2500 0.2500 0.2500 0.2500 0.2500 0.2500 0.2500 0.2500 0.2500 
main 7.0000 6.0000 39.0000 9.0000 1.0000 9.0000 8.0000 2.0000 0.0912 0.2500 2.0001 0.0906 0.1145 b 0.1630 2.2501 1.2784 1.2701 0.1788 0.3505 0.1743 0.2430 0.1701 0.3123 0.3962 0.1749 0.0000 
main 7.0000 6.0000 34.0000 8.0000 1.0000 8.0000 7.0000 0.0000 0.0000 0.2500 1.7500 0.0000 0.0000 b 0.1570 2.0000 1.2221 1.2138 0.2500 0.2500 0.2500 0.2500 0.2500 0.2500 0.2500 0.0000 0.0000 
main 7.0000 6.0000 59.0000 9.0000 1.0000 9.0000 8.0000 1.0000 0.0525 0.2505 2.0041 0.0349 0.0588 b 0.1500 2.2541 1.2410 1.2326 0.2140 0.2646 0.2245 0.2600 0.3407 0.1789 0.3029 0.2185 0.0000 
main 7.0000 6.0000 58.0000 9.0000 1.0000 9.0000 8.0000 0.0000 0.0000 0.2500 2.0000 0.0000 0.0000 b 0.2150 2.2500 1.3709 1.3626 0.2500 0.2500 0.2500 0.2500 0.2500 0.2500 0.2500 0.2500 0.0000 
main 7.0000 6.0000 14.0000 8.0000 1.0000 8.0000 7.0000 1.0000 0.0585 0.2502 1.7516 0.0349 0.0588 b 0.1670 2.0016 1.2427 1.2343 0.2108 0.3269 0.2507 0.3243 0.1718 0.2548 0.2123 0.0000 0.0000 
main 7.0000 6.0000 24.0000 4.0000 0.0000 4.0000 3.0000 2.0000 0.1093 0.2497 0.7492 0.0906 0.1145 b 0.2420 0.9992 1.4540 1.4456 0.1577 0.2209 0.3706 0.0000 0.0000 0.0000 0.0000 0.0000 0.0000 
main 7.0000 6.0000 20.0000 10.0000 2.0000 10.0000 9.0000 1.0000 0.0584 0.2503 2.2527 0.0349 0.0588 b 0.1740 2.5027 1.2369 1.2285 0.2150 0.3422 0.1685 0.2346 0.3328 0.2420 0.2025 0.2309 0.2841 
main 7.0000 6.0000 38.0000 9.0000 1.0000 9.0000 8.0000 1.0000 0.0460 0.2504 2.0036 0.0349 0.0588 b 0.1790 2.2536 1.4951 1.4868 0.2263 0.3173 0.2310 0.1842 0.2884 0.2422 0.2981 0.2159 0.0000 
main 7.0000 6.0000 26.0000 5.0000 0.0000 5.0000 4.0000 1.0000 0.0585 0.2504 1.0014 0.0349 0.0588 b 0.2200 1.2514 1.4130 1.4046 0.2621 0.3176 0.1756 0.2461 0.0000 0.0000 0.0000 0.0000 0.0000 
main 7.0000 6.0000 30.0000 6.0000 0.0000 6.0000 5.0000 2.0000 0.0945 0.2510 1.2549 0.0906 0.1145 b 0.1930 1.5049 1.4560 1.4477 0.3564 0.2381 0.1603 0.3401 0.1599 0.0000 0.0000 0.0000 0.0000 
main 7.0000 6.0000 25.0000 5.0000 0.0000 5.0000 4.0000 0.0000 0.0000 0.2500 1.0000 0.0000 0.0000 b 0.2610 1.2500 1.1815 1.1731 0.2500 0.2500 0.2500 0.2500 0.0000 0.0000 0.0000 0.0000 0.0000 
main 7.0000 6.0000 31.0000 7.0000 1.0000 7.0000 6.0000 0.0000 0.0000 0.2500 1.5000 0.0000 0.0000 b 0.1390 1.7500 1.3175 1.3092 0.2500 0.2500 0.2500 0.2500 0.2500 0.2500 0.0000 0.0000 0.0000 
main 7.0000 6.0000 6.0000 5.0000 0.0000 5.0000 4.0000 2.0000 0.1036 0.2488 0.9953 0.0906 0.1145 b 0.2030 1.2453 1.4554 1.4470 0.2236 0.3986 0.1599 0.2133 0.0000 0.0000 0.0000 0.0000 0.0000 
main 7.0000 6.0000 19.0000 10.0000 2.0000 10.0000 9.0000 0.0000 0.0000 0.2500 2.2500 0.0000 0.0000 b 0.1680 2.5000 1.2194 1.2111 0.2500 0.2500 0.2500 0.2500 0.2500 0.2500 0.2500 0.2500 0.2500 
main 7.0000 6.0000 60.0000 9.0000 1.0000 9.0000 8.0000 2.0000 0.0916 0.2504 2.0036 0.0906 0.1145 b 0.1730 2.2536 1.2941 1.2857 0.3958 0.1595 0.3224 0.1656 0.2589 0.2083 0.1599 0.3333 0.0000 
main 7.0000 6.0000 52.0000 7.0000 1.0000 7.0000 6.0000 0.0000 0.0000 0.2500 1.5000 0.0000 0.0000 b 0.1730 1.7500 1.4992 1.4909 0.2500 0.2500 0.2500 0.2500 0.2500 0.2500 0.0000 0.0000 0.0000 
main 7.0000 6.0000 10.0000 7.0000 1.0000 7.0000 6.0000 0.0000 0.0000 0.2500 1.5000 0.0000 0.0000 b 0.1770 1.7500 1.0054 0.9970 0.2500 0.2500 0.2500 0.2500 0.2500 0.2500 0.0000 0.0000 0.0000 
main 7.0000 6.0000 54.0000 7.0000 1.0000 7.0000 6.0000 2.0000 0.0953 0.2503 1.5018 0.0906 0.1145 b 0.1940 1.7518 1.1144 1.1060 0.3331 0.3987 0.1857 0.2299 0.2021 0.1523 0.0000 0.0000 0.0000 
main 7.0000 6.0000 55.0000 8.0000 1.0000 8.0000 7.0000 0.0000 0.0000 0.2500 1.7500 0.0000 0.0000 b 0.1490 2.0000 1.4313 1.4229 0.2500 0.2500 0.2500 0.2500 0.2500 0.2500 0.2500 0.0000 0.0000 
main 7.0000 6.0000 2.0000 4.0000 0.0000 4.0000 3.0000 1.0000 0.0439 0.2487 0.7461 0.0349 0.0588 b 0.2170 0.9961 1.1772 1.1688 0.2052 0.2480 0.2930 0.0000 0.0000 0.0000 0.0000 0.0000 0.0000 
main 7.0000 6.0000 62.0000 10.0000 2.0000 10.0000 9.0000 1.0000 0.0553 0.2501 2.2508 0.0349 0.0588 b 0.1700 2.5008 1.1441 1.1357 0.3065 0.2182 0.2638 0.1987 0.2283 0.3325 0.2152 0.3103 0.1773 
main 7.0000 6.0000 37.0000 9.0000 1.0000 9.0000 8.0000 0.0000 0.0000 0.2500 2.0000 0.0000 0.0000 b 0.1670 2.2500 1.4799 1.4716 0.2500 0.2500 0.2500 0.2500 0.2500 0.2500 0.2500 0.2500 0.0000 
main 7.0000 6.0000 44.0000 4.0000 0.0000 4.0000 3.0000 1.0000 0.0468 0.2514 0.7542 0.0349 0.0588 b 0.2130 1.0042 1.0009 0.9925 0.2353 0.3042 0.2147 0.0000 0.0000 0.0000 0.0000 0.0000 0.0000 
main 7.0000 6.0000 4.0000 5.0000 0.0000 5.0000 4.0000 0.0000 0.0000 0.2500 1.0000 0.0000 0.0000 b 0.1380 1.2500 1.3113 1.3030 0.2500 0.2500 0.2500 0.2500 0.0000 0.0000 0.0000 0.0000 0.0000 
main 7.0000 6.0000 5.0000 5.0000 0.0000 5.0000 4.0000 1.0000 0.0351 0.2498 0.9991 0.0349 0.0588 b 0.1330 1.2491 1.2073 1.1990 0.2223 0.2644 0.2198 0.2925 0.0000 0.0000 0.0000 0.0000 0.0000 
main 7.0000 6.0000 16.0000 9.0000 1.0000 9.0000 8.0000 0.0000 0.0000 0.2500 2.0000 0.0000 0.0000 b 0.1830 2.2500 1.4896 1.4813 0.2500 0.2500 0.2500 0.2500 0.2500 0.2500 0.2500 0.2500 0.0000 
main 7.0000 6.0000 35.0000 8.0000 1.0000 8.0000 7.0000 1.0000 0.0484 0.2496 1.7473 0.0349 0.0588 b 0.1690 1.9973 1.0272 1.0188 0.1682 0.3175 0.2611 0.2880 0.2296 0.2596 0.2233 0.0000 0.0000 
main 7.0000 6.0000 63.0000 10.0000 2.0000 10.0000 9.0000 2.0000 0.0908 0.2498 2.2483 0.0906 0.1145 b 0.1910 2.4983 1.3408 1.3325 0.2566 0.1652 0.3409 0.1673 0.2152 0.1883 0.3729 0.1645 0.3775 
main 7.0000 6.0000 22.0000 4.0000 0.0000 4.0000 3.0000 0.0000 0.0000 0.2500 0.7500 0.0000 0.0000 b 0.2310 1.0000 1.0962 1.0879 0.2500 0.2500 0.2500 0.0000 0.0000 0.0000 0.0000 0.0000 0.0000 
main 7.0000 6.0000 15.0000 8.0000 1.0000 8.0000 7.0000 2.0000 0.0985 0.2498 1.7489 0.0906 0.1145 b 0.1790 1.9989 1.0530 1.0446 0.1702 0.3553 0.1902 0.3886 0.1513 0.1827 0.3105 0.0000 0.0000 
main 7.0000 6.0000 18.0000 9.0000 1.0000 9.0000 8.0000 2.0000 0.0916 0.2503 2.0021 0.0906 0.1145 b 0.1440 2.2521 1.4995 1.4911 0.1709 0.2444 0.3978 0.1655 0.3648 0.2404 0.1510 0.2675 0.0000 
main 7.0000 6.0000 28.0000 6.0000 0.0000 6.0000 5.0000 0.0000 0.0000 0.2500 1.2500 0.0000 0.0000 b 0.1700 1.5000 1.1437 1.1354 0.2500 0.2500 0.2500 0.2500 0.2500 0.0000 0.0000 0.0000 0.0000 
main 7.0000 6.0000 33.0000 7.0000 1.0000 7.0000 6.0000 2.0000 0.0908 0.2494 1.4962 0.0906 0.1145 b 0.1390 1.7462 1.4892 1.4809 0.1770 0.3285 0.2658 0.1952 0.1507 0.3790 0.0000 0.0000 0.0000 
main 7.0000 6.0000 36.0000 8.0000 1.0000 8.0000 7.0000 2.0000 0.0974 0.2499 1.7494 0.0906 0.1145 b 0.1400 1.9994 1.1033 1.0950 0.1531 0.2498 0.1524 0.2206 0.3651 0.3991 0.2092 0.0000 0.0000 
main 7.0000 6.0000 53.0000 7.0000 1.0000 7.0000 6.0000 1.0000 0.0570 0.2501 1.5003 0.0349 0.0588 b 0.1330 1.7503 1.1383 1.1299 0.2668 0.2170 0.3405 0.2660 0.2394 0.1706 0.0000 0.0000 0.0000 
main 7.0000 6.0000 42.0000 10.0000 2.0000 10.0000 9.0000 2.0000 0.0941 0.2500 2.2502 0.0906 0.1145 b 0.1540 2.5002 1.1119 1.1035 0.1550 0.1981 0.3911 0.3192 0.2097 0.1670 0.2016 0.3984 0.2103 
main 7.0000 6.0000 49.0000 6.0000 0.0000 6.0000 5.0000 0.0000 0.0000 0.2500 1.2500 0.0000 0.0000 b 0.1760 1.5000 1.0766 1.0683 0.2500 0.2500 0.2500 0.2500 0.2500 0.0000 0.0000 0.0000 0.0000 
main 7.0000 6.0000 1.0000 4.0000 0.0000 4.0000 3.0000 0.0000 0.0000 0.2500 0.7500 0.0000 0.0000 b 0.2490 1.0000 1.0564 1.0481 0.2500 0.2500 0.2500 0.0000 0.0000 0.0000 0.0000 0.0000 0.0000 
main 7.0000 6.0000 29.0000 6.0000 0.0000 6.0000 5.0000 1.0000 0.0486 0.2497 1.2487 0.0349 0.0588 b 0.1460 1.4987 1.3183 1.3099 0.2615 0.2026 0.3201 0.2599 0.2045 0.0000 0.0000 0.0000 0.0000 
main 7.0000 6.0000 46.0000 5.0000 0.0000 5.0000 4.0000 0.0000 0.0000 0.2500 1.0000 0.0000 0.0000 b 0.1640 1.2500 1.2582 1.2499 0.2500 0.2500 0.2500 0.2500 0.0000 0.0000 0.0000 0.0000 0.0000 
main 7.0000 6.0000 51.0000 6.0000 0.0000 6.0000 5.0000 2.0000 0.0933 0.2492 1.2459 0.0906 0.1145 b 0.1630 1.4959 1.2204 1.2121 0.3960 0.2856 0.1761 0.2111 0.1771 0.0000 0.0000 0.0000 0.0000 
main 7.0000 6.0000 56.0000 8.0000 1.0000 8.0000 7.0000 1.0000 0.0510 0.2499 1.7490 0.0349 0.0588 b 0.1510 1.9990 1.0147 1.0064 0.3118 0.2792 0.2136 0.2516 0.1774 0.3036 0.2119 0.0000 0.0000 
main 7.0000 6.0000 3.0000 4.0000 0.0000 4.0000 3.0000 2.0000 0.0946 0.2503 0.7510 0.0906 0.1145 b 0.1760 1.0010 1.1499 1.1416 0.3505 0.2379 0.1626 0.0000 0.0000 0.0000 0.0000 0.0000 0.0000 
main 7.0000 6.0000 12.0000 7.0000 1.0000 7.0000 6.0000 2.0000 0.0983 0.2493 1.4958 0.0906 0.1145 b 0.1390 1.7458 1.0901 1.0817 0.1559 0.3778 0.1948 0.3691 0.2182 0.1801 0.0000 0.0000 0.0000 
main 7.0000 7.0000 62.0000 10.0000 2.0000 10.0000 9.0000 1.0000 0.0581 0.2497 2.2477 0.0349 0.0588 b 0.1160 2.4977 1.4759 1.4676 0.2357 0.2729 0.1635 0.2456 0.2998 0.2180 0.1925 0.3587 0.2610 
main 7.0000 7.0000 28.0000 6.0000 0.0000 6.0000 5.0000 0.0000 0.0000 0.2500 1.2500 0.0000 0.0000 b 0.1490 1.5000 1.2358 1.2275 0.2500 0.2500 0.2500 0.2500 0.2500 0.0000 0.0000 0.0000 0.0000 
main 7.0000 7.0000 3.0000 4.0000 0.0000 4.0000 3.0000 2.0000 0.1076 0.2503 0.7509 0.0906 0.1145 b 0.2010 1.0009 1.0002 0.9918 0.3709 0.2161 0.1640 0.0000 0.0000 0.0000 0.0000 0.0000 0.0000 
main 7.0000 7.0000 60.0000 9.0000 1.0000 9.0000 8.0000 2.0000 0.0939 0.2495 1.9962 0.0906 0.1145 b 0.1550 2.2462 1.1175 1.1092 0.2068 0.1504 0.3591 0.2005 0.3328 0.2064 0.3842 0.1558 0.0000 
main 7.0000 7.0000 18.0000 9.0000 1.0000 9.0000 8.0000 2.0000 0.0988 0.2504 2.0032 0.0906 0.1145 b 0.1540 2.2532 1.2649 1.2565 0.1645 0.3906 0.1771 0.3769 0.1765 0.3345 0.1769 0.2061 0.0000 
main 7.0000 7.0000 8.0000 6.0000 0.0000 6.0000 5.0000 1.0000 0.0546 0.2501 1.2505 0.0349 0.0588 b 0.1820 1.5005 1.2887 1.2803 0.2259 0.3316 0.2267 0.2755 0.1909 0.0000 0.0000 0.0000 0.0000 
main 7.0000 7.0000 37.0000 9.0000 1.0000 9.0000 8.0000 0.0000 0.0000 0.2500 2.0000 0.0000 0.0000 b 0.1820 2.2500 1.4423 1.4340 0.2500 0.2500 0.2500 0.2500 0.2500 0.2500 0.2500 0.2500 0.0000 
main 7.0000 7.0000 43.0000 4.0000 0.0000 4.0000 3.0000 0.0000 0.0000 0.2500 0.7500 0.0000 0.0000 b 0.3150 1.0000 1.3640 1.3557 0.2500 0.2500 0.2500 0.0000 0.0000 0.0000 0.0000 0.0000 0.0000 
main 7.0000 7.0000 35.0000 8.0000 1.0000 8.0000 7.0000 1.0000 0.0573 0.2494 1.7457 0.0349 0.0588 b 0.1500 1.9957 1.4260 1.4177 0.2569 0.1849 0.3415 0.2204 0.3013 0.1907 0.2499 0.0000 0.0000 
main 7.0000 7.0000 38.0000 9.0000 1.0000 9.0000 8.0000 1.0000 0.0546 0.2503 2.0026 0.0349 0.0588 b 0.1610 2.2526 1.0266 1.0183 0.3001 0.2549 0.3233 0.2050 0.2857 0.1950 0.2680 0.1707 0.0000 
main 7.0000 7.0000 40.0000 10.0000 2.0000 10.0000 9.0000 0.0000 0.0000 0.2500 2.2500 0.0000 0.0000 b 0.1420 2.5000 1.2405 1.2322 0.2500 0.2500 0.2500 0.2500 0.2500 0.2500 0.2500 0.2500 0.2500 
main 7.0000 7.0000 30.0000 6.0000 0.0000 6.0000 5.0000 2.0000 0.0963 0.2500 1.2501 0.0906 0.1145 b 0.1450 1.5001 1.1669 1.1585 0.1732 0.3950 0.2052 0.3011 0.1757 0.0000 0.0000 0.0000 0.0000 
main 7.0000 7.0000 24.0000 4.0000 0.0000 4.0000 3.0000 2.0000 0.1013 0.2493 0.7478 0.0906 0.1145 b 0.1800 0.9978 1.3033 1.2950 0.3527 0.2447 0.1504 0.0000 0.0000 0.0000 0.0000 0.0000 0.0000 
main 7.0000 7.0000 14.0000 8.0000 1.0000 8.0000 7.0000 1.0000 0.0584 0.2494 1.7458 0.0349 0.0588 b 0.1860 1.9958 1.3531 1.3448 0.2515 0.1829 0.2472 0.2064 0.2661 0.3652 0.2264 0.0000 0.0000 
main 7.0000 7.0000 51.0000 6.0000 0.0000 6.0000 5.0000 2.0000 0.0933 0.2496 1.2482 0.0906 0.1145 b 0.1520 1.4982 1.2449 1.2365 0.1659 0.3444 0.1562 0.2327 0.3489 0.0000 0.0000 0.0000 0.0000 
main 7.0000 7.0000 32.0000 7.0000 1.0000 7.0000 6.0000 1.0000 0.0439 0.2500 1.4999 0.0349 0.0588 b 0.1160 1.7499 1.1931 1.1848 0.2799 0.2414 0.1838 0.3114 0.2284 0.2551 0.0000 0.0000 0.0000 
main 7.0000 7.0000 27.0000 5.0000 0.0000 5.0000 4.0000 2.0000 0.0908 0.2508 1.0032 0.0906 0.1145 b 0.1360 1.2532 1.3664 1.3580 0.2599 0.1877 0.3758 0.1797 0.0000 0.0000 0.0000 0.0000 0.0000 
main 7.0000 7.0000 19.0000 10.0000 2.0000 10.0000 9.0000 0.0000 0.0000 0.2500 2.2500 0.0000 0.0000 b 0.1710 2.5000 1.1383 1.1300 0.2500 0.2500 0.2500 0.2500 0.2500 0.2500 0.2500 0.2500 0.2500 
main 7.0000 7.0000 50.0000 6.0000 0.0000 6.0000 5.0000 1.0000 0.0524 0.2501 1.2505 0.0349 0.0588 b 0.2340 1.5005 1.4096 1.4013 0.1852 0.2185 0.2473 0.2793 0.3203 0.0000 0.0000 0.0000 0.0000 
main 7.0000 7.0000 63.0000 10.0000 2.0000 10.0000 9.0000 2.0000 0.0935 0.2498 2.2486 0.0906 0.1145 b 0.1650 2.4986 1.1845 1.1762 0.1591 0.2174 0.1621 0.3524 0.1741 0.3770 0.1889 0.2387 0.3789 
main 7.0000 7.0000 36.0000 8.0000 1.0000 8.0000 7.0000 2.0000 0.0974 0.2502 1.7517 0.0906 0.1145 b 0.1520 2.0017 1.3683 1.3600 0.1804 0.3694 0.1523 0.1908 0.3758 0.3078 0.1752 0.0000 0.0000 
main 7.0000 7.0000 17.0000 9.0000 1.0000 9.0000 8.0000 1.0000 0.0580 0.2498 1.9987 0.0349 0.0588 b 0.1180 2.2487 1.3283 1.3199 0.2672 0.2924 0.2507 0.1813 0.2766 0.2123 0.3441 0.1742 0.0000 
main 7.0000 7.0000 33.0000 7.0000 1.0000 7.0000 6.0000 2.0000 0.0940 0.2495 1.4969 0.0906 0.1145 b 0.1720 1.7469 1.0233 1.0150 0.3722 0.1907 0.3574 0.1786 0.2432 0.1547 0.0000 0.0000 0.0000 
main 7.0000 7.0000 5.0000 5.0000 0.0000 5.0000 4.0000 1.0000 0.0374 0.2491 0.9965 0.0349 0.0588 b 0.1470 1.2465 1.3275 1.3192 0.2744 0.2082 0.2866 0.2274 0.0000 0.0000 0.0000 0.0000 0.0000 
main 7.0000 7.0000 22.0000 4.0000 0.0000 4.0000 3.0000 0.0000 0.0000 0.2500 0.7500 0.0000 0.0000 b 0.2320 1.0000 1.1710 1.1626 0.2500 0.2500 0.2500 0.0000 0.0000 0.0000 0.0000 0.0000 0.0000 
main 7.0000 7.0000 39.0000 9.0000 1.0000 9.0000 8.0000 2.0000 0.0926 0.2496 1.9968 0.0906 0.1145 b 0.1550 2.2468 1.3343 1.3260 0.3318 0.2234 0.1947 0.1587 0.1969 0.3914 0.3459 0.1538 0.0000 
main 7.0000 7.0000 61.0000 10.0000 2.0000 10.0000 9.0000 0.0000 0.0000 0.2500 2.2500 0.0000 0.0000 b 0.2040 2.5000 1.4024 1.3941 0.2500 0.2500 0.2500 0.2500 0.2500 0.2500 0.2500 0.2500 0.2500 
main 7.0000 7.0000 52.0000 7.0000 1.0000 7.0000 6.0000 0.0000 0.0000 0.2500 1.5000 0.0000 0.0000 b 0.1270 1.7500 1.4253 1.4170 0.2500 0.2500 0.2500 0.2500 0.2500 0.2500 0.0000 0.0000 0.0000 
main 7.0000 7.0000 56.0000 8.0000 1.0000 8.0000 7.0000 1.0000 0.0468 0.2494 1.7460 0.0349 0.0588 b 0.1820 1.9960 1.4188 1.4105 0.2326 0.2876 0.2134 0.2551 0.3323 0.2283 0.1967 0.0000 0.0000 
main 7.0000 7.0000 46.0000 5.0000 0.0000 5.0000 4.0000 0.0000 0.0000 0.2500 1.0000 0.0000 0.0000 b 0.1730 1.2500 1.3052 1.2969 0.2500 0.2500 0.2500 0.2500 0.0000 0.0000 0.0000 0.0000 0.0000 
main 7.0000 7.0000 12.0000 7.0000 1.0000 7.0000 6.0000 2.0000 0.1062 0.2496 1.4978 0.0906 0.1145 b 0.1490 1.7478 1.2573 1.2490 0.1593 0.3569 0.2527 0.1796 0.3981 0.1511 0.0000 0.0000 0.0000 
main 7.0000 7.0000 31.0000 7.0000 1.0000 7.0000 6.0000 0.0000 0.0000 0.2500 1.5000 0.0000 0.0000 b 0.1420 1.7500 1.3379 1.3295 0.2500 0.2500 0.2500 0.2500 0.2500 0.2500 0.0000 0.0000 0.0000 
main 7.0000 7.0000 15.0000 8.0000 1.0000 8.0000 7.0000 2.0000 0.0911 0.2502 1.7517 0.0906 0.1145 b 0.1600 2.0017 1.0328 1.0244 0.1830 0.2693 0.2026 0.1587 0.1915 0.3567 0.3899 0.0000 0.0000 
main 7.0000 7.0000 42.0000 10.0000 2.0000 10.0000 9.0000 2.0000 0.0926 0.2497 2.2475 0.0906 0.1145 b 0.1560 2.4975 1.4173 1.4089 0.1631 0.3165 0.1940 0.3858 0.1702 0.2673 0.3833 0.2138 0.1535 
main 7.0000 7.0000 45.0000 4.0000 0.0000 4.0000 3.0000 2.0000 0.0929 0.2506 0.7519 0.0906 0.1145 b 0.2250 1.0019 1.0290 1.0207 0.3517 0.2313 0.1689 0.0000 0.0000 0.0000 0.0000 0.0000 0.0000 
main 7.0000 7.0000 57.0000 8.0000 1.0000 8.0000 7.0000 2.0000 0.0907 0.2506 1.7543 0.0906 0.1145 b 0.1440 2.0043 1.0641 1.0558 0.1568 0.3963 0.1865 0.2751 0.2142 0.3433 0.1822 0.0000 0.0000 
main 7.0000 7.0000 44.0000 4.0000 0.0000 4.0000 3.0000 1.0000 0.0539 0.2498 0.7494 0.0349 0.0588 b 0.3140 0.9994 1.4759 1.4676 0.1933 0.3006 0.2555 0.0000 0.0000 0.0000 0.0000 0.0000 0.0000 
main 7.0000 7.0000 59.0000 9.0000 1.0000 9.0000 8.0000 1.0000 0.0524 0.2503 2.0020 0.0349 0.0588 b 0.1410 2.2520 1.0609 1.0525 0.2851 0.1937 0.2908 0.2266 0.2616 0.3143 0.2691 0.1607 0.0000 
main 7.0000 7.0000 29.0000 6.0000 0.0000 6.0000 5.0000 1.0000 0.0496 0.2496 1.2479 0.0349 0.0588 b 0.1370 1.4979 1.1017 1.0933 0.2061 0.2610 0.2013 0.3233 0.2563 0.0000 0.0000 0.0000 0.0000 
main 7.0000 7.0000 53.0000 7.0000 1.0000 7.0000 6.0000 1.0000 0.0509 0.2508 1.5049 0.0349 0.0588 b 0.1760 1.7549 1.1955 1.1872 0.2636 0.2096 0.3023 0.1744 0.3017 0.2535 0.0000 0.0000 0.0000 
main 7.0000 7.0000 41.0000 10.0000 2.0000 10.0000 9.0000 1.0000 0.0509 0.2502 2.2515 0.0349 0.0588 b 0.1590 2.5015 1.1553 1.1470 0.2554 0.3490 0.1858 0.2192 0.2714 0.1972 0.2277 0.2960 0.2497 
main 7.0000 7.0000 6.0000 5.0000 0.0000 5.0000 4.0000 2.0000 0.1017 0.2492 0.9968 0.0906 0.1145 b 0.1770 1.2468 1.0503 1.0419 0.1721 0.2599 0.1758 0.3891 0.0000 0.0000 0.0000 0.0000 0.0000 
main 7.0000 7.0000 10.0000 7.0000 1.0000 7.0000 6.0000 0.0000 0.0000 0.2500 1.5000 0.0000 0.0000 b 0.1250 1.7500 1.3126 1.3043 0.2500 0.2500 0.2500 0.2500 0.2500 0.2500 0.0000 0.0000 0.0000 
main 7.0000 7.0000 2.0000 4.0000 0.0000 4.0000 3.0000 1.0000 0.0496 0.2499 0.7497 0.0349 0.0588 b 0.1810 0.9997 1.1873 1.1789 0.2045 0.2424 0.3029 0.0000 0.0000 0.0000 0.0000 0.0000 0.0000 
main 7.0000 7.0000 21.0000 10.0000 2.0000 10.0000 9.0000 2.0000 0.0931 0.2500 2.2502 0.0906 0.1145 b 0.1810 2.5002 1.1557 1.1474 0.2003 0.3886 0.2767 0.3327 0.1515 0.1904 0.1577 0.1842 0.3682 
main 7.0000 7.0000 13.0000 8.0000 1.0000 8.0000 7.0000 0.0000 0.0000 0.2500 1.7500 0.0000 0.0000 b 0.1410 2.0000 1.0701 1.0617 0.2500 0.2500 0.2500 0.2500 0.2500 0.2500 0.2500 0.0000 0.0000 
main 7.0000 7.0000 54.0000 7.0000 1.0000 7.0000 6.0000 2.0000 0.0911 0.2507 1.5045 0.0906 0.1145 b 0.1500 1.7545 1.3199 1.3115 0.1557 0.3197 0.2041 0.2309 0.1950 0.3991 0.0000 0.0000 0.0000 
main 7.0000 7.0000 1.0000 4.0000 0.0000 4.0000 3.0000 0.0000 0.0000 0.2500 0.7500 0.0000 0.0000 b 0.2270 1.0000 1.1866 1.1782 0.2500 0.2500 0.2500 0.0000 0.0000 0.0000 0.0000 0.0000 0.0000 
main 7.0000 7.0000 4.0000 5.0000 0.0000 5.0000 4.0000 0.0000 0.0000 0.2500 1.0000 0.0000 0.0000 b 0.1820 1.2500 1.0977 1.0894 0.2500 0.2500 0.2500 0.2500 0.0000 0.0000 0.0000 0.0000 0.0000 
main 7.0000 7.0000 16.0000 9.0000 1.0000 9.0000 8.0000 0.0000 0.0000 0.2500 2.0000 0.0000 0.0000 b 0.1850 2.2500 1.3328 1.3244 0.2500 0.2500 0.2500 0.2500 0.2500 0.2500 0.2500 0.2500 0.0000 
main 7.0000 7.0000 26.0000 5.0000 0.0000 5.0000 4.0000 1.0000 0.0541 0.2498 0.9991 0.0349 0.0588 b 0.2330 1.2491 1.0534 1.0450 0.2165 0.3227 0.2580 0.2019 0.0000 0.0000 0.0000 0.0000 0.0000 
main 7.0000 7.0000 11.0000 7.0000 1.0000 7.0000 6.0000 1.0000 0.0396 0.2507 1.5041 0.0349 0.0588 b 0.1300 1.7541 1.4417 1.4334 0.2521 0.1992 0.2856 0.2323 0.3065 0.2283 0.0000 0.0000 0.0000 
main 7.0000 7.0000 25.0000 5.0000 0.0000 5.0000 4.0000 0.0000 0.0000 0.2500 1.0000 0.0000 0.0000 b 0.1960 1.2500 1.4444 1.4361 0.2500 0.2500 0.2500 0.2500 0.0000 0.0000 0.0000 0.0000 0.0000 
main 7.0000 7.0000 48.0000 5.0000 0.0000 5.0000 4.0000 2.0000 0.0998 0.2490 0.9961 0.0906 0.1145 b 0.1930 1.2461 1.4994 1.4911 0.1519 0.3053 0.3601 0.1788 0.0000 0.0000 0.0000 0.0000 0.0000 
main 7.0000 7.0000 58.0000 9.0000 1.0000 9.0000 8.0000 0.0000 0.0000 0.2500 2.0000 0.0000 0.0000 b 0.1460 2.2500 1.0117 1.0034 0.2500 0.2500 0.2500 0.2500 0.2500 0.2500 0.2500 0.2500 0.0000 
main 7.0000 7.0000 34.0000 8.0000 1.0000 8.0000 7.0000 0.0000 0.0000 0.2500 1.7500 0.0000 0.0000 b 0.1760 2.0000 1.3736 1.3653 0.2500 0.2500 0.2500 0.2500 0.2500 0.2500 0.2500 0.0000 0.0000 
main 7.0000 7.0000 47.0000 5.0000 0.0000 5.0000 4.0000 1.0000 0.0561 0.2499 0.9998 0.0349 0.0588 b 0.2200 1.2498 1.3572 1.3489 0.1907 0.2668 0.2223 0.3199 0.0000 0.0000 0.0000 0.0000 0.0000 
main 7.0000 7.0000 7.0000 6.0000 0.0000 6.0000 5.0000 0.0000 0.0000 0.2500 1.2500 0.0000 0.0000 b 0.2800 1.5000 1.2678 1.2595 0.2500 0.2500 0.2500 0.2500 0.2500 0.0000 0.0000 0.0000 0.0000 
main 7.0000 7.0000 9.0000 6.0000 0.0000 6.0000 5.0000 2.0000 0.0943 0.2496 1.2478 0.0906 0.1145 b 0.1850 1.4978 1.0572 1.0489 0.1654 0.3985 0.1774 0.2298 0.2766 0.0000 0.0000 0.0000 0.0000 
main 7.0000 7.0000 55.0000 8.0000 1.0000 8.0000 7.0000 0.0000 0.0000 0.2500 1.7500 0.0000 0.0000 b 0.1100 2.0000 1.3747 1.3663 0.2500 0.2500 0.2500 0.2500 0.2500 0.2500 0.2500 0.0000 0.0000 
main 7.0000 7.0000 49.0000 6.0000 0.0000 6.0000 5.0000 0.0000 0.0000 0.2500 1.2500 0.0000 0.0000 b 0.1520 1.5000 1.4324 1.4241 0.2500 0.2500 0.2500 0.2500 0.2500 0.0000 0.0000 0.0000 0.0000 
main 7.0000 7.0000 23.0000 4.0000 0.0000 4.0000 3.0000 1.0000 0.0493 0.2506 0.7517 0.0349 0.0588 b 0.1650 1.0017 1.4359 1.4275 0.2028 0.3013 0.2476 0.0000 0.0000 0.0000 0.0000 0.0000 0.0000 
main 7.0000 7.0000 20.0000 10.0000 2.0000 10.0000 9.0000 1.0000 0.0563 0.2505 2.2549 0.0349 0.0588 b 0.1670 2.5049 1.2969 1.2886 0.2123 0.3329 0.2315 0.1948 0.2588 0.1904 0.3371 0.2135 0.2837 
main 7.0000 8.0000 9.0000 6.0000 0.0000 6.0000 5.0000 2.0000 0.0931 0.2506 1.2528 0.0906 0.1145 b 0.1350 1.5028 1.2658 1.2574 0.3441 0.2093 0.1806 0.3573 0.1616 0.0000 0.0000 0.0000 0.0000 
main 7.0000 8.0000 44.0000 4.0000 0.0000 4.0000 3.0000 1.0000 0.0521 0.2484 0.7452 0.0349 0.0588 b 0.1710 0.9952 1.4193 1.4109 0.3061 0.2340 0.2050 0.0000 0.0000 0.0000 0.0000 0.0000 0.0000 
main 7.0000 8.0000 12.0000 7.0000 1.0000 7.0000 6.0000 2.0000 0.0980 0.2496 1.4974 0.0906 0.1145 b 0.1860 1.7474 1.3619 1.3536 0.2471 0.3383 0.1607 0.3962 0.1634 0.1916 0.0000 0.0000 0.0000 
main 7.0000 8.0000 39.0000 9.0000 1.0000 9.0000 8.0000 2.0000 0.0944 0.2504 2.0031 0.0906 0.1145 b 0.1310 2.2531 1.1515 1.1432 0.1780 0.3444 0.1539 0.3982 0.1890 0.2153 0.1849 0.3393 0.0000 
main 7.0000 8.0000 26.0000 5.0000 0.0000 5.0000 4.0000 1.0000 0.0404 0.2488 0.9951 0.0349 0.0588 b 0.1700 1.2451 1.3170 1.3086 0.2272 0.2718 0.2039 0.2922 0.0000 0.0000 0.0000 0.0000 0.0000 
main 7.0000 8.0000 58.0000 9.0000 1.0000 9.0000 8.0000 0.0000 0.0000 0.2500 2.0000 0.0000 0.0000 b 0.1600 2.2500 1.0887 1.0803 0.2500 0.2500 0.2500 0.2500 0.2500 0.2500 0.2500 0.2500 0.0000 
main 7.0000 8.0000 4.0000 5.0000 0.0000 5.0000 4.0000 0.0000 0.0000 0.2500 1.0000 0.0000 0.0000 b 0.1500 1.2500 1.3668 1.3585 0.2500 0.2500 0.2500 0.2500 0.0000 0.0000 0.0000 0.0000 0.0000 
main 7.0000 8.0000 59.0000 9.0000 1.0000 9.0000 8.0000 1.0000 0.0525 0.2499 1.9988 0.0349 0.0588 b 0.1860 2.2488 1.3259 1.3175 0.2306 0.3019 0.3303 0.1945 0.2390 0.2775 0.2515 0.1735 0.0000 
main 7.0000 8.0000 40.0000 10.0000 2.0000 10.0000 9.0000 0.0000 0.0000 0.2500 2.2500 0.0000 0.0000 b 0.1590 2.5000 1.4398 1.4315 0.2500 0.2500 0.2500 0.2500 0.2500 0.2500 0.2500 0.2500 0.2500 
main 7.0000 8.0000 19.0000 10.0000 2.0000 10.0000 9.0000 0.0000 0.0000 0.2500 2.2500 0.0000 0.0000 b 0.1410 2.5000 1.0508 1.0424 0.2500 0.2500 0.2500 0.2500 0.2500 0.2500 0.2500 0.2500 0.2500 
main 7.0000 8.0000 7.0000 6.0000 0.0000 6.0000 5.0000 0.0000 0.0000 0.2500 1.2500 0.0000 0.0000 b 0.2830 1.5000 1.4932 1.4848 0.2500 0.2500 0.2500 0.2500 0.2500 0.0000 0.0000 0.0000 0.0000 
main 7.0000 8.0000 52.0000 7.0000 1.0000 7.0000 6.0000 0.0000 0.0000 0.2500 1.5000 0.0000 0.0000 b 0.1680 1.7500 1.1306 1.1222 0.2500 0.2500 0.2500 0.2500 0.2500 0.2500 0.0000 0.0000 0.0000 
main 7.0000 8.0000 46.0000 5.0000 0.0000 5.0000 4.0000 0.0000 0.0000 0.2500 1.0000 0.0000 0.0000 b 0.1750 1.2500 1.3248 1.3164 0.2500 0.2500 0.2500 0.2500 0.0000 0.0000 0.0000 0.0000 0.0000 
main 7.0000 8.0000 34.0000 8.0000 1.0000 8.0000 7.0000 0.0000 0.0000 0.2500 1.7500 0.0000 0.0000 b 0.1160 2.0000 1.3311 1.3228 0.2500 0.2500 0.2500 0.2500 0.2500 0.2500 0.2500 0.0000 0.0000 
main 7.0000 8.0000 1.0000 4.0000 0.0000 4.0000 3.0000 0.0000 0.0000 0.2500 0.7500 0.0000 0.0000 b 0.1520 1.0000 1.4237 1.4153 0.2500 0.2500 0.2500 0.0000 0.0000 0.0000 0.0000 0.0000 0.0000 
main 7.0000 8.0000 15.0000 8.0000 1.0000 8.0000 7.0000 2.0000 0.0923 0.2502 1.7517 0.0906 0.1145 b 0.1690 2.0017 1.0137 1.0053 0.1714 0.3663 0.1908 0.2380 0.1588 0.3889 0.2375 0.0000 0.0000 
main 7.0000 8.0000 54.0000 7.0000 1.0000 7.0000 6.0000 2.0000 0.0946 0.2506 1.5036 0.0906 0.1145 b 0.1470 1.7536 1.2795 1.2712 0.1550 0.3772 0.1541 0.3478 0.2480 0.2216 0.0000 0.0000 0.0000 
main 7.0000 8.0000 32.0000 7.0000 1.0000 7.0000 6.0000 1.0000 0.0538 0.2502 1.5010 0.0349 0.0588 b 0.1740 1.7510 1.2923 1.2840 0.2989 0.2377 0.2716 0.2316 0.1585 0.3026 0.0000 0.0000 0.0000 
main 7.0000 8.0000 38.0000 9.0000 1.0000 9.0000 8.0000 1.0000 0.0541 0.2503 2.0024 0.0349 0.0588 b 0.1700 2.2524 1.0807 1.0724 0.2068 0.3225 0.2592 0.2018 0.2918 0.1747 0.2372 0.3083 0.0000 
main 7.0000 8.0000 2.0000 4.0000 0.0000 4.0000 3.0000 1.0000 0.0478 0.2504 0.7513 0.0349 0.0588 b 0.2020 1.0013 1.1216 1.1133 0.2986 0.2497 0.2030 0.0000 0.0000 0.0000 0.0000 0.0000 0.0000 
main 7.0000 8.0000 14.0000 8.0000 1.0000 8.0000 7.0000 1.0000 0.0542 0.2502 1.7516 0.0349 0.0588 b 0.1690 2.0016 1.0856 1.0772 0.2138 0.3042 0.2598 0.2261 0.1676 0.3270 0.2530 0.0000 0.0000 
main 7.0000 8.0000 17.0000 9.0000 1.0000 9.0000 8.0000 1.0000 0.0586 0.2499 1.9995 0.0349 0.0588 b 0.1590 2.2495 1.0845 1.0762 0.2027 0.2745 0.1877 0.3111 0.2801 0.2203 0.3374 0.1858 0.0000 
main 7.0000 8.0000 36.0000 8.0000 1.0000 8.0000 7.0000 2.0000 0.0990 0.2505 1.7536 0.0906 0.1145 b 0.1790 2.0036 1.3328 1.3244 0.1625 0.3827 0.1893 0.3832 0.1506 0.2756 0.2096 0.0000 0.0000 
main 7.0000 8.0000 11.0000 7.0000 1.0000 7.0000 6.0000 1.0000 0.0566 0.2497 1.4981 0.0349 0.0588 b 0.1750 1.7481 1.0524 1.0441 0.2902 0.2503 0.2163 0.2533 0.3253 0.1628 0.0000 0.0000 0.0000 
main 7.0000 8.0000 25.0000 5.0000 0.0000 5.0000 4.0000 0.0000 0.0000 0.2500 1.0000 0.0000 0.0000 b 0.2040 1.2500 1.3044 1.2961 0.2500 0.2500 0.2500 0.2500 0.0000 0.0000 0.0000 0.0000 0.0000 
main 7.0000 8.0000 62.0000 10.0000 2.0000 10.0000 9.0000 1.0000 0.0586 0.2495 2.2454 0.0349 0.0588 b 0.1880 2.4954 1.1653 1.1570 0.1849 0.3289 0.2854 0.2105 0.1810 0.2256 0.2643 0.2252 0.3396 
main 7.0000 8.0000 31.0000 7.0000 1.0000 7.0000 6.0000 0.0000 0.0000 0.2500 1.5000 0.0000 0.0000 b 0.1830 1.7500 1.1005 1.0922 0.2500 0.2500 0.2500 0.2500 0.2500 0.2500 0.0000 0.0000 0.0000 
main 7.0000 8.0000 5.0000 5.0000 0.0000 5.0000 4.0000 1.0000 0.0491 0.2494 0.9978 0.0349 0.0588 b 0.1760 1.2478 1.0464 1.0381 0.2964 0.2424 0.2753 0.1837 0.0000 0.0000 0.0000 0.0000 0.0000 
main 7.0000 8.0000 10.0000 7.0000 1.0000 7.0000 6.0000 0.0000 0.0000 0.2500 1.5000 0.0000 0.0000 b 0.1360 1.7500 1.1520 1.1437 0.2500 0.2500 0.2500 0.2500 0.2500 0.2500 0.0000 0.0000 0.0000 
main 7.0000 8.0000 49.0000 6.0000 0.0000 6.0000 5.0000 0.0000 0.0000 0.2500 1.2500 0.0000 0.0000 b 0.1320 1.5000 1.3486 1.3403 0.2500 0.2500 0.2500 0.2500 0.2500 0.0000 0.0000 0.0000 0.0000 
main 7.0000 8.0000 63.0000 10.0000 2.0000 10.0000 9.0000 2.0000 0.0922 0.2501 2.2507 0.0906 0.1145 b 0.1420 2.5007 1.2089 1.2006 0.2836 0.3703 0.1999 0.1615 0.2132 0.1641 0.3980 0.3030 0.1572 
main 7.0000 8.0000 37.0000 9.0000 1.0000 9.0000 8.0000 0.0000 0.0000 0.2500 2.0000 0.0000 0.0000 b 0.1660 2.2500 1.2528 1.2444 0.2500 0.2500 0.2500 0.2500 0.2500 0.2500 0.2500 0.2500 0.0000 
main 7.0000 8.0000 20.0000 10.0000 2.0000 10.0000 9.0000 1.0000 0.0502 0.2497 2.2477 0.0349 0.0588 b 0.1450 2.4977 1.2657 1.2574 0.2204 0.3260 0.2926 0.2340 0.2038 0.2363 0.3193 0.1888 0.2267 
main 7.0000 8.0000 21.0000 10.0000 2.0000 10.0000 9.0000 2.0000 0.0916 0.2500 2.2498 0.0906 0.1145 b 0.2280 2.4998 1.3326 1.3242 0.2372 0.3979 0.1560 0.1954 0.3749 0.2202 0.1670 0.3208 0.1803 
main 7.0000 8.0000 3.0000 4.0000 0.0000 4.0000 3.0000 2.0000 0.0909 0.2509 0.7527 0.0906 0.1145 b 0.1980 1.0027 1.4463 1.4380 0.2491 0.3428 0.1609 0.0000 0.0000 0.0000 0.0000 0.0000 0.0000 
main 7.0000 8.0000 51.0000 6.0000 0.0000 6.0000 5.0000 2.0000 0.0925 0.2510 1.2549 0.0906 0.1145 b 0.1880 1.5049 1.1617 1.1534 0.2106 0.3737 0.1570 0.1910 0.3225 0.0000 0.0000 0.0000 0.0000 
main 7.0000 8.0000 33.0000 7.0000 1.0000 7.0000 6.0000 2.0000 0.0920 0.2497 1.4983 0.0906 0.1145 b 0.1890 1.7483 1.1523 1.1439 0.3462 0.1728 0.2130 0.2396 0.1510 0.3757 0.0000 0.0000 0.0000 
main 7.0000 8.0000 41.0000 10.0000 2.0000 10.0000 9.0000 1.0000 0.0577 0.2505 2.2545 0.0349 0.0588 b 0.1980 2.5045 1.4997 1.4914 0.2455 0.1845 0.2543 0.2270 0.2924 0.1815 0.2518 0.3735 0.2440 
main 7.0000 8.0000 16.0000 9.0000 1.0000 9.0000 8.0000 0.0000 0.0000 0.2500 2.0000 0.0000 0.0000 b 0.1890 2.2500 1.4662 1.4579 0.2500 0.2500 0.2500 0.2500 0.2500 0.2500 0.2500 0.2500 0.0000 
main 7.0000 8.0000 55.0000 8.0000 1.0000 8.0000 7.0000 0.0000 0.0000 0.2500 1.7500 0.0000 0.0000 b 0.1690 2.0000 1.4226 1.4143 0.2500 0.2500 0.2500 0.2500 0.2500 0.2500 0.2500 0.0000 0.0000 
main 7.0000 8.0000 30.0000 6.0000 0.0000 6.0000 5.0000 2.0000 0.0985 0.2508 1.2540 0.0906 0.1145 b 0.1680 1.5040 1.0339 1.0256 0.3953 0.1508 0.2981 0.2322 0.1776 0.0000 0.0000 0.0000 0.0000 
main 7.0000 8.0000 50.0000 6.0000 0.0000 6.0000 5.0000 1.0000 0.0512 0.2507 1.2533 0.0349 0.0588 b 0.1540 1.5033 1.3255 1.3172 0.2251 0.2750 0.3028 0.1742 0.2761 0.0000 0.0000 0.0000 0.0000 
main 7.0000 8.0000 8.0000 6.0000 0.0000 6.0000 5.0000 1.0000 0.0391 0.2502 1.2511 0.0349 0.0588 b 0.2020 1.5011 1.2842 1.2758 0.2536 0.2909 0.2298 0.2817 0.1951 0.0000 0.0000 0.0000 0.0000 
main 7.0000 8.0000 60.0000 9.0000 1.0000 9.0000 8.0000 2.0000 0.0927 0.2495 1.9958 0.0906 0.1145 b 0.1980 2.2458 1.1124 1.1041 0.1531 0.3427 0.1838 0.3296 0.3626 0.1691 0.3025 0.1526 0.0000 
main 7.0000 8.0000 47.0000 5.0000 0.0000 5.0000 4.0000 1.0000 0.0561 0.2490 0.9960 0.0349 0.0588 b 0.1530 1.2460 1.0974 1.0891 0.1803 0.3112 0.2317 0.2729 0.0000 0.0000 0.0000 0.0000 0.0000 
main 7.0000 8.0000 6.0000 5.0000 0.0000 5.0000 4.0000 2.0000 0.0928 0.2496 0.9986 0.0906 0.1145 b 0.1370 1.2486 1.2368 1.2285 0.2276 0.3828 0.1674 0.2208 0.0000 0.0000 0.0000 0.0000 0.0000 
main 7.0000 8.0000 48.0000 5.0000 0.0000 5.0000 4.0000 2.0000 0.0910 0.2511 1.0043 0.0906 0.1145 b 0.1890 1.2543 1.1552 1.1469 0.1776 0.3756 0.2621 0.1891 0.0000 0.0000 0.0000 0.0000 0.0000 
main 7.0000 8.0000 61.0000 10.0000 2.0000 10.0000 9.0000 0.0000 0.0000 0.2500 2.2500 0.0000 0.0000 b 0.1470 2.5000 1.2257 1.2173 0.2500 0.2500 0.2500 0.2500 0.2500 0.2500 0.2500 0.2500 0.2500 
main 7.0000 8.0000 28.0000 6.0000 0.0000 6.0000 5.0000 0.0000 0.0000 0.2500 1.2500 0.0000 0.0000 b 0.1520 1.5000 1.4708 1.4624 0.2500 0.2500 0.2500 0.2500 0.2500 0.0000 0.0000 0.0000 0.0000 
main 7.0000 8.0000 27.0000 5.0000 0.0000 5.0000 4.0000 2.0000 0.0954 0.2499 0.9995 0.0906 0.1145 b 0.1760 1.2495 1.1260 1.1177 0.1999 0.2652 0.3766 0.1578 0.0000 0.0000 0.0000 0.0000 0.0000 
main 7.0000 8.0000 35.0000 8.0000 1.0000 8.0000 7.0000 1.0000 0.0519 0.2496 1.7470 0.0349 0.0588 b 0.2900 1.9970 1.2111 1.2027 0.3190 0.1757 0.2419 0.2677 0.2958 0.1918 0.2550 0.0000 0.0000 
main 7.0000 8.0000 53.0000 7.0000 1.0000 7.0000 6.0000 1.0000 0.0452 0.2507 1.5043 0.0349 0.0588 b 0.1560 1.7543 1.1263 1.1179 0.3109 0.2180 0.1891 0.2837 0.2338 0.2689 0.0000 0.0000 0.0000 
main 7.0000 8.0000 56.0000 8.0000 1.0000 8.0000 7.0000 1.0000 0.0531 0.2502 1.7516 0.0349 0.0588 b 0.1540 2.0016 1.3237 1.3153 0.2496 0.3498 0.2637 0.1920 0.2650 0.2358 0.1956 0.0000 0.0000 
main 7.0000 8.0000 45.0000 4.0000 0.0000 4.0000 3.0000 2.0000 0.0930 0.2486 0.7458 0.0906 0.1145 b 0.2390 0.9958 1.0711 1.0628 0.2237 0.3515 0.1706 0.0000 0.0000 0.0000 0.0000 0.0000 0.0000 
main 7.0000 8.0000 13.0000 8.0000 1.0000 8.0000 7.0000 0.0000 0.0000 0.2500 1.7500 0.0000 0.0000 b 0.1600 2.0000 1.1807 1.1723 0.2500 0.2500 0.2500 0.2500 0.2500 0.2500 0.2500 0.0000 0.0000 
main 7.0000 8.0000 18.0000 9.0000 1.0000 9.0000 8.0000 2.0000 0.0967 0.2505 2.0041 0.0906 0.1145 b 0.1710 2.2541 1.1273 1.1189 0.2663 0.2139 0.1596 0.2701 0.3799 0.1571 0.3974 0.1599 0.0000 
main 7.0000 8.0000 22.0000 4.0000 0.0000 4.0000 3.0000 0.0000 0.0000 0.2500 0.7500 0.0000 0.0000 b 0.2780 1.0000 1.0451 1.0368 0.2500 0.2500 0.2500 0.0000 0.0000 0.0000 0.0000 0.0000 0.0000 
main 7.0000 8.0000 43.0000 4.0000 0.0000 4.0000 3.0000 0.0000 0.0000 0.2500 0.7500 0.0000 0.0000 b 0.2070 1.0000 1.2015 1.1932 0.2500 0.2500 0.2500 0.0000 0.0000 0.0000 0.0000 0.0000 0.0000 
main 7.0000 8.0000 24.0000 4.0000 0.0000 4.0000 3.0000 2.0000 0.1021 0.2492 0.7475 0.0906 0.1145 b 0.1750 0.9975 1.3137 1.3054 0.2241 0.3615 0.1619 0.0000 0.0000 0.0000 0.0000 0.0000 0.0000 
main 7.0000 8.0000 29.0000 6.0000 0.0000 6.0000 5.0000 1.0000 0.0584 0.2507 1.2533 0.0349 0.0588 b 0.1550 1.5033 1.1526 1.1443 0.3220 0.2425 0.2829 0.1650 0.2410 0.0000 0.0000 0.0000 0.0000 
main 7.0000 8.0000 57.0000 8.0000 1.0000 8.0000 7.0000 2.0000 0.0906 0.2500 1.7501 0.0906 0.1145 b 0.1470 2.0001 1.1066 1.0983 0.2845 0.1654 0.3369 0.2517 0.1703 0.3850 0.1563 0.0000 0.0000 
main 7.0000 8.0000 42.0000 10.0000 2.0000 10.0000 9.0000 2.0000 0.0962 0.2496 2.2461 0.0906 0.1145 b 0.1590 2.4961 1.1939 1.1856 0.2852 0.1596 0.2711 0.3979 0.1688 0.3994 0.2167 0.1910 0.1564 
main 7.0000 8.0000 23.0000 4.0000 0.0000 4.0000 3.0000 1.0000 0.0488 0.2498 0.7494 0.0349 0.0588 b 0.3620 0.9994 1.3980 1.3896 0.2446 0.2038 0.3010 0.0000 0.0000 0.0000 0.0000 0.0000 0.0000 
