group subNo block index seqDur shortLong nTargets nIOI rhythmicVarTAG seqSTD seqMeanIOI seqSumIOI Lowbound Upbound pressedKey rt seqDuration startInterval trialDuration IOI1 IOI2 IOI3 IOI4 IOI5 IOI6 IOI7 IOI8 IOI9 
main 3.0000 1.0000 53.0000 7.0000 1.0000 7.0000 6.0000 1.0000 0.0558 0.2498 1.4990 0.0349 0.0588 b 0.3030 1.7490 1.0794 2.8246 0.2433 0.1613 0.2952 0.2138 0.2748 0.3106 0.0000 0.0000 0.0000 
main 3.0000 1.0000 51.0000 6.0000 0.0000 6.0000 5.0000 2.0000 0.0934 0.2494 1.2468 0.0906 0.1145 b 0.3000 1.4968 1.3635 2.8557 0.3587 0.1619 0.2044 0.3415 0.1802 0.0000 0.0000 0.0000 0.0000 
main 3.0000 1.0000 24.0000 4.0000 0.0000 4.0000 3.0000 2.0000 0.0969 0.2505 0.7514 0.0906 0.1145 b 0.2810 1.0014 1.0418 2.0435 0.3582 0.1705 0.2227 0.0000 0.0000 0.0000 0.0000 0.0000 0.0000 
main 3.0000 1.0000 55.0000 8.0000 1.0000 8.0000 7.0000 0.0000 0.0000 0.2500 1.7500 0.0000 0.0000 b 0.2260 2.0000 1.3378 3.3423 0.2500 0.2500 0.2500 0.2500 0.2500 0.2500 0.2500 0.0000 0.0000 
main 3.0000 1.0000 63.0000 10.0000 2.0000 10.0000 9.0000 2.0000 0.0910 0.2499 2.2491 0.0906 0.1145 b 0.3810 2.4991 1.2446 3.7414 0.1995 0.1610 0.2906 0.3655 0.1908 0.3984 0.1732 0.3018 0.1683 
main 3.0000 1.0000 30.0000 6.0000 0.0000 6.0000 5.0000 2.0000 0.0980 0.2498 1.2492 0.0906 0.1145 b 0.2920 1.4992 1.1834 2.6749 0.3180 0.3829 0.1501 0.2205 0.1776 0.0000 0.0000 0.0000 0.0000 
main 3.0000 1.0000 40.0000 10.0000 2.0000 10.0000 9.0000 0.0000 0.0000 0.2500 2.2500 0.0000 0.0000 b 0.5720 2.5000 1.2769 3.7756 0.2500 0.2500 0.2500 0.2500 0.2500 0.2500 0.2500 0.2500 0.2500 
main 3.0000 1.0000 34.0000 8.0000 1.0000 8.0000 7.0000 0.0000 0.0000 0.2500 1.7500 0.0000 0.0000 b 0.2390 2.0000 1.4105 3.4091 0.2500 0.2500 0.2500 0.2500 0.2500 0.2500 0.2500 0.0000 0.0000 
main 3.0000 1.0000 58.0000 9.0000 1.0000 9.0000 8.0000 0.0000 0.0000 0.2500 2.0000 0.0000 0.0000 b 0.2830 2.2500 1.1963 3.4590 0.2500 0.2500 0.2500 0.2500 0.2500 0.2500 0.2500 0.2500 0.0000 
main 3.0000 1.0000 43.0000 4.0000 0.0000 4.0000 3.0000 0.0000 0.0000 0.2500 0.7500 0.0000 0.0000 b 0.3870 1.0000 1.0129 2.0256 0.2500 0.2500 0.2500 0.0000 0.0000 0.0000 0.0000 0.0000 0.0000 
main 3.0000 1.0000 54.0000 7.0000 1.0000 7.0000 6.0000 2.0000 0.0995 0.2497 1.4983 0.0906 0.1145 b 0.2700 1.7483 1.2002 2.9572 0.1555 0.3497 0.1780 0.3900 0.2518 0.1733 0.0000 0.0000 0.0000 
main 3.0000 1.0000 37.0000 9.0000 1.0000 9.0000 8.0000 0.0000 0.0000 0.2500 2.0000 0.0000 0.0000 b 0.2250 2.2500 1.0746 3.3254 0.2500 0.2500 0.2500 0.2500 0.2500 0.2500 0.2500 0.2500 0.0000 
main 3.0000 1.0000 4.0000 5.0000 0.0000 5.0000 4.0000 0.0000 0.0000 0.2500 1.0000 0.0000 0.0000 b 0.3710 1.2500 1.1783 2.4256 0.2500 0.2500 0.2500 0.2500 0.0000 0.0000 0.0000 0.0000 0.0000 
main 3.0000 1.0000 38.0000 9.0000 1.0000 9.0000 8.0000 1.0000 0.0565 0.2497 1.9976 0.0349 0.0588 b 0.1600 2.2476 1.4622 3.7066 0.2195 0.2762 0.2436 0.3568 0.1649 0.2432 0.2780 0.2154 0.0000 
main 3.0000 1.0000 46.0000 5.0000 0.0000 5.0000 4.0000 0.0000 0.0000 0.2500 1.0000 0.0000 0.0000 b 0.2720 1.2500 1.0843 2.3421 0.2500 0.2500 0.2500 0.2500 0.0000 0.0000 0.0000 0.0000 0.0000 
main 3.0000 1.0000 62.0000 10.0000 2.0000 10.0000 9.0000 1.0000 0.0537 0.2495 2.2458 0.0349 0.0588 b 0.3100 2.4958 1.0625 3.5546 0.1971 0.2640 0.1647 0.3095 0.2817 0.2186 0.2728 0.2140 0.3235 
main 3.0000 1.0000 23.0000 4.0000 0.0000 4.0000 3.0000 1.0000 0.0488 0.2511 0.7532 0.0349 0.0588 b 0.3740 1.0032 1.1936 2.1953 0.2559 0.2000 0.2972 0.0000 0.0000 0.0000 0.0000 0.0000 0.0000 
main 3.0000 1.0000 39.0000 9.0000 1.0000 9.0000 8.0000 2.0000 0.0947 0.2496 1.9964 0.0906 0.1145 b 0.2260 2.2464 1.3129 3.5555 0.3719 0.3362 0.2253 0.1840 0.1507 0.2036 0.1545 0.3701 0.0000 
main 3.0000 1.0000 57.0000 8.0000 1.0000 8.0000 7.0000 2.0000 0.1008 0.2496 1.7474 0.0906 0.1145 b 0.3090 1.9974 1.3551 3.3564 0.1654 0.2766 0.3877 0.1870 0.1545 0.1928 0.3833 0.0000 0.0000 
main 3.0000 1.0000 60.0000 9.0000 1.0000 9.0000 8.0000 2.0000 0.0941 0.2502 2.0015 0.0906 0.1145 b 0.3020 2.2515 1.4489 3.6937 0.1502 0.3959 0.2251 0.3633 0.1645 0.2939 0.1606 0.2480 0.0000 
main 3.0000 1.0000 3.0000 4.0000 0.0000 4.0000 3.0000 2.0000 0.1002 0.2511 0.7534 0.0906 0.1145 b 0.3980 1.0034 1.4117 2.4124 0.1544 0.3545 0.2445 0.0000 0.0000 0.0000 0.0000 0.0000 0.0000 
main 3.0000 1.0000 52.0000 7.0000 1.0000 7.0000 6.0000 0.0000 0.0000 0.2500 1.5000 0.0000 0.0000 b 0.3380 1.7500 1.2613 3.0089 0.2500 0.2500 0.2500 0.2500 0.2500 0.2500 0.0000 0.0000 0.0000 
main 3.0000 1.0000 11.0000 7.0000 1.0000 7.0000 6.0000 1.0000 0.0454 0.2500 1.5000 0.0349 0.0588 b 0.2270 1.7500 1.3522 3.0924 0.1966 0.2999 0.2578 0.2887 0.2636 0.1934 0.0000 0.0000 0.0000 
main 3.0000 1.0000 6.0000 5.0000 0.0000 5.0000 4.0000 2.0000 0.1102 0.2503 1.0011 0.0906 0.1145 b 0.2850 1.2511 1.0860 2.3432 0.2699 0.1812 0.1524 0.3975 0.0000 0.0000 0.0000 0.0000 0.0000 
main 3.0000 1.0000 59.0000 9.0000 1.0000 9.0000 8.0000 1.0000 0.0539 0.2504 2.0035 0.0349 0.0588 b 0.1960 2.2535 1.0735 3.3289 0.2537 0.2136 0.3055 0.2696 0.1633 0.3290 0.2089 0.2599 0.0000 
main 3.0000 1.0000 50.0000 6.0000 0.0000 6.0000 5.0000 1.0000 0.0409 0.2502 1.2511 0.0349 0.0588 b 0.2100 1.5011 1.4048 2.9100 0.2949 0.2016 0.2751 0.2125 0.2670 0.0000 0.0000 0.0000 0.0000 
main 3.0000 1.0000 42.0000 10.0000 2.0000 10.0000 9.0000 2.0000 0.0983 0.2497 2.2469 0.0906 0.1145 b 0.3560 2.4969 1.0819 3.5891 0.1621 0.3405 0.1756 0.2018 0.3676 0.2803 0.1623 0.3998 0.1569 
main 3.0000 1.0000 10.0000 7.0000 1.0000 7.0000 6.0000 0.0000 0.0000 0.2500 1.5000 0.0000 0.0000 b 0.3990 1.7500 1.2330 2.9921 0.2500 0.2500 0.2500 0.2500 0.2500 0.2500 0.0000 0.0000 0.0000 
main 3.0000 1.0000 41.0000 10.0000 2.0000 10.0000 9.0000 1.0000 0.0423 0.2497 2.2473 0.0349 0.0588 b 0.3710 2.4973 1.0726 3.5729 0.2874 0.2141 0.2667 0.3084 0.2452 0.2830 0.2507 0.1741 0.2175 
main 3.0000 1.0000 19.0000 10.0000 2.0000 10.0000 9.0000 0.0000 0.0000 0.2500 2.2500 0.0000 0.0000 b 0.2440 2.5000 1.1290 3.6255 0.2500 0.2500 0.2500 0.2500 0.2500 0.2500 0.2500 0.2500 0.2500 
main 3.0000 1.0000 56.0000 8.0000 1.0000 8.0000 7.0000 1.0000 0.0576 0.2498 1.7485 0.0349 0.0588 b 0.3990 1.9985 1.1366 3.1406 0.3322 0.2610 0.2987 0.1671 0.1952 0.2670 0.2274 0.0000 0.0000 
main 3.0000 1.0000 26.0000 5.0000 0.0000 5.0000 4.0000 1.0000 0.0452 0.2504 1.0018 0.0349 0.0588 b 0.3980 1.2518 1.2307 2.4775 0.2638 0.3007 0.1922 0.2450 0.0000 0.0000 0.0000 0.0000 0.0000 
main 3.0000 1.0000 33.0000 7.0000 1.0000 7.0000 6.0000 2.0000 0.0991 0.2492 1.4950 0.0906 0.1145 b 0.3460 1.7450 1.4287 3.1707 0.2257 0.1596 0.2171 0.3900 0.3505 0.1522 0.0000 0.0000 0.0000 
main 3.0000 1.0000 36.0000 8.0000 1.0000 8.0000 7.0000 2.0000 0.0982 0.2494 1.7457 0.0906 0.1145 b 0.4150 1.9957 1.2186 3.2045 0.2320 0.3709 0.2384 0.3979 0.1524 0.1958 0.1584 0.0000 0.0000 
main 3.0000 1.0000 25.0000 5.0000 0.0000 5.0000 4.0000 0.0000 0.0000 0.2500 1.0000 0.0000 0.0000 b 0.2790 1.2500 1.0082 2.2588 0.2500 0.2500 0.2500 0.2500 0.0000 0.0000 0.0000 0.0000 0.0000 
main 3.0000 1.0000 35.0000 8.0000 1.0000 8.0000 7.0000 1.0000 0.0576 0.2502 1.7516 0.0349 0.0588 b 0.4440 2.0016 1.4699 3.4606 0.3320 0.1997 0.2480 0.1773 0.3003 0.2097 0.2846 0.0000 0.0000 
main 3.0000 1.0000 28.0000 6.0000 0.0000 6.0000 5.0000 0.0000 0.0000 0.2500 1.2500 0.0000 0.0000 b 0.1940 1.5000 1.3726 2.8590 0.2500 0.2500 0.2500 0.2500 0.2500 0.0000 0.0000 0.0000 0.0000 
main 3.0000 1.0000 2.0000 4.0000 0.0000 4.0000 3.0000 1.0000 0.0442 0.2490 0.7469 0.0349 0.0588 b 0.2820 0.9969 1.3383 2.3226 0.2452 0.2950 0.2068 0.0000 0.0000 0.0000 0.0000 0.0000 0.0000 
main 3.0000 1.0000 49.0000 6.0000 0.0000 6.0000 5.0000 0.0000 0.0000 0.2500 1.2500 0.0000 0.0000 b 0.3650 1.5000 1.2180 2.7255 0.2500 0.2500 0.2500 0.2500 0.2500 0.0000 0.0000 0.0000 0.0000 
main 3.0000 1.0000 18.0000 9.0000 1.0000 9.0000 8.0000 2.0000 0.0933 0.2500 1.9999 0.0906 0.1145 b 0.3160 2.2499 1.2040 3.4587 0.3936 0.2089 0.2920 0.1967 0.1538 0.2278 0.3727 0.1543 0.0000 
main 3.0000 1.0000 48.0000 5.0000 0.0000 5.0000 4.0000 2.0000 0.0981 0.2494 0.9975 0.0906 0.1145 b 0.2630 1.2475 1.1996 2.4564 0.3801 0.1571 0.2658 0.1946 0.0000 0.0000 0.0000 0.0000 0.0000 
main 3.0000 1.0000 22.0000 4.0000 0.0000 4.0000 3.0000 0.0000 0.0000 0.2500 0.7500 0.0000 0.0000 b 0.5500 1.0000 1.2609 2.2590 0.2500 0.2500 0.2500 0.0000 0.0000 0.0000 0.0000 0.0000 0.0000 
main 3.0000 1.0000 61.0000 10.0000 2.0000 10.0000 9.0000 0.0000 0.0000 0.2500 2.2500 0.0000 0.0000 b 0.2120 2.5000 1.0626 3.5587 0.2500 0.2500 0.2500 0.2500 0.2500 0.2500 0.2500 0.2500 0.2500 
main 3.0000 1.0000 13.0000 8.0000 1.0000 8.0000 7.0000 0.0000 0.0000 0.2500 1.7500 0.0000 0.0000 b 0.2440 2.0000 1.4414 3.4424 0.2500 0.2500 0.2500 0.2500 0.2500 0.2500 0.2500 0.0000 0.0000 
main 3.0000 1.0000 27.0000 5.0000 0.0000 5.0000 4.0000 2.0000 0.1105 0.2489 0.9958 0.0906 0.1145 b 0.2710 1.2458 1.1202 2.3713 0.1660 0.2727 0.3957 0.1614 0.0000 0.0000 0.0000 0.0000 0.0000 
main 3.0000 1.0000 14.0000 8.0000 1.0000 8.0000 7.0000 1.0000 0.0543 0.2499 1.7495 0.0349 0.0588 b 0.2950 1.9995 1.2290 3.2251 0.1907 0.3175 0.2687 0.2346 0.3155 0.1817 0.2409 0.0000 0.0000 
main 3.0000 1.0000 44.0000 4.0000 0.0000 4.0000 3.0000 1.0000 0.0364 0.2484 0.7453 0.0349 0.0588 b 0.2810 0.9953 1.4717 2.4709 0.2097 0.2819 0.2536 0.0000 0.0000 0.0000 0.0000 0.0000 0.0000 
main 3.0000 1.0000 1.0000 4.0000 0.0000 4.0000 3.0000 0.0000 0.0000 0.2500 0.7500 0.0000 0.0000 b 0.2730 1.0000 1.2283 2.2255 0.2500 0.2500 0.2500 0.0000 0.0000 0.0000 0.0000 0.0000 0.0000 
main 3.0000 1.0000 9.0000 6.0000 0.0000 6.0000 5.0000 2.0000 0.0918 0.2501 1.2505 0.0906 0.1145 b 0.2700 1.5005 1.2184 2.7094 0.1689 0.2023 0.3734 0.1835 0.3223 0.0000 0.0000 0.0000 0.0000 
main 3.0000 1.0000 45.0000 4.0000 0.0000 4.0000 3.0000 2.0000 0.1044 0.2506 0.7519 0.0906 0.1145 b 0.4060 1.0019 1.2334 2.2275 0.1781 0.3703 0.2035 0.0000 0.0000 0.0000 0.0000 0.0000 0.0000 
main 3.0000 1.0000 12.0000 7.0000 1.0000 7.0000 6.0000 2.0000 0.0980 0.2507 1.5043 0.0906 0.1145 b 0.3780 1.7543 1.4084 3.1633 0.3982 0.1803 0.2588 0.1543 0.3334 0.1793 0.0000 0.0000 0.0000 
main 3.0000 1.0000 21.0000 10.0000 2.0000 10.0000 9.0000 2.0000 0.0915 0.2500 2.2501 0.0906 0.1145 b 0.3590 2.5001 1.1732 3.6757 0.3823 0.1984 0.1661 0.3943 0.2220 0.1610 0.2333 0.1760 0.3168 
main 3.0000 1.0000 7.0000 6.0000 0.0000 6.0000 5.0000 0.0000 0.0000 0.2500 1.2500 0.0000 0.0000 b 0.2990 1.5000 1.3870 2.8757 0.2500 0.2500 0.2500 0.2500 0.2500 0.0000 0.0000 0.0000 0.0000 
main 3.0000 1.0000 32.0000 7.0000 1.0000 7.0000 6.0000 1.0000 0.0532 0.2492 1.4954 0.0349 0.0588 b 0.1870 1.7454 1.0150 2.7542 0.2592 0.2206 0.1635 0.2623 0.3228 0.2670 0.0000 0.0000 0.0000 
main 3.0000 1.0000 15.0000 8.0000 1.0000 8.0000 7.0000 2.0000 0.1022 0.2498 1.7486 0.0906 0.1145 b 0.2970 1.9986 1.1080 3.1073 0.1502 0.3746 0.1522 0.2132 0.2915 0.1777 0.3892 0.0000 0.0000 
main 3.0000 1.0000 29.0000 6.0000 0.0000 6.0000 5.0000 1.0000 0.0579 0.2509 1.2544 0.0349 0.0588 b 0.3660 1.5044 1.4854 2.9968 0.2300 0.2932 0.3271 0.1848 0.2193 0.0000 0.0000 0.0000 0.0000 
main 3.0000 1.0000 20.0000 10.0000 2.0000 10.0000 9.0000 1.0000 0.0573 0.2497 2.2470 0.0349 0.0588 b 0.3600 2.4970 1.1264 3.6224 0.2872 0.2601 0.1992 0.2370 0.1598 0.2894 0.3353 0.2887 0.1904 
main 3.0000 1.0000 16.0000 9.0000 1.0000 9.0000 8.0000 0.0000 0.0000 0.2500 2.0000 0.0000 0.0000 b 0.3050 2.2500 1.2457 3.4922 0.2500 0.2500 0.2500 0.2500 0.2500 0.2500 0.2500 0.2500 0.0000 
main 3.0000 1.0000 17.0000 9.0000 1.0000 9.0000 8.0000 1.0000 0.0570 0.2500 1.9997 0.0349 0.0588 b 0.2890 2.2497 1.0354 3.2918 0.2895 0.1822 0.2785 0.1923 0.2389 0.1896 0.3275 0.3012 0.0000 
main 3.0000 1.0000 5.0000 5.0000 0.0000 5.0000 4.0000 1.0000 0.0384 0.2511 1.0043 0.0349 0.0588 b 0.3150 1.2543 1.0826 2.3464 0.2060 0.2965 0.2637 0.2381 0.0000 0.0000 0.0000 0.0000 0.0000 
main 3.0000 1.0000 47.0000 5.0000 0.0000 5.0000 4.0000 1.0000 0.0518 0.2496 0.9983 0.0349 0.0588 b 0.2890 1.2483 1.3958 2.6408 0.2310 0.2726 0.3071 0.1875 0.0000 0.0000 0.0000 0.0000 0.0000 
main 3.0000 1.0000 8.0000 6.0000 0.0000 6.0000 5.0000 1.0000 0.0390 0.2497 1.2487 0.0349 0.0588 b 0.2340 1.4987 1.4223 2.9245 0.2648 0.2044 0.2772 0.2122 0.2901 0.0000 0.0000 0.0000 0.0000 
main 3.0000 1.0000 31.0000 7.0000 1.0000 7.0000 6.0000 0.0000 0.0000 0.2500 1.5000 0.0000 0.0000 b 0.2740 1.7500 1.4769 3.2258 0.2500 0.2500 0.2500 0.2500 0.2500 0.2500 0.0000 0.0000 0.0000 
main 3.0000 2.0000 45.0000 4.0000 0.0000 4.0000 3.0000 2.0000 0.1010 0.2497 0.7490 0.0906 0.1145 b 0.2310 0.9990 1.1266 2.1245 0.3581 0.2328 0.1582 0.0000 0.0000 0.0000 0.0000 0.0000 0.0000 
main 3.0000 2.0000 5.0000 5.0000 0.0000 5.0000 4.0000 1.0000 0.0445 0.2493 0.9971 0.0349 0.0588 b 0.2850 1.2471 1.2737 2.5061 0.2689 0.1919 0.2404 0.2959 0.0000 0.0000 0.0000 0.0000 0.0000 
main 3.0000 2.0000 33.0000 7.0000 1.0000 7.0000 6.0000 2.0000 0.1038 0.2498 1.4988 0.0906 0.1145 b 0.3070 1.7488 1.0948 2.8576 0.3964 0.1851 0.1571 0.3522 0.1544 0.2536 0.0000 0.0000 0.0000 
main 3.0000 2.0000 42.0000 10.0000 2.0000 10.0000 9.0000 2.0000 0.0931 0.2502 2.2520 0.0906 0.1145 b 0.2180 2.5020 1.1822 3.6942 0.2050 0.1764 0.3905 0.3342 0.3769 0.2428 0.1511 0.2133 0.1619 
main 3.0000 2.0000 59.0000 9.0000 1.0000 9.0000 8.0000 1.0000 0.0586 0.2494 1.9953 0.0349 0.0588 b 0.2090 2.2453 1.1867 3.4375 0.2982 0.1590 0.2755 0.1848 0.3134 0.2037 0.2969 0.2638 0.0000 
main 3.0000 2.0000 41.0000 10.0000 2.0000 10.0000 9.0000 1.0000 0.0519 0.2500 2.2502 0.0349 0.0588 b 0.2720 2.5002 1.2948 3.7926 0.2167 0.2993 0.3441 0.1971 0.2477 0.1973 0.2758 0.2004 0.2719 
main 3.0000 2.0000 56.0000 8.0000 1.0000 8.0000 7.0000 1.0000 0.0543 0.2500 1.7502 0.0349 0.0588 b 0.2810 2.0002 1.2041 3.2091 0.3001 0.1950 0.2850 0.1755 0.2198 0.3162 0.2585 0.0000 0.0000 
main 3.0000 2.0000 32.0000 7.0000 1.0000 7.0000 6.0000 1.0000 0.0565 0.2504 1.5026 0.0349 0.0588 b 0.4170 1.7526 1.4164 3.1781 0.2050 0.3175 0.2237 0.3224 0.1916 0.2423 0.0000 0.0000 0.0000 
main 3.0000 2.0000 12.0000 7.0000 1.0000 7.0000 6.0000 2.0000 0.0916 0.2500 1.5003 0.0906 0.1145 b 0.3900 1.7503 1.3127 3.0593 0.1980 0.3012 0.1542 0.3010 0.3821 0.1637 0.0000 0.0000 0.0000 
main 3.0000 2.0000 2.0000 4.0000 0.0000 4.0000 3.0000 1.0000 0.0429 0.2503 0.7510 0.0349 0.0588 b 0.3620 1.0010 1.1921 2.1933 0.2914 0.2058 0.2539 0.0000 0.0000 0.0000 0.0000 0.0000 0.0000 
main 3.0000 2.0000 51.0000 6.0000 0.0000 6.0000 5.0000 2.0000 0.0948 0.2492 1.2460 0.0906 0.1145 b 0.1920 1.4960 1.2974 2.7881 0.3922 0.2944 0.1691 0.2195 0.1708 0.0000 0.0000 0.0000 0.0000 
main 3.0000 2.0000 34.0000 8.0000 1.0000 8.0000 7.0000 0.0000 0.0000 0.2500 1.7500 0.0000 0.0000 b 0.2240 2.0000 1.4552 3.4591 0.2500 0.2500 0.2500 0.2500 0.2500 0.2500 0.2500 0.0000 0.0000 
main 3.0000 2.0000 40.0000 10.0000 2.0000 10.0000 9.0000 0.0000 0.0000 0.2500 2.2500 0.0000 0.0000 b 0.1770 2.5000 1.0754 3.5756 0.2500 0.2500 0.2500 0.2500 0.2500 0.2500 0.2500 0.2500 0.2500 
main 3.0000 2.0000 54.0000 7.0000 1.0000 7.0000 6.0000 2.0000 0.0920 0.2492 1.4952 0.0906 0.1145 b 0.3380 1.7452 1.0046 2.7374 0.1761 0.2985 0.1507 0.3600 0.3339 0.1760 0.0000 0.0000 0.0000 
main 3.0000 2.0000 35.0000 8.0000 1.0000 8.0000 7.0000 1.0000 0.0561 0.2497 1.7476 0.0349 0.0588 b 0.2330 1.9976 1.0929 3.0898 0.1959 0.3101 0.1724 0.3092 0.2226 0.2945 0.2429 0.0000 0.0000 
main 3.0000 2.0000 38.0000 9.0000 1.0000 9.0000 8.0000 1.0000 0.0586 0.2504 2.0033 0.0349 0.0588 b 0.2450 2.2533 1.0935 3.3453 0.2722 0.2990 0.1846 0.2585 0.3193 0.1705 0.3030 0.1962 0.0000 
main 3.0000 2.0000 61.0000 10.0000 2.0000 10.0000 9.0000 0.0000 0.0000 0.2500 2.2500 0.0000 0.0000 b 0.3060 2.5000 1.2245 3.7090 0.2500 0.2500 0.2500 0.2500 0.2500 0.2500 0.2500 0.2500 0.2500 
main 3.0000 2.0000 57.0000 8.0000 1.0000 8.0000 7.0000 2.0000 0.0957 0.2504 1.7529 0.0906 0.1145 b 0.2690 2.0029 1.4386 3.4454 0.1506 0.2155 0.3736 0.2335 0.3900 0.1584 0.2312 0.0000 0.0000 
main 3.0000 2.0000 49.0000 6.0000 0.0000 6.0000 5.0000 0.0000 0.0000 0.2500 1.2500 0.0000 0.0000 b 0.2780 1.5000 1.0484 2.5589 0.2500 0.2500 0.2500 0.2500 0.2500 0.0000 0.0000 0.0000 0.0000 
main 3.0000 2.0000 25.0000 5.0000 0.0000 5.0000 4.0000 0.0000 0.0000 0.2500 1.0000 0.0000 0.0000 b 0.2250 1.2500 1.2468 2.5089 0.2500 0.2500 0.2500 0.2500 0.0000 0.0000 0.0000 0.0000 0.0000 
main 3.0000 2.0000 14.0000 8.0000 1.0000 8.0000 7.0000 1.0000 0.0566 0.2499 1.7493 0.0349 0.0588 b 0.1960 1.9993 1.1589 3.1581 0.2368 0.3224 0.2327 0.1956 0.2672 0.3188 0.1758 0.0000 0.0000 
main 3.0000 2.0000 58.0000 9.0000 1.0000 9.0000 8.0000 0.0000 0.0000 0.2500 2.0000 0.0000 0.0000 b 0.2240 2.2500 1.4800 3.7256 0.2500 0.2500 0.2500 0.2500 0.2500 0.2500 0.2500 0.2500 0.0000 
main 3.0000 2.0000 46.0000 5.0000 0.0000 5.0000 4.0000 0.0000 0.0000 0.2500 1.0000 0.0000 0.0000 b 0.2660 1.2500 1.1658 2.4256 0.2500 0.2500 0.2500 0.2500 0.0000 0.0000 0.0000 0.0000 0.0000 
main 3.0000 2.0000 31.0000 7.0000 1.0000 7.0000 6.0000 0.0000 0.0000 0.2500 1.5000 0.0000 0.0000 b 0.2890 1.7500 1.2496 3.0091 0.2500 0.2500 0.2500 0.2500 0.2500 0.2500 0.0000 0.0000 0.0000 
main 3.0000 2.0000 60.0000 9.0000 1.0000 9.0000 8.0000 2.0000 0.0965 0.2500 1.9999 0.0906 0.1145 b 0.2460 2.2499 1.0139 3.2587 0.1669 0.2467 0.1568 0.3930 0.1666 0.2672 0.3924 0.2103 0.0000 
main 3.0000 2.0000 15.0000 8.0000 1.0000 8.0000 7.0000 2.0000 0.0994 0.2506 1.7545 0.0906 0.1145 b 0.2750 2.0045 1.4843 3.4803 0.3380 0.1757 0.3451 0.1620 0.3827 0.1911 0.1599 0.0000 0.0000 
main 3.0000 2.0000 19.0000 10.0000 2.0000 10.0000 9.0000 0.0000 0.0000 0.2500 2.2500 0.0000 0.0000 b 0.4750 2.5000 1.0828 3.5754 0.2500 0.2500 0.2500 0.2500 0.2500 0.2500 0.2500 0.2500 0.2500 
main 3.0000 2.0000 36.0000 8.0000 1.0000 8.0000 7.0000 2.0000 0.0919 0.2502 1.7515 0.0906 0.1145 b 0.2770 2.0015 1.4995 3.4938 0.2642 0.1567 0.3628 0.1745 0.2480 0.1670 0.3783 0.0000 0.0000 
main 3.0000 2.0000 63.0000 10.0000 2.0000 10.0000 9.0000 2.0000 0.0920 0.2499 2.2487 0.0906 0.1145 b 0.4370 2.4987 1.3156 3.8078 0.2095 0.1642 0.3737 0.2207 0.1560 0.3839 0.1521 0.2605 0.3281 
main 3.0000 2.0000 24.0000 4.0000 0.0000 4.0000 3.0000 2.0000 0.0913 0.2494 0.7482 0.0906 0.1145 b 0.4110 0.9982 1.2836 2.2738 0.1750 0.2219 0.3513 0.0000 0.0000 0.0000 0.0000 0.0000 0.0000 
main 3.0000 2.0000 1.0000 4.0000 0.0000 4.0000 3.0000 0.0000 0.0000 0.2500 0.7500 0.0000 0.0000 b 0.2200 1.0000 1.3490 2.3422 0.2500 0.2500 0.2500 0.0000 0.0000 0.0000 0.0000 0.0000 0.0000 
main 3.0000 2.0000 13.0000 8.0000 1.0000 8.0000 7.0000 0.0000 0.0000 0.2500 1.7500 0.0000 0.0000 b 0.2120 2.0000 1.4243 3.4257 0.2500 0.2500 0.2500 0.2500 0.2500 0.2500 0.2500 0.0000 0.0000 
main 3.0000 2.0000 29.0000 6.0000 0.0000 6.0000 5.0000 1.0000 0.0382 0.2496 1.2482 0.0349 0.0588 b 0.3130 1.4982 1.4079 2.9074 0.2910 0.2582 0.1984 0.2771 0.2235 0.0000 0.0000 0.0000 0.0000 
main 3.0000 2.0000 6.0000 5.0000 0.0000 5.0000 4.0000 2.0000 0.1006 0.2509 1.0037 0.0906 0.1145 b 0.2360 1.2537 1.3876 2.6460 0.1723 0.2301 0.3976 0.2037 0.0000 0.0000 0.0000 0.0000 0.0000 
main 3.0000 2.0000 23.0000 4.0000 0.0000 4.0000 3.0000 1.0000 0.0490 0.2484 0.7453 0.0349 0.0588 b 0.2660 0.9953 1.3014 2.3043 0.1948 0.2598 0.2907 0.0000 0.0000 0.0000 0.0000 0.0000 0.0000 
main 3.0000 2.0000 52.0000 7.0000 1.0000 7.0000 6.0000 0.0000 0.0000 0.2500 1.5000 0.0000 0.0000 b 0.2320 1.7500 1.4655 3.2256 0.2500 0.2500 0.2500 0.2500 0.2500 0.2500 0.0000 0.0000 0.0000 
main 3.0000 2.0000 9.0000 6.0000 0.0000 6.0000 5.0000 2.0000 0.0941 0.2498 1.2490 0.0906 0.1145 b 0.2300 1.4990 1.3705 2.8745 0.1765 0.3802 0.3091 0.1547 0.2285 0.0000 0.0000 0.0000 0.0000 
main 3.0000 2.0000 26.0000 5.0000 0.0000 5.0000 4.0000 1.0000 0.0437 0.2496 0.9984 0.0349 0.0588 b 0.3400 1.2484 1.2860 2.5407 0.2217 0.2609 0.3063 0.2095 0.0000 0.0000 0.0000 0.0000 0.0000 
main 3.0000 2.0000 10.0000 7.0000 1.0000 7.0000 6.0000 0.0000 0.0000 0.2500 1.5000 0.0000 0.0000 b 0.3100 1.7500 1.2869 3.0421 0.2500 0.2500 0.2500 0.2500 0.2500 0.2500 0.0000 0.0000 0.0000 
main 3.0000 2.0000 7.0000 6.0000 0.0000 6.0000 5.0000 0.0000 0.0000 0.2500 1.2500 0.0000 0.0000 b 0.3040 1.5000 1.0358 2.5422 0.2500 0.2500 0.2500 0.2500 0.2500 0.0000 0.0000 0.0000 0.0000 
main 3.0000 2.0000 20.0000 10.0000 2.0000 10.0000 9.0000 1.0000 0.0570 0.2498 2.2485 0.0349 0.0588 b 0.2730 2.4985 1.1863 3.6907 0.1808 0.2211 0.2598 0.2259 0.2637 0.2932 0.3183 0.1627 0.3229 
main 3.0000 2.0000 39.0000 9.0000 1.0000 9.0000 8.0000 2.0000 0.0926 0.2496 1.9966 0.0906 0.1145 b 0.3290 2.2466 1.0296 3.2721 0.2037 0.1659 0.2462 0.1840 0.3925 0.1618 0.2570 0.3855 0.0000 
main 3.0000 2.0000 43.0000 4.0000 0.0000 4.0000 3.0000 0.0000 0.0000 0.2500 0.7500 0.0000 0.0000 b 0.4510 1.0000 1.4756 2.4756 0.2500 0.2500 0.2500 0.0000 0.0000 0.0000 0.0000 0.0000 0.0000 
main 3.0000 2.0000 17.0000 9.0000 1.0000 9.0000 8.0000 1.0000 0.0544 0.2498 1.9987 0.0349 0.0588 b 0.3110 2.2487 1.2920 3.5409 0.2156 0.1854 0.2130 0.3590 0.2417 0.2726 0.2291 0.2823 0.0000 
main 3.0000 2.0000 4.0000 5.0000 0.0000 5.0000 4.0000 0.0000 0.0000 0.2500 1.0000 0.0000 0.0000 b 0.3170 1.2500 1.3515 2.5922 0.2500 0.2500 0.2500 0.2500 0.0000 0.0000 0.0000 0.0000 0.0000 
main 3.0000 2.0000 8.0000 6.0000 0.0000 6.0000 5.0000 1.0000 0.0515 0.2493 1.2465 0.0349 0.0588 b 0.2390 1.4965 1.2322 2.7222 0.2760 0.1641 0.2522 0.3003 0.2539 0.0000 0.0000 0.0000 0.0000 
main 3.0000 2.0000 30.0000 6.0000 0.0000 6.0000 5.0000 2.0000 0.1029 0.2509 1.2544 0.0906 0.1145 b 0.2510 1.5044 1.2950 2.7967 0.1985 0.1636 0.3319 0.1712 0.3892 0.0000 0.0000 0.0000 0.0000 
main 3.0000 2.0000 53.0000 7.0000 1.0000 7.0000 6.0000 1.0000 0.0545 0.2495 1.4969 0.0349 0.0588 b 0.2240 1.7469 1.2473 3.0059 0.1701 0.2979 0.2511 0.2161 0.3203 0.2413 0.0000 0.0000 0.0000 
main 3.0000 2.0000 28.0000 6.0000 0.0000 6.0000 5.0000 0.0000 0.0000 0.2500 1.2500 0.0000 0.0000 b 0.2410 1.5000 1.1346 2.6423 0.2500 0.2500 0.2500 0.2500 0.2500 0.0000 0.0000 0.0000 0.0000 
main 3.0000 2.0000 44.0000 4.0000 0.0000 4.0000 3.0000 1.0000 0.0560 0.2511 0.7533 0.0349 0.0588 b 0.2940 1.0033 1.4877 2.4956 0.2329 0.2065 0.3139 0.0000 0.0000 0.0000 0.0000 0.0000 0.0000 
main 3.0000 2.0000 16.0000 9.0000 1.0000 9.0000 8.0000 0.0000 0.0000 0.2500 2.0000 0.0000 0.0000 b 0.2060 2.2500 1.2886 3.5423 0.2500 0.2500 0.2500 0.2500 0.2500 0.2500 0.2500 0.2500 0.0000 
main 3.0000 2.0000 47.0000 5.0000 0.0000 5.0000 4.0000 1.0000 0.0435 0.2498 0.9994 0.0349 0.0588 b 0.2850 1.2494 1.2574 2.5082 0.2220 0.2645 0.2084 0.3044 0.0000 0.0000 0.0000 0.0000 0.0000 
main 3.0000 2.0000 62.0000 10.0000 2.0000 10.0000 9.0000 1.0000 0.0569 0.2505 2.2549 0.0349 0.0588 b 0.2280 2.5049 1.4420 3.9472 0.2755 0.3009 0.1552 0.2625 0.3103 0.2123 0.2999 0.2640 0.1742 
main 3.0000 2.0000 3.0000 4.0000 0.0000 4.0000 3.0000 2.0000 0.0989 0.2506 0.7518 0.0906 0.1145 b 0.3950 1.0018 1.4656 2.4608 0.3496 0.2504 0.1518 0.0000 0.0000 0.0000 0.0000 0.0000 0.0000 
main 3.0000 2.0000 22.0000 4.0000 0.0000 4.0000 3.0000 0.0000 0.0000 0.2500 0.7500 0.0000 0.0000 b 0.3210 1.0000 1.3459 2.3423 0.2500 0.2500 0.2500 0.0000 0.0000 0.0000 0.0000 0.0000 0.0000 
main 3.0000 2.0000 48.0000 5.0000 0.0000 5.0000 4.0000 2.0000 0.0949 0.2503 1.0014 0.0906 0.1145 b 0.2440 1.2514 1.4670 2.7103 0.1841 0.3420 0.1543 0.3209 0.0000 0.0000 0.0000 0.0000 0.0000 
main 3.0000 2.0000 37.0000 9.0000 1.0000 9.0000 8.0000 0.0000 0.0000 0.2500 2.0000 0.0000 0.0000 b 0.2150 2.2500 1.4616 3.7090 0.2500 0.2500 0.2500 0.2500 0.2500 0.2500 0.2500 0.2500 0.0000 
main 3.0000 2.0000 11.0000 7.0000 1.0000 7.0000 6.0000 1.0000 0.0569 0.2505 1.5029 0.0349 0.0588 b 0.3940 1.7529 1.4706 3.2285 0.2012 0.3055 0.1865 0.3046 0.2095 0.2955 0.0000 0.0000 0.0000 
main 3.0000 2.0000 50.0000 6.0000 0.0000 6.0000 5.0000 1.0000 0.0440 0.2491 1.2455 0.0349 0.0588 b 0.2380 1.4955 1.2637 2.7546 0.2384 0.2107 0.3043 0.2069 0.2853 0.0000 0.0000 0.0000 0.0000 
main 3.0000 2.0000 27.0000 5.0000 0.0000 5.0000 4.0000 2.0000 0.1033 0.2509 1.0037 0.0906 0.1145 b 0.2810 1.2537 1.3443 2.5960 0.3031 0.1717 0.3708 0.1580 0.0000 0.0000 0.0000 0.0000 0.0000 
main 3.0000 2.0000 21.0000 10.0000 2.0000 10.0000 9.0000 2.0000 0.0931 0.2504 2.2533 0.0906 0.1145 b 0.2790 2.5033 1.0343 3.5288 0.1604 0.3798 0.1517 0.2038 0.2948 0.2022 0.3921 0.1723 0.2962 
main 3.0000 2.0000 18.0000 9.0000 1.0000 9.0000 8.0000 2.0000 0.0937 0.2504 2.0030 0.0906 0.1145 b 0.2680 2.2530 1.2138 3.4619 0.1893 0.3972 0.1645 0.2365 0.3819 0.2668 0.2153 0.1514 0.0000 
main 3.0000 2.0000 55.0000 8.0000 1.0000 8.0000 7.0000 0.0000 0.0000 0.2500 1.7500 0.0000 0.0000 b 0.1950 2.0000 1.2126 3.2257 0.2500 0.2500 0.2500 0.2500 0.2500 0.2500 0.2500 0.0000 0.0000 
main 3.0000 3.0000 12.0000 7.0000 1.0000 7.0000 6.0000 2.0000 0.1001 0.2499 1.4993 0.0906 0.1145 b 0.2980 1.7493 1.3420 3.0916 0.1706 0.3680 0.2904 0.1586 0.3555 0.1562 0.0000 0.0000 0.0000 
main 3.0000 3.0000 58.0000 9.0000 1.0000 9.0000 8.0000 0.0000 0.0000 0.2500 2.0000 0.0000 0.0000 b 0.2710 2.2500 1.3361 3.5923 0.2500 0.2500 0.2500 0.2500 0.2500 0.2500 0.2500 0.2500 0.0000 
main 3.0000 3.0000 20.0000 10.0000 2.0000 10.0000 9.0000 1.0000 0.0499 0.2498 2.2480 0.0349 0.0588 b 0.4800 2.4980 1.4622 3.9570 0.2446 0.2196 0.3034 0.2782 0.1730 0.3033 0.1900 0.3017 0.2342 
main 3.0000 3.0000 23.0000 4.0000 0.0000 4.0000 3.0000 1.0000 0.0577 0.2497 0.7492 0.0349 0.0588 b 0.3460 0.9992 1.3521 2.3414 0.2050 0.3149 0.2294 0.0000 0.0000 0.0000 0.0000 0.0000 0.0000 
main 3.0000 3.0000 38.0000 9.0000 1.0000 9.0000 8.0000 1.0000 0.0557 0.2497 1.9973 0.0349 0.0588 b 0.2510 2.2473 1.2499 3.4895 0.3160 0.2829 0.2009 0.2311 0.1709 0.3108 0.2011 0.2836 0.0000 
main 3.0000 3.0000 51.0000 6.0000 0.0000 6.0000 5.0000 2.0000 0.0987 0.2501 1.2506 0.0906 0.1145 b 0.3350 1.5006 1.0310 2.5261 0.1591 0.3318 0.2134 0.1692 0.3770 0.0000 0.0000 0.0000 0.0000 
main 3.0000 3.0000 2.0000 4.0000 0.0000 4.0000 3.0000 1.0000 0.0582 0.2516 0.7548 0.0349 0.0588 b 0.3360 1.0048 1.3835 2.3804 0.2366 0.3158 0.2024 0.0000 0.0000 0.0000 0.0000 0.0000 0.0000 
main 3.0000 3.0000 52.0000 7.0000 1.0000 7.0000 6.0000 0.0000 0.0000 0.2500 1.5000 0.0000 0.0000 b 0.1890 1.7500 1.4241 3.1757 0.2500 0.2500 0.2500 0.2500 0.2500 0.2500 0.0000 0.0000 0.0000 
main 3.0000 3.0000 10.0000 7.0000 1.0000 7.0000 6.0000 0.0000 0.0000 0.2500 1.5000 0.0000 0.0000 b 0.1550 1.7500 1.1125 2.8755 0.2500 0.2500 0.2500 0.2500 0.2500 0.2500 0.0000 0.0000 0.0000 
main 3.0000 3.0000 4.0000 5.0000 0.0000 5.0000 4.0000 0.0000 0.0000 0.2500 1.0000 0.0000 0.0000 b 0.2340 1.2500 1.1111 2.3755 0.2500 0.2500 0.2500 0.2500 0.0000 0.0000 0.0000 0.0000 0.0000 
main 3.0000 3.0000 57.0000 8.0000 1.0000 8.0000 7.0000 2.0000 0.0938 0.2507 1.7548 0.0906 0.1145 b 0.2140 2.0048 1.0996 3.1135 0.1554 0.3598 0.3085 0.2054 0.3729 0.1615 0.1912 0.0000 0.0000 
main 3.0000 3.0000 32.0000 7.0000 1.0000 7.0000 6.0000 1.0000 0.0454 0.2492 1.4953 0.0349 0.0588 b 0.2630 1.7453 1.0945 2.8375 0.2744 0.2256 0.2775 0.1691 0.2569 0.2919 0.0000 0.0000 0.0000 
main 3.0000 3.0000 39.0000 9.0000 1.0000 9.0000 8.0000 2.0000 0.0916 0.2494 1.9952 0.0906 0.1145 b 0.1870 2.2452 1.0201 3.2706 0.2031 0.3669 0.2805 0.1543 0.3993 0.1872 0.2330 0.1708 0.0000 
main 3.0000 3.0000 45.0000 4.0000 0.0000 4.0000 3.0000 2.0000 0.0979 0.2503 0.7510 0.0906 0.1145 b 0.3400 1.0010 1.2545 2.2598 0.1627 0.2324 0.3560 0.0000 0.0000 0.0000 0.0000 0.0000 0.0000 
main 3.0000 3.0000 56.0000 8.0000 1.0000 8.0000 7.0000 1.0000 0.0502 0.2506 1.7542 0.0349 0.0588 b 0.2240 2.0042 1.0554 3.0631 0.3210 0.2495 0.2976 0.2326 0.2621 0.2228 0.1687 0.0000 0.0000 
main 3.0000 3.0000 15.0000 8.0000 1.0000 8.0000 7.0000 2.0000 0.0908 0.2506 1.7540 0.0906 0.1145 b 0.2930 2.0040 1.4118 3.4130 0.3543 0.1559 0.3672 0.1644 0.3068 0.2246 0.1808 0.0000 0.0000 
main 3.0000 3.0000 55.0000 8.0000 1.0000 8.0000 7.0000 0.0000 0.0000 0.2500 1.7500 0.0000 0.0000 b 0.1640 2.0000 1.4116 3.4090 0.2500 0.2500 0.2500 0.2500 0.2500 0.2500 0.2500 0.0000 0.0000 
main 3.0000 3.0000 18.0000 9.0000 1.0000 9.0000 8.0000 2.0000 0.0910 0.2498 1.9987 0.0906 0.1145 b 0.1940 2.2487 1.0903 3.3409 0.1791 0.2655 0.1692 0.3322 0.1503 0.3794 0.3405 0.1825 0.0000 
main 3.0000 3.0000 7.0000 6.0000 0.0000 6.0000 5.0000 0.0000 0.0000 0.2500 1.2500 0.0000 0.0000 b 0.2810 1.5000 1.1843 2.6757 0.2500 0.2500 0.2500 0.2500 0.2500 0.0000 0.0000 0.0000 0.0000 
main 3.0000 3.0000 31.0000 7.0000 1.0000 7.0000 6.0000 0.0000 0.0000 0.2500 1.5000 0.0000 0.0000 b 0.1850 1.7500 1.2671 3.0090 0.2500 0.2500 0.2500 0.2500 0.2500 0.2500 0.0000 0.0000 0.0000 
main 3.0000 3.0000 46.0000 5.0000 0.0000 5.0000 4.0000 0.0000 0.0000 0.2500 1.0000 0.0000 0.0000 b 0.2090 1.2500 1.2635 2.5088 0.2500 0.2500 0.2500 0.2500 0.0000 0.0000 0.0000 0.0000 0.0000 
main 3.0000 3.0000 35.0000 8.0000 1.0000 8.0000 7.0000 1.0000 0.0424 0.2497 1.7479 0.0349 0.0588 b 0.2250 1.9979 1.1225 3.1067 0.2489 0.2896 0.1902 0.2578 0.1954 0.2972 0.2689 0.0000 0.0000 
main 3.0000 3.0000 25.0000 5.0000 0.0000 5.0000 4.0000 0.0000 0.0000 0.2500 1.0000 0.0000 0.0000 b 0.2620 1.2500 1.0963 2.3421 0.2500 0.2500 0.2500 0.2500 0.0000 0.0000 0.0000 0.0000 0.0000 
main 3.0000 3.0000 24.0000 4.0000 0.0000 4.0000 3.0000 2.0000 0.1096 0.2498 0.7495 0.0906 0.1145 b 0.2660 0.9995 1.0558 2.0583 0.2273 0.3689 0.1533 0.0000 0.0000 0.0000 0.0000 0.0000 0.0000 
main 3.0000 3.0000 59.0000 9.0000 1.0000 9.0000 8.0000 1.0000 0.0538 0.2497 1.9972 0.0349 0.0588 b 0.2500 2.2472 1.1084 3.3561 0.1741 0.2401 0.3046 0.1999 0.3083 0.2080 0.3115 0.2508 0.0000 
main 3.0000 3.0000 9.0000 6.0000 0.0000 6.0000 5.0000 2.0000 0.0944 0.2510 1.2548 0.0906 0.1145 b 0.2410 1.5048 1.3123 2.8305 0.1619 0.3888 0.2849 0.2553 0.1640 0.0000 0.0000 0.0000 0.0000 
main 3.0000 3.0000 47.0000 5.0000 0.0000 5.0000 4.0000 1.0000 0.0473 0.2510 1.0041 0.0349 0.0588 b 0.2460 1.2541 1.2133 2.4795 0.2612 0.1878 0.3022 0.2530 0.0000 0.0000 0.0000 0.0000 0.0000 
main 3.0000 3.0000 11.0000 7.0000 1.0000 7.0000 6.0000 1.0000 0.0473 0.2500 1.4998 0.0349 0.0588 b 0.1480 1.7498 1.3061 3.0587 0.2367 0.2670 0.1769 0.2364 0.2618 0.3210 0.0000 0.0000 0.0000 
main 3.0000 3.0000 5.0000 5.0000 0.0000 5.0000 4.0000 1.0000 0.0572 0.2490 0.9961 0.0349 0.0588 b 0.2620 1.2461 1.2203 2.4717 0.2298 0.3086 0.1784 0.2793 0.0000 0.0000 0.0000 0.0000 0.0000 
main 3.0000 3.0000 42.0000 10.0000 2.0000 10.0000 9.0000 2.0000 0.0908 0.2498 2.2481 0.0906 0.1145 b 0.1840 2.4981 1.4804 3.9738 0.3813 0.3100 0.1526 0.2150 0.3653 0.1673 0.3020 0.2005 0.1541 
main 3.0000 3.0000 22.0000 4.0000 0.0000 4.0000 3.0000 0.0000 0.0000 0.2500 0.7500 0.0000 0.0000 b 0.2100 1.0000 1.2464 2.2421 0.2500 0.2500 0.2500 0.0000 0.0000 0.0000 0.0000 0.0000 0.0000 
main 3.0000 3.0000 33.0000 7.0000 1.0000 7.0000 6.0000 2.0000 0.0921 0.2497 1.4981 0.0906 0.1145 b 0.2350 1.7481 1.2870 3.0403 0.1531 0.2371 0.3722 0.2321 0.1579 0.3455 0.0000 0.0000 0.0000 
main 3.0000 3.0000 6.0000 5.0000 0.0000 5.0000 4.0000 2.0000 0.0959 0.2509 1.0038 0.0906 0.1145 b 0.2750 1.2538 1.4288 2.6793 0.3619 0.1552 0.2980 0.1887 0.0000 0.0000 0.0000 0.0000 0.0000 
main 3.0000 3.0000 26.0000 5.0000 0.0000 5.0000 4.0000 1.0000 0.0531 0.2488 0.9951 0.0349 0.0588 b 0.2240 1.2451 1.2524 2.4874 0.2254 0.2922 0.1848 0.2927 0.0000 0.0000 0.0000 0.0000 0.0000 
main 3.0000 3.0000 19.0000 10.0000 2.0000 10.0000 9.0000 0.0000 0.0000 0.2500 2.2500 0.0000 0.0000 b 0.2680 2.5000 1.4315 3.9257 0.2500 0.2500 0.2500 0.2500 0.2500 0.2500 0.2500 0.2500 0.2500 
main 3.0000 3.0000 17.0000 9.0000 1.0000 9.0000 8.0000 1.0000 0.0493 0.2498 1.9983 0.0349 0.0588 b 0.1960 2.2483 1.1198 3.3571 0.3126 0.1993 0.2558 0.2220 0.3070 0.1909 0.2936 0.2171 0.0000 
main 3.0000 3.0000 41.0000 10.0000 2.0000 10.0000 9.0000 1.0000 0.0566 0.2497 2.2475 0.0349 0.0588 b 0.2310 2.4975 1.2641 3.7564 0.3110 0.2459 0.3253 0.2811 0.1766 0.2941 0.2088 0.1736 0.2310 
main 3.0000 3.0000 1.0000 4.0000 0.0000 4.0000 3.0000 0.0000 0.0000 0.2500 0.7500 0.0000 0.0000 b 0.6580 1.0000 1.4098 2.4090 0.2500 0.2500 0.2500 0.0000 0.0000 0.0000 0.0000 0.0000 0.0000 
main 3.0000 3.0000 61.0000 10.0000 2.0000 10.0000 9.0000 0.0000 0.0000 0.2500 2.2500 0.0000 0.0000 b 0.2770 2.5000 1.4232 3.9089 0.2500 0.2500 0.2500 0.2500 0.2500 0.2500 0.2500 0.2500 0.2500 
main 3.0000 3.0000 21.0000 10.0000 2.0000 10.0000 9.0000 2.0000 0.0950 0.2496 2.2463 0.0906 0.1145 b 0.2350 2.4963 1.0869 3.5884 0.3913 0.1759 0.3936 0.1671 0.2024 0.1607 0.2899 0.1744 0.2910 
main 3.0000 3.0000 28.0000 6.0000 0.0000 6.0000 5.0000 0.0000 0.0000 0.2500 1.2500 0.0000 0.0000 b 0.2820 1.5000 1.0049 2.5089 0.2500 0.2500 0.2500 0.2500 0.2500 0.0000 0.0000 0.0000 0.0000 
main 3.0000 3.0000 29.0000 6.0000 0.0000 6.0000 5.0000 1.0000 0.0451 0.2509 1.2547 0.0349 0.0588 b 0.3010 1.5047 1.1539 2.6635 0.2612 0.2248 0.2635 0.3127 0.1926 0.0000 0.0000 0.0000 0.0000 
main 3.0000 3.0000 27.0000 5.0000 0.0000 5.0000 4.0000 2.0000 0.0982 0.2494 0.9975 0.0906 0.1145 b 0.3100 1.2475 1.0990 2.3562 0.1578 0.2311 0.3884 0.2202 0.0000 0.0000 0.0000 0.0000 0.0000 
main 3.0000 3.0000 14.0000 8.0000 1.0000 8.0000 7.0000 1.0000 0.0586 0.2501 1.7507 0.0349 0.0588 b 0.2410 2.0007 1.4781 3.4765 0.1564 0.2205 0.3238 0.2709 0.3000 0.2742 0.2050 0.0000 0.0000 
main 3.0000 3.0000 63.0000 10.0000 2.0000 10.0000 9.0000 2.0000 0.0942 0.2499 2.2494 0.0906 0.1145 b 0.2450 2.4994 1.3631 3.8584 0.1731 0.3514 0.1652 0.3109 0.3480 0.1750 0.3781 0.1545 0.1932 
main 3.0000 3.0000 62.0000 10.0000 2.0000 10.0000 9.0000 1.0000 0.0460 0.2501 2.2509 0.0349 0.0588 b 0.2610 2.5009 1.2647 3.7598 0.2531 0.2236 0.1906 0.2733 0.3138 0.2718 0.3065 0.2320 0.1861 
main 3.0000 3.0000 54.0000 7.0000 1.0000 7.0000 6.0000 2.0000 0.0949 0.2506 1.5038 0.0906 0.1145 b 0.2130 1.7538 1.2498 2.9962 0.3749 0.1642 0.2205 0.3608 0.2243 0.1592 0.0000 0.0000 0.0000 
main 3.0000 3.0000 16.0000 9.0000 1.0000 9.0000 8.0000 0.0000 0.0000 0.2500 2.0000 0.0000 0.0000 b 0.2390 2.2500 1.1978 3.4424 0.2500 0.2500 0.2500 0.2500 0.2500 0.2500 0.2500 0.2500 0.0000 
main 3.0000 3.0000 13.0000 8.0000 1.0000 8.0000 7.0000 0.0000 0.0000 0.2500 1.7500 0.0000 0.0000 b 0.1650 2.0000 1.4305 3.4258 0.2500 0.2500 0.2500 0.2500 0.2500 0.2500 0.2500 0.0000 0.0000 
main 3.0000 3.0000 53.0000 7.0000 1.0000 7.0000 6.0000 1.0000 0.0532 0.2496 1.4978 0.0349 0.0588 b 0.2250 1.7478 1.3296 3.0734 0.2992 0.3259 0.2345 0.1900 0.2442 0.2040 0.0000 0.0000 0.0000 
main 3.0000 3.0000 8.0000 6.0000 0.0000 6.0000 5.0000 1.0000 0.0551 0.2495 1.2474 0.0349 0.0588 b 0.2120 1.4974 1.4725 2.9731 0.3237 0.2752 0.2488 0.1769 0.2229 0.0000 0.0000 0.0000 0.0000 
main 3.0000 3.0000 43.0000 4.0000 0.0000 4.0000 3.0000 0.0000 0.0000 0.2500 0.7500 0.0000 0.0000 b 0.2900 1.0000 1.1077 2.1088 0.2500 0.2500 0.2500 0.0000 0.0000 0.0000 0.0000 0.0000 0.0000 
main 3.0000 3.0000 30.0000 6.0000 0.0000 6.0000 5.0000 2.0000 0.1027 0.2503 1.2515 0.0906 0.1145 b 0.2290 1.5015 1.0141 2.5102 0.3983 0.2002 0.3138 0.1884 0.1507 0.0000 0.0000 0.0000 0.0000 
main 3.0000 3.0000 3.0000 4.0000 0.0000 4.0000 3.0000 2.0000 0.0983 0.2502 0.7507 0.0906 0.1145 b 0.2280 1.0007 1.0955 2.0929 0.2526 0.1508 0.3473 0.0000 0.0000 0.0000 0.0000 0.0000 0.0000 
main 3.0000 3.0000 44.0000 4.0000 0.0000 4.0000 3.0000 1.0000 0.0532 0.2489 0.7466 0.0349 0.0588 b 0.1960 0.9966 1.4680 2.4722 0.3056 0.2407 0.2002 0.0000 0.0000 0.0000 0.0000 0.0000 0.0000 
main 3.0000 3.0000 37.0000 9.0000 1.0000 9.0000 8.0000 0.0000 0.0000 0.2500 2.0000 0.0000 0.0000 b 0.2030 2.2500 1.4169 3.6756 0.2500 0.2500 0.2500 0.2500 0.2500 0.2500 0.2500 0.2500 0.0000 
main 3.0000 3.0000 34.0000 8.0000 1.0000 8.0000 7.0000 0.0000 0.0000 0.2500 1.7500 0.0000 0.0000 b 0.2090 2.0000 1.2460 3.2590 0.2500 0.2500 0.2500 0.2500 0.2500 0.2500 0.2500 0.0000 0.0000 
main 3.0000 3.0000 40.0000 10.0000 2.0000 10.0000 9.0000 0.0000 0.0000 0.2500 2.2500 0.0000 0.0000 b 0.2560 2.5000 1.3669 3.8755 0.2500 0.2500 0.2500 0.2500 0.2500 0.2500 0.2500 0.2500 0.2500 
main 3.0000 3.0000 49.0000 6.0000 0.0000 6.0000 5.0000 0.0000 0.0000 0.2500 1.2500 0.0000 0.0000 b 0.3180 1.5000 1.3596 2.8591 0.2500 0.2500 0.2500 0.2500 0.2500 0.0000 0.0000 0.0000 0.0000 
main 3.0000 3.0000 50.0000 6.0000 0.0000 6.0000 5.0000 1.0000 0.0584 0.2498 1.2492 0.0349 0.0588 b 0.2050 1.4992 1.4571 2.9582 0.2499 0.1546 0.2669 0.3139 0.2638 0.0000 0.0000 0.0000 0.0000 
main 3.0000 3.0000 60.0000 9.0000 1.0000 9.0000 8.0000 2.0000 0.0994 0.2501 2.0008 0.0906 0.1145 b 0.2150 2.2508 1.0037 3.2595 0.3971 0.1522 0.1862 0.2790 0.1571 0.1918 0.3948 0.2425 0.0000 
main 3.0000 3.0000 48.0000 5.0000 0.0000 5.0000 4.0000 2.0000 0.0984 0.2506 1.0023 0.0906 0.1145 b 0.2620 1.2523 1.1940 2.4444 0.1624 0.3710 0.1786 0.2902 0.0000 0.0000 0.0000 0.0000 0.0000 
main 3.0000 3.0000 36.0000 8.0000 1.0000 8.0000 7.0000 2.0000 0.0945 0.2493 1.7450 0.0906 0.1145 b 0.1720 1.9950 1.4757 3.4706 0.1625 0.2139 0.3940 0.3562 0.1509 0.2676 0.1999 0.0000 0.0000 
main 3.0000 4.0000 42.0000 10.0000 2.0000 10.0000 9.0000 2.0000 0.0912 0.2497 2.2470 0.0906 0.1145 b 0.2750 2.4970 1.3051 3.8060 0.3685 0.2131 0.3935 0.1510 0.2278 0.1592 0.2322 0.3272 0.1745 
main 3.0000 4.0000 30.0000 6.0000 0.0000 6.0000 5.0000 2.0000 0.0974 0.2504 1.2519 0.0906 0.1145 b 0.2960 1.5019 1.3681 2.8775 0.2162 0.1652 0.3847 0.3182 0.1675 0.0000 0.0000 0.0000 0.0000 
main 3.0000 4.0000 31.0000 7.0000 1.0000 7.0000 6.0000 0.0000 0.0000 0.2500 1.5000 0.0000 0.0000 b 0.2270 1.7500 1.1415 2.8922 0.2500 0.2500 0.2500 0.2500 0.2500 0.2500 0.0000 0.0000 0.0000 
main 3.0000 4.0000 55.0000 8.0000 1.0000 8.0000 7.0000 0.0000 0.0000 0.2500 1.7500 0.0000 0.0000 b 0.2570 2.0000 1.4230 3.4257 0.2500 0.2500 0.2500 0.2500 0.2500 0.2500 0.2500 0.0000 0.0000 
main 3.0000 4.0000 2.0000 4.0000 0.0000 4.0000 3.0000 1.0000 0.0520 0.2499 0.7497 0.0349 0.0588 b 0.3240 0.9997 1.3426 2.3421 0.2610 0.2954 0.1932 0.0000 0.0000 0.0000 0.0000 0.0000 0.0000 
main 3.0000 4.0000 28.0000 6.0000 0.0000 6.0000 5.0000 0.0000 0.0000 0.2500 1.2500 0.0000 0.0000 b 0.2810 1.5000 1.1807 2.6756 0.2500 0.2500 0.2500 0.2500 0.2500 0.0000 0.0000 0.0000 0.0000 
main 3.0000 4.0000 61.0000 10.0000 2.0000 10.0000 9.0000 0.0000 0.0000 0.2500 2.2500 0.0000 0.0000 b 0.2310 2.5000 1.3052 3.8091 0.2500 0.2500 0.2500 0.2500 0.2500 0.2500 0.2500 0.2500 0.2500 
main 3.0000 4.0000 37.0000 9.0000 1.0000 9.0000 8.0000 0.0000 0.0000 0.2500 2.0000 0.0000 0.0000 b 0.1930 2.2500 1.2875 3.5422 0.2500 0.2500 0.2500 0.2500 0.2500 0.2500 0.2500 0.2500 0.0000 
main 3.0000 4.0000 29.0000 6.0000 0.0000 6.0000 5.0000 1.0000 0.0544 0.2498 1.2489 0.0349 0.0588 b 0.2190 1.4989 1.1672 2.6578 0.1839 0.2475 0.2165 0.3256 0.2754 0.0000 0.0000 0.0000 0.0000 
main 3.0000 4.0000 38.0000 9.0000 1.0000 9.0000 8.0000 1.0000 0.0564 0.2502 2.0018 0.0349 0.0588 b 0.2290 2.2518 1.1239 3.3774 0.2670 0.2398 0.2057 0.2335 0.2945 0.3462 0.1586 0.2566 0.0000 
main 3.0000 4.0000 18.0000 9.0000 1.0000 9.0000 8.0000 2.0000 0.0972 0.2497 1.9980 0.0906 0.1145 b 0.2340 2.2480 1.4636 3.7070 0.2382 0.3750 0.1719 0.3212 0.1701 0.3869 0.1524 0.1822 0.0000 
main 3.0000 4.0000 22.0000 4.0000 0.0000 4.0000 3.0000 0.0000 0.0000 0.2500 0.7500 0.0000 0.0000 b 0.2680 1.0000 1.0210 2.0087 0.2500 0.2500 0.2500 0.0000 0.0000 0.0000 0.0000 0.0000 0.0000 
main 3.0000 4.0000 16.0000 9.0000 1.0000 9.0000 8.0000 0.0000 0.0000 0.2500 2.0000 0.0000 0.0000 b 0.2440 2.2500 1.1588 3.4257 0.2500 0.2500 0.2500 0.2500 0.2500 0.2500 0.2500 0.2500 0.0000 
main 3.0000 4.0000 41.0000 10.0000 2.0000 10.0000 9.0000 1.0000 0.0536 0.2499 2.2491 0.0349 0.0588 b 0.2250 2.4991 1.2901 3.7915 0.2405 0.2067 0.2561 0.3258 0.2396 0.1559 0.3205 0.2775 0.2265 
main 3.0000 4.0000 43.0000 4.0000 0.0000 4.0000 3.0000 0.0000 0.0000 0.2500 0.7500 0.0000 0.0000 b 0.3090 1.0000 1.3919 2.3924 0.2500 0.2500 0.2500 0.0000 0.0000 0.0000 0.0000 0.0000 0.0000 
main 3.0000 4.0000 10.0000 7.0000 1.0000 7.0000 6.0000 0.0000 0.0000 0.2500 1.5000 0.0000 0.0000 b 0.2990 1.7500 1.2615 3.0088 0.2500 0.2500 0.2500 0.2500 0.2500 0.2500 0.0000 0.0000 0.0000 
main 3.0000 4.0000 15.0000 8.0000 1.0000 8.0000 7.0000 2.0000 0.0964 0.2503 1.7518 0.0906 0.1145 b 0.2220 2.0018 1.4293 3.4273 0.1564 0.2172 0.1560 0.3239 0.1784 0.3254 0.3944 0.0000 0.0000 
main 3.0000 4.0000 14.0000 8.0000 1.0000 8.0000 7.0000 1.0000 0.0537 0.2498 1.7486 0.0349 0.0588 b 0.2380 1.9986 1.2623 3.2575 0.2718 0.3008 0.2542 0.3120 0.2435 0.2094 0.1569 0.0000 0.0000 
main 3.0000 4.0000 36.0000 8.0000 1.0000 8.0000 7.0000 2.0000 0.0926 0.2498 1.7488 0.0906 0.1145 b 0.2280 1.9988 1.0450 3.0408 0.2116 0.1512 0.1770 0.2974 0.1844 0.3994 0.3278 0.0000 0.0000 
main 3.0000 4.0000 9.0000 6.0000 0.0000 6.0000 5.0000 2.0000 0.1091 0.2506 1.2529 0.0906 0.1145 b 0.3680 1.5029 1.2650 2.7620 0.1801 0.3777 0.1539 0.1802 0.3611 0.0000 0.0000 0.0000 0.0000 
main 3.0000 4.0000 35.0000 8.0000 1.0000 8.0000 7.0000 1.0000 0.0491 0.2499 1.7490 0.0349 0.0588 b 0.2340 1.9990 1.4574 3.4580 0.2369 0.2874 0.2555 0.1795 0.3166 0.1972 0.2760 0.0000 0.0000 
main 3.0000 4.0000 5.0000 5.0000 0.0000 5.0000 4.0000 1.0000 0.0488 0.2502 1.0009 0.0349 0.0588 b 0.2590 1.2509 1.1720 2.4264 0.2486 0.1887 0.2557 0.3080 0.0000 0.0000 0.0000 0.0000 0.0000 
main 3.0000 4.0000 32.0000 7.0000 1.0000 7.0000 6.0000 1.0000 0.0583 0.2499 1.4997 0.0349 0.0588 b 0.2290 1.7497 1.1921 2.9418 0.2229 0.3449 0.2917 0.1878 0.2417 0.2106 0.0000 0.0000 0.0000 
main 3.0000 4.0000 59.0000 9.0000 1.0000 9.0000 8.0000 1.0000 0.0561 0.2499 1.9992 0.0349 0.0588 b 0.3820 2.2492 1.1539 3.3915 0.2240 0.3332 0.2316 0.2854 0.2141 0.3133 0.1647 0.2328 0.0000 
main 3.0000 4.0000 19.0000 10.0000 2.0000 10.0000 9.0000 0.0000 0.0000 0.2500 2.2500 0.0000 0.0000 b 0.3070 2.5000 1.0607 3.5587 0.2500 0.2500 0.2500 0.2500 0.2500 0.2500 0.2500 0.2500 0.2500 
main 3.0000 4.0000 4.0000 5.0000 0.0000 5.0000 4.0000 0.0000 0.0000 0.2500 1.0000 0.0000 0.0000 b 0.4680 1.2500 1.1521 2.3922 0.2500 0.2500 0.2500 0.2500 0.0000 0.0000 0.0000 0.0000 0.0000 
main 3.0000 4.0000 44.0000 4.0000 0.0000 4.0000 3.0000 1.0000 0.0462 0.2506 0.7518 0.0349 0.0588 b 0.2470 1.0018 1.3392 2.3274 0.1999 0.2906 0.2613 0.0000 0.0000 0.0000 0.0000 0.0000 0.0000 
main 3.0000 4.0000 21.0000 10.0000 2.0000 10.0000 9.0000 2.0000 0.0925 0.2499 2.2494 0.0906 0.1145 b 0.2910 2.4994 1.1713 3.6750 0.2420 0.1833 0.1508 0.3834 0.3395 0.3715 0.2382 0.1522 0.1886 
main 3.0000 4.0000 39.0000 9.0000 1.0000 9.0000 8.0000 2.0000 0.0939 0.2501 2.0010 0.0906 0.1145 b 0.2110 2.2510 1.2714 3.5267 0.3923 0.1597 0.2231 0.3028 0.1807 0.3708 0.1525 0.2191 0.0000 
main 3.0000 4.0000 45.0000 4.0000 0.0000 4.0000 3.0000 2.0000 0.1013 0.2502 0.7505 0.0906 0.1145 b 0.2610 1.0005 1.2291 2.2428 0.3543 0.2441 0.1520 0.0000 0.0000 0.0000 0.0000 0.0000 0.0000 
main 3.0000 4.0000 13.0000 8.0000 1.0000 8.0000 7.0000 0.0000 0.0000 0.2500 1.7500 0.0000 0.0000 b 0.2260 2.0000 1.2611 3.2591 0.2500 0.2500 0.2500 0.2500 0.2500 0.2500 0.2500 0.0000 0.0000 
main 3.0000 4.0000 50.0000 6.0000 0.0000 6.0000 5.0000 1.0000 0.0535 0.2503 1.2517 0.0349 0.0588 b 0.2480 1.5017 1.0076 2.5106 0.1865 0.3136 0.2121 0.2459 0.2935 0.0000 0.0000 0.0000 0.0000 
main 3.0000 4.0000 24.0000 4.0000 0.0000 4.0000 3.0000 2.0000 0.0923 0.2515 0.7544 0.0906 0.1145 b 0.3490 1.0044 1.0719 2.0799 0.3505 0.2361 0.1678 0.0000 0.0000 0.0000 0.0000 0.0000 0.0000 
main 3.0000 4.0000 1.0000 4.0000 0.0000 4.0000 3.0000 0.0000 0.0000 0.2500 0.7500 0.0000 0.0000 b 0.4120 1.0000 1.3525 2.3591 0.2500 0.2500 0.2500 0.0000 0.0000 0.0000 0.0000 0.0000 0.0000 
main 3.0000 4.0000 33.0000 7.0000 1.0000 7.0000 6.0000 2.0000 0.0924 0.2508 1.5047 0.0906 0.1145 b 0.2340 1.7547 1.1457 2.8971 0.1858 0.2814 0.3748 0.3337 0.1782 0.1509 0.0000 0.0000 0.0000 
main 3.0000 4.0000 47.0000 5.0000 0.0000 5.0000 4.0000 1.0000 0.0554 0.2494 0.9975 0.0349 0.0588 b 0.2690 1.2475 1.3774 2.6232 0.2462 0.1910 0.3242 0.2360 0.0000 0.0000 0.0000 0.0000 0.0000 
main 3.0000 4.0000 11.0000 7.0000 1.0000 7.0000 6.0000 1.0000 0.0584 0.2492 1.4953 0.0349 0.0588 b 0.4120 1.7453 1.4417 3.1877 0.3306 0.1523 0.2364 0.2718 0.2392 0.2651 0.0000 0.0000 0.0000 
main 3.0000 4.0000 40.0000 10.0000 2.0000 10.0000 9.0000 0.0000 0.0000 0.2500 2.2500 0.0000 0.0000 b 0.2250 2.5000 1.1980 3.6922 0.2500 0.2500 0.2500 0.2500 0.2500 0.2500 0.2500 0.2500 0.2500 
main 3.0000 4.0000 17.0000 9.0000 1.0000 9.0000 8.0000 1.0000 0.0556 0.2498 1.9981 0.0349 0.0588 b 0.2190 2.2481 1.2760 3.5237 0.3054 0.2681 0.1760 0.3374 0.2277 0.1896 0.2692 0.2246 0.0000 
main 3.0000 4.0000 26.0000 5.0000 0.0000 5.0000 4.0000 1.0000 0.0516 0.2488 0.9952 0.0349 0.0588 b 0.3000 1.2452 1.0310 2.2707 0.2122 0.2868 0.1972 0.2990 0.0000 0.0000 0.0000 0.0000 0.0000 
main 3.0000 4.0000 53.0000 7.0000 1.0000 7.0000 6.0000 1.0000 0.0537 0.2506 1.5038 0.0349 0.0588 b 0.2910 1.7538 1.2754 3.0293 0.3060 0.2665 0.1673 0.2930 0.2663 0.2046 0.0000 0.0000 0.0000 
main 3.0000 4.0000 56.0000 8.0000 1.0000 8.0000 7.0000 1.0000 0.0538 0.2503 1.7521 0.0349 0.0588 b 0.2190 2.0021 1.1499 3.1445 0.2541 0.3534 0.2069 0.2707 0.2079 0.2591 0.2001 0.0000 0.0000 
main 3.0000 4.0000 63.0000 10.0000 2.0000 10.0000 9.0000 2.0000 0.0939 0.2496 2.2467 0.0906 0.1145 b 0.2660 2.4967 1.3349 3.8225 0.1674 0.2062 0.3066 0.1536 0.3894 0.2023 0.1637 0.2667 0.3908 
main 3.0000 4.0000 54.0000 7.0000 1.0000 7.0000 6.0000 2.0000 0.1056 0.2508 1.5049 0.0906 0.1145 b 0.2090 1.7549 1.2607 3.0306 0.1672 0.3699 0.1510 0.3953 0.2269 0.1946 0.0000 0.0000 0.0000 
main 3.0000 4.0000 20.0000 10.0000 2.0000 10.0000 9.0000 1.0000 0.0555 0.2504 2.2535 0.0349 0.0588 b 0.2190 2.5035 1.2403 3.7456 0.2056 0.2876 0.1745 0.3341 0.3072 0.2817 0.2315 0.1884 0.2428 
main 3.0000 4.0000 46.0000 5.0000 0.0000 5.0000 4.0000 0.0000 0.0000 0.2500 1.0000 0.0000 0.0000 b 0.2530 1.2500 1.1130 2.3757 0.2500 0.2500 0.2500 0.2500 0.0000 0.0000 0.0000 0.0000 0.0000 
main 3.0000 4.0000 57.0000 8.0000 1.0000 8.0000 7.0000 2.0000 0.0922 0.2497 1.7481 0.0906 0.1145 b 0.2380 1.9981 1.3615 3.3569 0.1559 0.3244 0.1662 0.3623 0.1691 0.2221 0.3481 0.0000 0.0000 
main 3.0000 4.0000 27.0000 5.0000 0.0000 5.0000 4.0000 2.0000 0.1070 0.2498 0.9993 0.0906 0.1145 b 0.2590 1.2493 1.0648 2.3248 0.1653 0.2940 0.1594 0.3806 0.0000 0.0000 0.0000 0.0000 0.0000 
main 3.0000 4.0000 25.0000 5.0000 0.0000 5.0000 4.0000 0.0000 0.0000 0.2500 1.0000 0.0000 0.0000 b 0.1930 1.2500 1.4120 2.6591 0.2500 0.2500 0.2500 0.2500 0.0000 0.0000 0.0000 0.0000 0.0000 
main 3.0000 4.0000 6.0000 5.0000 0.0000 5.0000 4.0000 2.0000 0.0930 0.2501 1.0006 0.0906 0.1145 b 0.2010 1.2506 1.4340 2.6929 0.2285 0.1750 0.3855 0.2116 0.0000 0.0000 0.0000 0.0000 0.0000 
main 3.0000 4.0000 34.0000 8.0000 1.0000 8.0000 7.0000 0.0000 0.0000 0.2500 1.7500 0.0000 0.0000 b 0.1970 2.0000 1.1770 3.1755 0.2500 0.2500 0.2500 0.2500 0.2500 0.2500 0.2500 0.0000 0.0000 
main 3.0000 4.0000 3.0000 4.0000 0.0000 4.0000 3.0000 2.0000 0.0942 0.2500 0.7500 0.0906 0.1145 b 0.2700 1.0000 1.0808 2.0754 0.3491 0.1615 0.2393 0.0000 0.0000 0.0000 0.0000 0.0000 0.0000 
main 3.0000 4.0000 48.0000 5.0000 0.0000 5.0000 4.0000 2.0000 0.1070 0.2510 1.0041 0.0906 0.1145 b 0.1680 1.2541 1.3346 2.5796 0.1627 0.2884 0.1674 0.3857 0.0000 0.0000 0.0000 0.0000 0.0000 
main 3.0000 4.0000 8.0000 6.0000 0.0000 6.0000 5.0000 1.0000 0.0485 0.2503 1.2517 0.0349 0.0588 b 0.2480 1.5017 1.3771 2.8773 0.2644 0.2921 0.2481 0.2783 0.1687 0.0000 0.0000 0.0000 0.0000 
main 3.0000 4.0000 51.0000 6.0000 0.0000 6.0000 5.0000 2.0000 0.0909 0.2510 1.2549 0.0906 0.1145 b 0.2250 1.5049 1.1387 2.6472 0.3902 0.1568 0.1994 0.2865 0.2220 0.0000 0.0000 0.0000 0.0000 
main 3.0000 4.0000 52.0000 7.0000 1.0000 7.0000 6.0000 0.0000 0.0000 0.2500 1.5000 0.0000 0.0000 b 0.2180 1.7500 1.1044 2.8422 0.2500 0.2500 0.2500 0.2500 0.2500 0.2500 0.0000 0.0000 0.0000 
main 3.0000 4.0000 62.0000 10.0000 2.0000 10.0000 9.0000 1.0000 0.0561 0.2499 2.2492 0.0349 0.0588 b 0.2300 2.4992 1.3788 3.8748 0.2101 0.2796 0.3345 0.2582 0.1671 0.3138 0.1956 0.2734 0.2169 
main 3.0000 4.0000 12.0000 7.0000 1.0000 7.0000 6.0000 2.0000 0.0909 0.2496 1.4979 0.0906 0.1145 b 0.3920 1.7479 1.2533 2.9901 0.1624 0.1916 0.2960 0.3624 0.1549 0.3305 0.0000 0.0000 0.0000 
main 3.0000 4.0000 7.0000 6.0000 0.0000 6.0000 5.0000 0.0000 0.0000 0.2500 1.2500 0.0000 0.0000 b 0.2160 1.5000 1.0152 2.5088 0.2500 0.2500 0.2500 0.2500 0.2500 0.0000 0.0000 0.0000 0.0000 
main 3.0000 4.0000 23.0000 4.0000 0.0000 4.0000 3.0000 1.0000 0.0473 0.2503 0.7508 0.0349 0.0588 b 0.2260 1.0008 1.3363 2.3431 0.1976 0.2892 0.2641 0.0000 0.0000 0.0000 0.0000 0.0000 0.0000 
main 3.0000 4.0000 49.0000 6.0000 0.0000 6.0000 5.0000 0.0000 0.0000 0.2500 1.2500 0.0000 0.0000 b 0.2200 1.5000 1.0880 2.5922 0.2500 0.2500 0.2500 0.2500 0.2500 0.0000 0.0000 0.0000 0.0000 
main 3.0000 4.0000 58.0000 9.0000 1.0000 9.0000 8.0000 0.0000 0.0000 0.2500 2.0000 0.0000 0.0000 b 0.2140 2.2500 1.1232 3.3755 0.2500 0.2500 0.2500 0.2500 0.2500 0.2500 0.2500 0.2500 0.0000 
main 3.0000 4.0000 60.0000 9.0000 1.0000 9.0000 8.0000 2.0000 0.0963 0.2505 2.0036 0.0906 0.1145 b 0.2470 2.2536 1.3387 3.5959 0.2022 0.3740 0.1524 0.3540 0.1539 0.3557 0.1698 0.2416 0.0000 
main 3.0000 5.0000 15.0000 8.0000 1.0000 8.0000 7.0000 2.0000 0.0945 0.2494 1.7459 0.0906 0.1145 b 0.2010 1.9959 1.4574 3.4550 0.1538 0.3340 0.1584 0.3689 0.3250 0.2510 0.1547 0.0000 0.0000 
main 3.0000 5.0000 54.0000 7.0000 1.0000 7.0000 6.0000 2.0000 0.0936 0.2496 1.4974 0.0906 0.1145 b 0.2270 1.7474 1.2802 3.0229 0.3711 0.1546 0.2472 0.1639 0.2070 0.3537 0.0000 0.0000 0.0000 
main 3.0000 5.0000 55.0000 8.0000 1.0000 8.0000 7.0000 0.0000 0.0000 0.2500 1.7500 0.0000 0.0000 b 0.1770 2.0000 1.1018 3.0922 0.2500 0.2500 0.2500 0.2500 0.2500 0.2500 0.2500 0.0000 0.0000 
main 3.0000 5.0000 38.0000 9.0000 1.0000 9.0000 8.0000 1.0000 0.0580 0.2494 1.9953 0.0349 0.0588 b 0.1970 2.2453 1.4059 3.6376 0.2785 0.1906 0.3022 0.1914 0.2941 0.3285 0.1841 0.2259 0.0000 
main 3.0000 5.0000 3.0000 4.0000 0.0000 4.0000 3.0000 2.0000 0.1116 0.2515 0.7544 0.0906 0.1145 b 0.2550 1.0044 1.4775 2.4801 0.1542 0.3733 0.2269 0.0000 0.0000 0.0000 0.0000 0.0000 0.0000 
main 3.0000 5.0000 48.0000 5.0000 0.0000 5.0000 4.0000 2.0000 0.0991 0.2505 1.0021 0.0906 0.1145 b 0.1650 1.2521 1.3112 2.5778 0.1984 0.2612 0.3848 0.1577 0.0000 0.0000 0.0000 0.0000 0.0000 
main 3.0000 5.0000 46.0000 5.0000 0.0000 5.0000 4.0000 0.0000 0.0000 0.2500 1.0000 0.0000 0.0000 b 0.1940 1.2500 1.0991 2.3588 0.2500 0.2500 0.2500 0.2500 0.0000 0.0000 0.0000 0.0000 0.0000 
main 3.0000 5.0000 17.0000 9.0000 1.0000 9.0000 8.0000 1.0000 0.0582 0.2494 1.9955 0.0349 0.0588 b 0.1880 2.2455 1.3470 3.6046 0.2246 0.2732 0.2456 0.3018 0.1766 0.3199 0.2921 0.1616 0.0000 
main 3.0000 5.0000 10.0000 7.0000 1.0000 7.0000 6.0000 0.0000 0.0000 0.2500 1.5000 0.0000 0.0000 b 0.2240 1.7500 1.2783 3.0257 0.2500 0.2500 0.2500 0.2500 0.2500 0.2500 0.0000 0.0000 0.0000 
main 3.0000 5.0000 7.0000 6.0000 0.0000 6.0000 5.0000 0.0000 0.0000 0.2500 1.2500 0.0000 0.0000 b 0.2340 1.5000 1.4918 2.9923 0.2500 0.2500 0.2500 0.2500 0.2500 0.0000 0.0000 0.0000 0.0000 
main 3.0000 5.0000 35.0000 8.0000 1.0000 8.0000 7.0000 1.0000 0.0577 0.2501 1.7505 0.0349 0.0588 b 0.2600 2.0005 1.1358 3.1427 0.2068 0.2955 0.2489 0.3352 0.2379 0.2674 0.1587 0.0000 0.0000 
main 3.0000 5.0000 62.0000 10.0000 2.0000 10.0000 9.0000 1.0000 0.0588 0.2501 2.2511 0.0349 0.0588 b 0.1980 2.5011 1.0283 3.5266 0.2232 0.3479 0.2631 0.2061 0.1773 0.2066 0.3348 0.2664 0.2257 
main 3.0000 5.0000 21.0000 10.0000 2.0000 10.0000 9.0000 2.0000 0.0947 0.2503 2.2525 0.0906 0.1145 b 0.2190 2.5025 1.1516 3.6614 0.1880 0.3965 0.2902 0.1634 0.3290 0.1698 0.1950 0.1568 0.3638 
main 3.0000 5.0000 18.0000 9.0000 1.0000 9.0000 8.0000 2.0000 0.0928 0.2504 2.0035 0.0906 0.1145 b 0.2500 2.2535 1.1740 3.4292 0.1942 0.3706 0.1904 0.3731 0.1629 0.3357 0.2145 0.1623 0.0000 
main 3.0000 5.0000 1.0000 4.0000 0.0000 4.0000 3.0000 0.0000 0.0000 0.2500 0.7500 0.0000 0.0000 b 0.3780 1.0000 1.0528 2.0589 0.2500 0.2500 0.2500 0.0000 0.0000 0.0000 0.0000 0.0000 0.0000 
main 3.0000 5.0000 36.0000 8.0000 1.0000 8.0000 7.0000 2.0000 0.1002 0.2506 1.7540 0.0906 0.1145 b 0.1910 2.0040 1.2910 3.2961 0.3150 0.1937 0.3930 0.1881 0.1550 0.3534 0.1556 0.0000 0.0000 
main 3.0000 5.0000 26.0000 5.0000 0.0000 5.0000 4.0000 1.0000 0.0472 0.2496 0.9986 0.0349 0.0588 b 0.2630 1.2486 1.0783 2.3240 0.2961 0.2621 0.1838 0.2566 0.0000 0.0000 0.0000 0.0000 0.0000 
main 3.0000 5.0000 5.0000 5.0000 0.0000 5.0000 4.0000 1.0000 0.0552 0.2502 1.0007 0.0349 0.0588 b 0.1940 1.2507 1.0992 2.3430 0.3231 0.2194 0.2606 0.1976 0.0000 0.0000 0.0000 0.0000 0.0000 
main 3.0000 5.0000 30.0000 6.0000 0.0000 6.0000 5.0000 2.0000 0.1068 0.2505 1.2523 0.0906 0.1145 b 0.2480 1.5023 1.0885 2.5780 0.1518 0.3276 0.2323 0.3904 0.1503 0.0000 0.0000 0.0000 0.0000 
main 3.0000 5.0000 9.0000 6.0000 0.0000 6.0000 5.0000 2.0000 0.0970 0.2509 1.2547 0.0906 0.1145 b 0.2420 1.5047 1.2411 2.7470 0.1719 0.3971 0.3003 0.1730 0.2124 0.0000 0.0000 0.0000 0.0000 
main 3.0000 5.0000 19.0000 10.0000 2.0000 10.0000 9.0000 0.0000 0.0000 0.2500 2.2500 0.0000 0.0000 b 0.2460 2.5000 1.0521 3.5422 0.2500 0.2500 0.2500 0.2500 0.2500 0.2500 0.2500 0.2500 0.2500 
main 3.0000 5.0000 57.0000 8.0000 1.0000 8.0000 7.0000 2.0000 0.0993 0.2497 1.7480 0.0906 0.1145 b 0.2540 1.9980 1.0131 3.0235 0.1556 0.1952 0.3813 0.1672 0.2212 0.3982 0.2294 0.0000 0.0000 
main 3.0000 5.0000 29.0000 6.0000 0.0000 6.0000 5.0000 1.0000 0.0584 0.2492 1.2461 0.0349 0.0588 b 0.2360 1.4961 1.1243 2.6217 0.1976 0.2986 0.2578 0.1810 0.3111 0.0000 0.0000 0.0000 0.0000 
main 3.0000 5.0000 63.0000 10.0000 2.0000 10.0000 9.0000 2.0000 0.0942 0.2499 2.2488 0.0906 0.1145 b 0.1640 2.4988 1.3937 3.8911 0.1612 0.3861 0.3535 0.1625 0.2682 0.2020 0.1742 0.3629 0.1782 
main 3.0000 5.0000 31.0000 7.0000 1.0000 7.0000 6.0000 0.0000 0.0000 0.2500 1.5000 0.0000 0.0000 b 0.2050 1.7500 1.3524 3.1090 0.2500 0.2500 0.2500 0.2500 0.2500 0.2500 0.0000 0.0000 0.0000 
main 3.0000 5.0000 49.0000 6.0000 0.0000 6.0000 5.0000 0.0000 0.0000 0.2500 1.2500 0.0000 0.0000 b 0.1770 1.5000 1.2327 2.7421 0.2500 0.2500 0.2500 0.2500 0.2500 0.0000 0.0000 0.0000 0.0000 
main 3.0000 5.0000 45.0000 4.0000 0.0000 4.0000 3.0000 2.0000 0.1005 0.2508 0.7525 0.0906 0.1145 b 0.2680 1.0025 1.0750 2.0781 0.2135 0.1743 0.3647 0.0000 0.0000 0.0000 0.0000 0.0000 0.0000 
main 3.0000 5.0000 47.0000 5.0000 0.0000 5.0000 4.0000 1.0000 0.0542 0.2508 1.0032 0.0349 0.0588 b 0.2460 1.2532 1.1058 2.3620 0.3234 0.2334 0.1939 0.2525 0.0000 0.0000 0.0000 0.0000 0.0000 
main 3.0000 5.0000 16.0000 9.0000 1.0000 9.0000 8.0000 0.0000 0.0000 0.2500 2.0000 0.0000 0.0000 b 0.1610 2.2500 1.0188 3.2755 0.2500 0.2500 0.2500 0.2500 0.2500 0.2500 0.2500 0.2500 0.0000 
main 3.0000 5.0000 22.0000 4.0000 0.0000 4.0000 3.0000 0.0000 0.0000 0.2500 0.7500 0.0000 0.0000 b 0.2170 1.0000 1.1377 2.1422 0.2500 0.2500 0.2500 0.0000 0.0000 0.0000 0.0000 0.0000 0.0000 
main 3.0000 5.0000 40.0000 10.0000 2.0000 10.0000 9.0000 0.0000 0.0000 0.2500 2.2500 0.0000 0.0000 b 0.1830 2.5000 1.3809 3.8758 0.2500 0.2500 0.2500 0.2500 0.2500 0.2500 0.2500 0.2500 0.2500 
main 3.0000 5.0000 27.0000 5.0000 0.0000 5.0000 4.0000 2.0000 0.1011 0.2501 1.0002 0.0906 0.1145 b 0.2200 1.2502 1.1387 2.3924 0.1817 0.2850 0.1568 0.3767 0.0000 0.0000 0.0000 0.0000 0.0000 
main 3.0000 5.0000 12.0000 7.0000 1.0000 7.0000 6.0000 2.0000 0.0968 0.2501 1.5008 0.0906 0.1145 b 0.2210 1.7508 1.0766 2.8264 0.1801 0.1548 0.3791 0.2604 0.3520 0.1744 0.0000 0.0000 0.0000 
main 3.0000 5.0000 13.0000 8.0000 1.0000 8.0000 7.0000 0.0000 0.0000 0.2500 1.7500 0.0000 0.0000 b 0.2170 2.0000 1.3620 3.3590 0.2500 0.2500 0.2500 0.2500 0.2500 0.2500 0.2500 0.0000 0.0000 
main 3.0000 5.0000 32.0000 7.0000 1.0000 7.0000 6.0000 1.0000 0.0573 0.2507 1.5042 0.0349 0.0588 b 0.2090 1.7542 1.4916 3.2466 0.2951 0.2189 0.3369 0.2128 0.2572 0.1833 0.0000 0.0000 0.0000 
main 3.0000 5.0000 20.0000 10.0000 2.0000 10.0000 9.0000 1.0000 0.0530 0.2499 2.2495 0.0349 0.0588 b 0.2130 2.4995 1.2189 3.7084 0.1754 0.3303 0.2564 0.2854 0.2521 0.3097 0.2377 0.1827 0.2198 
main 3.0000 5.0000 14.0000 8.0000 1.0000 8.0000 7.0000 1.0000 0.0427 0.2504 1.7530 0.0349 0.0588 b 0.1940 2.0030 1.3621 3.3787 0.2862 0.2085 0.2364 0.3028 0.1932 0.2365 0.2892 0.0000 0.0000 
main 3.0000 5.0000 25.0000 5.0000 0.0000 5.0000 4.0000 0.0000 0.0000 0.2500 1.0000 0.0000 0.0000 b 0.2620 1.2500 1.4665 2.7256 0.2500 0.2500 0.2500 0.2500 0.0000 0.0000 0.0000 0.0000 0.0000 
main 3.0000 5.0000 6.0000 5.0000 0.0000 5.0000 4.0000 2.0000 0.0947 0.2492 0.9966 0.0906 0.1145 b 0.2580 1.2466 1.0801 2.3389 0.1573 0.2088 0.2515 0.3789 0.0000 0.0000 0.0000 0.0000 0.0000 
main 3.0000 5.0000 41.0000 10.0000 2.0000 10.0000 9.0000 1.0000 0.0572 0.2502 2.2518 0.0349 0.0588 b 0.1970 2.5018 1.3231 3.8273 0.2761 0.3253 0.2562 0.1828 0.2497 0.1727 0.2671 0.1948 0.3272 
main 3.0000 5.0000 44.0000 4.0000 0.0000 4.0000 3.0000 1.0000 0.0396 0.2494 0.7481 0.0349 0.0588 b 0.4000 0.9981 1.0493 2.0571 0.2216 0.2947 0.2318 0.0000 0.0000 0.0000 0.0000 0.0000 0.0000 
main 3.0000 5.0000 37.0000 9.0000 1.0000 9.0000 8.0000 0.0000 0.0000 0.2500 2.0000 0.0000 0.0000 b 0.1880 2.2500 1.2848 3.5423 0.2500 0.2500 0.2500 0.2500 0.2500 0.2500 0.2500 0.2500 0.0000 
main 3.0000 5.0000 53.0000 7.0000 1.0000 7.0000 6.0000 1.0000 0.0572 0.2498 1.4990 0.0349 0.0588 b 0.1790 1.7490 1.1156 2.8746 0.2473 0.1705 0.3123 0.1984 0.2627 0.3079 0.0000 0.0000 0.0000 
main 3.0000 5.0000 51.0000 6.0000 0.0000 6.0000 5.0000 2.0000 0.0964 0.2504 1.2519 0.0906 0.1145 b 0.2430 1.5019 1.1779 2.6773 0.1621 0.3118 0.1690 0.2236 0.3854 0.0000 0.0000 0.0000 0.0000 
main 3.0000 5.0000 23.0000 4.0000 0.0000 4.0000 3.0000 1.0000 0.0563 0.2512 0.7537 0.0349 0.0588 b 0.3150 1.0037 1.2980 2.2961 0.3042 0.2574 0.1921 0.0000 0.0000 0.0000 0.0000 0.0000 0.0000 
main 3.0000 5.0000 34.0000 8.0000 1.0000 8.0000 7.0000 0.0000 0.0000 0.2500 1.7500 0.0000 0.0000 b 0.2470 2.0000 1.4091 3.4089 0.2500 0.2500 0.2500 0.2500 0.2500 0.2500 0.2500 0.0000 0.0000 
main 3.0000 5.0000 4.0000 5.0000 0.0000 5.0000 4.0000 0.0000 0.0000 0.2500 1.0000 0.0000 0.0000 b 0.2620 1.2500 1.0449 2.2922 0.2500 0.2500 0.2500 0.2500 0.0000 0.0000 0.0000 0.0000 0.0000 
main 3.0000 5.0000 2.0000 4.0000 0.0000 4.0000 3.0000 1.0000 0.0362 0.2491 0.7474 0.0349 0.0588 b 0.1650 0.9974 1.4082 2.4063 0.2557 0.2816 0.2101 0.0000 0.0000 0.0000 0.0000 0.0000 0.0000 
main 3.0000 5.0000 50.0000 6.0000 0.0000 6.0000 5.0000 1.0000 0.0528 0.2507 1.2533 0.0349 0.0588 b 0.2170 1.5033 1.3004 2.7956 0.2121 0.2753 0.2254 0.3321 0.2084 0.0000 0.0000 0.0000 0.0000 
main 3.0000 5.0000 28.0000 6.0000 0.0000 6.0000 5.0000 0.0000 0.0000 0.2500 1.2500 0.0000 0.0000 b 0.2040 1.5000 1.3395 2.8422 0.2500 0.2500 0.2500 0.2500 0.2500 0.0000 0.0000 0.0000 0.0000 
main 3.0000 5.0000 58.0000 9.0000 1.0000 9.0000 8.0000 0.0000 0.0000 0.2500 2.0000 0.0000 0.0000 b 0.2270 2.2500 1.0261 3.2754 0.2500 0.2500 0.2500 0.2500 0.2500 0.2500 0.2500 0.2500 0.0000 
main 3.0000 5.0000 33.0000 7.0000 1.0000 7.0000 6.0000 2.0000 0.0933 0.2504 1.5026 0.0906 0.1145 b 0.2230 1.7526 1.0483 2.7948 0.1696 0.3882 0.1551 0.2131 0.2400 0.3365 0.0000 0.0000 0.0000 
main 3.0000 5.0000 42.0000 10.0000 2.0000 10.0000 9.0000 2.0000 0.0982 0.2502 2.2520 0.0906 0.1145 b 0.2480 2.5020 1.0216 3.5276 0.2924 0.1567 0.3891 0.1677 0.3482 0.1679 0.1940 0.1672 0.3687 
main 3.0000 5.0000 59.0000 9.0000 1.0000 9.0000 8.0000 1.0000 0.0550 0.2496 1.9969 0.0349 0.0588 b 0.3260 2.2469 1.0414 3.2890 0.1898 0.2623 0.3407 0.1732 0.2338 0.2630 0.3008 0.2332 0.0000 
main 3.0000 5.0000 39.0000 9.0000 1.0000 9.0000 8.0000 2.0000 0.0962 0.2504 2.0032 0.0906 0.1145 b 0.2500 2.2532 1.1343 3.3956 0.3695 0.1520 0.1858 0.3944 0.2645 0.1558 0.1827 0.2984 0.0000 
main 3.0000 5.0000 43.0000 4.0000 0.0000 4.0000 3.0000 0.0000 0.0000 0.2500 0.7500 0.0000 0.0000 b 0.3090 1.0000 1.3448 2.3422 0.2500 0.2500 0.2500 0.0000 0.0000 0.0000 0.0000 0.0000 0.0000 
main 3.0000 5.0000 56.0000 8.0000 1.0000 8.0000 7.0000 1.0000 0.0583 0.2505 1.7537 0.0349 0.0588 b 0.2040 2.0037 1.3457 3.3461 0.3237 0.1714 0.2298 0.1985 0.2776 0.2340 0.3187 0.0000 0.0000 
main 3.0000 5.0000 11.0000 7.0000 1.0000 7.0000 6.0000 1.0000 0.0565 0.2502 1.5011 0.0349 0.0588 b 0.2390 1.7511 1.0248 2.7766 0.2877 0.2079 0.3172 0.2304 0.2880 0.1698 0.0000 0.0000 0.0000 
main 3.0000 5.0000 61.0000 10.0000 2.0000 10.0000 9.0000 0.0000 0.0000 0.2500 2.2500 0.0000 0.0000 b 0.2200 2.5000 1.3988 3.8923 0.2500 0.2500 0.2500 0.2500 0.2500 0.2500 0.2500 0.2500 0.2500 
main 3.0000 5.0000 8.0000 6.0000 0.0000 6.0000 5.0000 1.0000 0.0526 0.2494 1.2468 0.0349 0.0588 b 0.2380 1.4968 1.0675 2.5722 0.2689 0.2338 0.3038 0.1665 0.2738 0.0000 0.0000 0.0000 0.0000 
main 3.0000 5.0000 24.0000 4.0000 0.0000 4.0000 3.0000 2.0000 0.0968 0.2497 0.7491 0.0906 0.1145 b 0.2580 0.9991 1.1649 2.1578 0.1560 0.3494 0.2436 0.0000 0.0000 0.0000 0.0000 0.0000 0.0000 
main 3.0000 5.0000 60.0000 9.0000 1.0000 9.0000 8.0000 2.0000 0.0980 0.2495 1.9959 0.0906 0.1145 b 0.2110 2.2459 1.4522 3.6884 0.1602 0.1925 0.2853 0.3939 0.1940 0.1658 0.2065 0.3978 0.0000 
main 3.0000 5.0000 52.0000 7.0000 1.0000 7.0000 6.0000 0.0000 0.0000 0.2500 1.5000 0.0000 0.0000 b 0.2290 1.7500 1.2636 3.0088 0.2500 0.2500 0.2500 0.2500 0.2500 0.2500 0.0000 0.0000 0.0000 
main 3.0000 6.0000 42.0000 10.0000 2.0000 10.0000 9.0000 2.0000 0.1040 0.2502 2.2520 0.0906 0.1145 b 0.1840 2.5020 1.0644 3.5775 0.3743 0.1564 0.3962 0.1703 0.2506 0.1569 0.2121 0.1582 0.3771 
main 3.0000 6.0000 36.0000 8.0000 1.0000 8.0000 7.0000 2.0000 0.0940 0.2493 1.7453 0.0906 0.1145 b 0.2000 1.9953 1.0081 3.0041 0.1672 0.3750 0.2707 0.3687 0.1501 0.2405 0.1730 0.0000 0.0000 
main 3.0000 6.0000 25.0000 5.0000 0.0000 5.0000 4.0000 0.0000 0.0000 0.2500 1.0000 0.0000 0.0000 b 0.2320 1.2500 1.2528 2.5088 0.2500 0.2500 0.2500 0.2500 0.0000 0.0000 0.0000 0.0000 0.0000 
main 3.0000 6.0000 38.0000 9.0000 1.0000 9.0000 8.0000 1.0000 0.0574 0.2503 2.0020 0.0349 0.0588 b 0.2430 2.2520 1.4531 3.7110 0.2383 0.3133 0.2357 0.1874 0.3087 0.1619 0.2472 0.3096 0.0000 
main 3.0000 6.0000 2.0000 4.0000 0.0000 4.0000 3.0000 1.0000 0.0356 0.2500 0.7501 0.0349 0.0588 b 0.2600 1.0001 1.4876 2.4924 0.2876 0.2168 0.2458 0.0000 0.0000 0.0000 0.0000 0.0000 0.0000 
main 3.0000 6.0000 27.0000 5.0000 0.0000 5.0000 4.0000 2.0000 0.1007 0.2489 0.9956 0.0906 0.1145 b 0.2170 1.2456 1.2073 2.4545 0.2546 0.1929 0.1600 0.3881 0.0000 0.0000 0.0000 0.0000 0.0000 
main 3.0000 6.0000 11.0000 7.0000 1.0000 7.0000 6.0000 1.0000 0.0544 0.2505 1.5029 0.0349 0.0588 b 0.1920 1.7529 1.3004 3.0618 0.2828 0.2284 0.2021 0.3452 0.2088 0.2356 0.0000 0.0000 0.0000 
main 3.0000 6.0000 44.0000 4.0000 0.0000 4.0000 3.0000 1.0000 0.0356 0.2498 0.7494 0.0349 0.0588 b 0.2780 0.9994 1.1554 2.1583 0.2793 0.2102 0.2599 0.0000 0.0000 0.0000 0.0000 0.0000 0.0000 
main 3.0000 6.0000 34.0000 8.0000 1.0000 8.0000 7.0000 0.0000 0.0000 0.2500 1.7500 0.0000 0.0000 b 0.2110 2.0000 1.4468 3.4422 0.2500 0.2500 0.2500 0.2500 0.2500 0.2500 0.2500 0.0000 0.0000 
main 3.0000 6.0000 10.0000 7.0000 1.0000 7.0000 6.0000 0.0000 0.0000 0.2500 1.5000 0.0000 0.0000 b 0.2270 1.7500 1.0869 2.8422 0.2500 0.2500 0.2500 0.2500 0.2500 0.2500 0.0000 0.0000 0.0000 
main 3.0000 6.0000 31.0000 7.0000 1.0000 7.0000 6.0000 0.0000 0.0000 0.2500 1.5000 0.0000 0.0000 b 0.2520 1.7500 1.4740 3.2257 0.2500 0.2500 0.2500 0.2500 0.2500 0.2500 0.0000 0.0000 0.0000 
main 3.0000 6.0000 6.0000 5.0000 0.0000 5.0000 4.0000 2.0000 0.0986 0.2491 0.9965 0.0906 0.1145 b 0.2900 1.2465 1.2419 2.4888 0.2259 0.1941 0.3944 0.1821 0.0000 0.0000 0.0000 0.0000 0.0000 
main 3.0000 6.0000 17.0000 9.0000 1.0000 9.0000 8.0000 1.0000 0.0532 0.2501 2.0006 0.0349 0.0588 b 0.1920 2.2506 1.3975 3.6430 0.1796 0.2360 0.2686 0.3208 0.2272 0.2019 0.3293 0.2373 0.0000 
main 3.0000 6.0000 23.0000 4.0000 0.0000 4.0000 3.0000 1.0000 0.0561 0.2515 0.7544 0.0349 0.0588 b 0.2720 1.0044 1.2888 2.2801 0.3102 0.2456 0.1985 0.0000 0.0000 0.0000 0.0000 0.0000 0.0000 
main 3.0000 6.0000 13.0000 8.0000 1.0000 8.0000 7.0000 0.0000 0.0000 0.2500 1.7500 0.0000 0.0000 b 0.5050 2.0000 1.2237 3.2089 0.2500 0.2500 0.2500 0.2500 0.2500 0.2500 0.2500 0.0000 0.0000 
main 3.0000 6.0000 46.0000 5.0000 0.0000 5.0000 4.0000 0.0000 0.0000 0.2500 1.0000 0.0000 0.0000 b 0.3680 1.2500 1.0654 2.3255 0.2500 0.2500 0.2500 0.2500 0.0000 0.0000 0.0000 0.0000 0.0000 
main 3.0000 6.0000 5.0000 5.0000 0.0000 5.0000 4.0000 1.0000 0.0549 0.2505 1.0019 0.0349 0.0588 b 0.2200 1.2519 1.2964 2.5607 0.2666 0.2092 0.3211 0.2049 0.0000 0.0000 0.0000 0.0000 0.0000 
main 3.0000 6.0000 20.0000 10.0000 2.0000 10.0000 9.0000 1.0000 0.0583 0.2496 2.2465 0.0349 0.0588 b 0.2580 2.4965 1.1481 3.6553 0.3276 0.1892 0.2577 0.3049 0.2462 0.2915 0.1543 0.1978 0.2774 
main 3.0000 6.0000 51.0000 6.0000 0.0000 6.0000 5.0000 2.0000 0.0974 0.2496 1.2482 0.0906 0.1145 b 0.2510 1.4982 1.0763 2.5737 0.1597 0.3436 0.1628 0.2202 0.3619 0.0000 0.0000 0.0000 0.0000 
main 3.0000 6.0000 1.0000 4.0000 0.0000 4.0000 3.0000 0.0000 0.0000 0.2500 0.7500 0.0000 0.0000 b 0.2500 1.0000 1.1268 2.1255 0.2500 0.2500 0.2500 0.0000 0.0000 0.0000 0.0000 0.0000 0.0000 
main 3.0000 6.0000 8.0000 6.0000 0.0000 6.0000 5.0000 1.0000 0.0579 0.2498 1.2491 0.0349 0.0588 b 0.2300 1.4991 1.1751 2.6745 0.2049 0.2921 0.3265 0.2347 0.1909 0.0000 0.0000 0.0000 0.0000 
main 3.0000 6.0000 56.0000 8.0000 1.0000 8.0000 7.0000 1.0000 0.0553 0.2498 1.7484 0.0349 0.0588 b 0.2420 1.9984 1.1232 3.1238 0.1747 0.2854 0.1897 0.2646 0.2325 0.3333 0.2681 0.0000 0.0000 
main 3.0000 6.0000 32.0000 7.0000 1.0000 7.0000 6.0000 1.0000 0.0547 0.2501 1.5005 0.0349 0.0588 b 0.2150 1.7505 1.3752 3.1262 0.2646 0.3268 0.1757 0.2797 0.2532 0.2006 0.0000 0.0000 0.0000 
main 3.0000 6.0000 28.0000 6.0000 0.0000 6.0000 5.0000 0.0000 0.0000 0.2500 1.2500 0.0000 0.0000 b 0.2190 1.5000 1.0311 2.5255 0.2500 0.2500 0.2500 0.2500 0.2500 0.0000 0.0000 0.0000 0.0000 
main 3.0000 6.0000 60.0000 9.0000 1.0000 9.0000 8.0000 2.0000 0.0937 0.2497 1.9979 0.0906 0.1145 b 0.5790 2.2479 1.2051 3.4568 0.2744 0.2360 0.1576 0.3776 0.1600 0.1875 0.3983 0.2064 0.0000 
main 3.0000 6.0000 39.0000 9.0000 1.0000 9.0000 8.0000 2.0000 0.0919 0.2500 1.9998 0.0906 0.1145 b 0.1770 2.2498 1.2759 3.5255 0.1567 0.3893 0.1632 0.3240 0.1602 0.2156 0.2475 0.3433 0.0000 
main 3.0000 6.0000 48.0000 5.0000 0.0000 5.0000 4.0000 2.0000 0.0932 0.2489 0.9956 0.0906 0.1145 b 0.2300 1.2456 1.4718 2.7213 0.1717 0.3572 0.2961 0.1706 0.0000 0.0000 0.0000 0.0000 0.0000 
main 3.0000 6.0000 45.0000 4.0000 0.0000 4.0000 3.0000 2.0000 0.1003 0.2504 0.7511 0.0906 0.1145 b 0.1830 1.0011 1.2761 2.2767 0.1542 0.3542 0.2427 0.0000 0.0000 0.0000 0.0000 0.0000 0.0000 
main 3.0000 6.0000 21.0000 10.0000 2.0000 10.0000 9.0000 2.0000 0.0952 0.2500 2.2504 0.0906 0.1145 b 0.1500 2.5004 1.3716 3.8595 0.1829 0.3391 0.1563 0.3952 0.2302 0.1613 0.2545 0.3689 0.1620 
main 3.0000 6.0000 43.0000 4.0000 0.0000 4.0000 3.0000 0.0000 0.0000 0.2500 0.7500 0.0000 0.0000 b 0.2800 1.0000 1.4881 2.4756 0.2500 0.2500 0.2500 0.0000 0.0000 0.0000 0.0000 0.0000 0.0000 
main 3.0000 6.0000 50.0000 6.0000 0.0000 6.0000 5.0000 1.0000 0.0468 0.2505 1.2527 0.0349 0.0588 b 0.2110 1.5027 1.0676 2.5781 0.2181 0.2744 0.3205 0.2068 0.2329 0.0000 0.0000 0.0000 0.0000 
main 3.0000 6.0000 33.0000 7.0000 1.0000 7.0000 6.0000 2.0000 0.0947 0.2506 1.5036 0.0906 0.1145 b 0.2810 1.7536 1.0789 2.8456 0.1541 0.1928 0.3614 0.1792 0.3721 0.2441 0.0000 0.0000 0.0000 
main 3.0000 6.0000 62.0000 10.0000 2.0000 10.0000 9.0000 1.0000 0.0559 0.2494 2.2450 0.0349 0.0588 b 0.1820 2.4950 1.1233 3.6205 0.2045 0.3237 0.2351 0.2890 0.1822 0.3205 0.2387 0.1763 0.2750 
main 3.0000 6.0000 15.0000 8.0000 1.0000 8.0000 7.0000 2.0000 0.0951 0.2497 1.7476 0.0906 0.1145 b 0.1950 1.9976 1.1101 3.1064 0.1562 0.3454 0.1560 0.3525 0.2411 0.1561 0.3403 0.0000 0.0000 
main 3.0000 6.0000 7.0000 6.0000 0.0000 6.0000 5.0000 0.0000 0.0000 0.2500 1.2500 0.0000 0.0000 b 0.2370 1.5000 1.1171 2.6256 0.2500 0.2500 0.2500 0.2500 0.2500 0.0000 0.0000 0.0000 0.0000 
main 3.0000 6.0000 19.0000 10.0000 2.0000 10.0000 9.0000 0.0000 0.0000 0.2500 2.2500 0.0000 0.0000 b 0.1930 2.5000 1.0311 3.5420 0.2500 0.2500 0.2500 0.2500 0.2500 0.2500 0.2500 0.2500 0.2500 
main 3.0000 6.0000 57.0000 8.0000 1.0000 8.0000 7.0000 2.0000 0.0965 0.2506 1.7541 0.0906 0.1145 b 0.2610 2.0041 1.1048 3.1130 0.3644 0.1629 0.2375 0.3953 0.1635 0.2602 0.1703 0.0000 0.0000 
main 3.0000 6.0000 59.0000 9.0000 1.0000 9.0000 8.0000 1.0000 0.0568 0.2502 2.0014 0.0349 0.0588 b 0.1850 2.2514 1.0527 3.3103 0.1719 0.2729 0.1973 0.3361 0.2094 0.2699 0.3093 0.2345 0.0000 
main 3.0000 6.0000 16.0000 9.0000 1.0000 9.0000 8.0000 0.0000 0.0000 0.2500 2.0000 0.0000 0.0000 b 0.1920 2.2500 1.4254 3.6757 0.2500 0.2500 0.2500 0.2500 0.2500 0.2500 0.2500 0.2500 0.0000 
main 3.0000 6.0000 49.0000 6.0000 0.0000 6.0000 5.0000 0.0000 0.0000 0.2500 1.2500 0.0000 0.0000 b 0.2430 1.5000 1.1316 2.6255 0.2500 0.2500 0.2500 0.2500 0.2500 0.0000 0.0000 0.0000 0.0000 
main 3.0000 6.0000 18.0000 9.0000 1.0000 9.0000 8.0000 2.0000 0.1004 0.2495 1.9957 0.0906 0.1145 b 0.2550 2.2457 1.0042 3.2545 0.3582 0.1710 0.2094 0.3560 0.1639 0.1906 0.3910 0.1558 0.0000 
main 3.0000 6.0000 12.0000 7.0000 1.0000 7.0000 6.0000 2.0000 0.1040 0.2505 1.5027 0.0906 0.1145 b 0.4040 1.7527 1.3952 3.1450 0.1617 0.2079 0.3651 0.3987 0.2023 0.1671 0.0000 0.0000 0.0000 
main 3.0000 6.0000 35.0000 8.0000 1.0000 8.0000 7.0000 1.0000 0.0500 0.2497 1.7478 0.0349 0.0588 b 0.1910 1.9978 1.1728 3.1735 0.1943 0.3018 0.2297 0.3163 0.1893 0.2406 0.2757 0.0000 0.0000 
main 3.0000 6.0000 47.0000 5.0000 0.0000 5.0000 4.0000 1.0000 0.0498 0.2504 1.0014 0.0349 0.0588 b 0.1210 1.2514 1.1919 2.4436 0.1846 0.2492 0.3046 0.2631 0.0000 0.0000 0.0000 0.0000 0.0000 
main 3.0000 6.0000 4.0000 5.0000 0.0000 5.0000 4.0000 0.0000 0.0000 0.2500 1.0000 0.0000 0.0000 b 0.1840 1.2500 1.3103 2.5588 0.2500 0.2500 0.2500 0.2500 0.0000 0.0000 0.0000 0.0000 0.0000 
main 3.0000 6.0000 29.0000 6.0000 0.0000 6.0000 5.0000 1.0000 0.0510 0.2493 1.2464 0.0349 0.0588 b 0.1310 1.4964 1.1605 2.6552 0.1888 0.2867 0.3133 0.2434 0.2141 0.0000 0.0000 0.0000 0.0000 
main 3.0000 6.0000 9.0000 6.0000 0.0000 6.0000 5.0000 2.0000 0.1000 0.2503 1.2513 0.0906 0.1145 b 0.1680 1.5013 1.1046 2.6102 0.1700 0.1998 0.3182 0.3920 0.1712 0.0000 0.0000 0.0000 0.0000 
main 3.0000 6.0000 30.0000 6.0000 0.0000 6.0000 5.0000 2.0000 0.1011 0.2499 1.2495 0.0906 0.1145 b 0.1440 1.4995 1.1857 2.6918 0.3403 0.3756 0.1575 0.2068 0.1693 0.0000 0.0000 0.0000 0.0000 
main 3.0000 6.0000 61.0000 10.0000 2.0000 10.0000 9.0000 0.0000 0.0000 0.2500 2.2500 0.0000 0.0000 b 0.1510 2.5000 1.0419 3.5422 0.2500 0.2500 0.2500 0.2500 0.2500 0.2500 0.2500 0.2500 0.2500 
main 3.0000 6.0000 54.0000 7.0000 1.0000 7.0000 6.0000 2.0000 0.0967 0.2502 1.5014 0.0906 0.1145 b 0.2370 1.7514 1.3359 3.0938 0.1632 0.3736 0.1580 0.3542 0.1844 0.2680 0.0000 0.0000 0.0000 
main 3.0000 6.0000 55.0000 8.0000 1.0000 8.0000 7.0000 0.0000 0.0000 0.2500 1.7500 0.0000 0.0000 b 0.3090 2.0000 1.4293 3.4257 0.2500 0.2500 0.2500 0.2500 0.2500 0.2500 0.2500 0.0000 0.0000 
main 3.0000 6.0000 24.0000 4.0000 0.0000 4.0000 3.0000 2.0000 0.1096 0.2504 0.7512 0.0906 0.1145 b 0.2670 1.0012 1.0490 2.0601 0.1634 0.2142 0.3736 0.0000 0.0000 0.0000 0.0000 0.0000 0.0000 
main 3.0000 6.0000 40.0000 10.0000 2.0000 10.0000 9.0000 0.0000 0.0000 0.2500 2.2500 0.0000 0.0000 b 0.1670 2.5000 1.3426 3.8423 0.2500 0.2500 0.2500 0.2500 0.2500 0.2500 0.2500 0.2500 0.2500 
main 3.0000 6.0000 52.0000 7.0000 1.0000 7.0000 6.0000 0.0000 0.0000 0.2500 1.5000 0.0000 0.0000 b 0.1900 1.7500 1.0243 2.7754 0.2500 0.2500 0.2500 0.2500 0.2500 0.2500 0.0000 0.0000 0.0000 
main 3.0000 6.0000 3.0000 4.0000 0.0000 4.0000 3.0000 2.0000 0.0994 0.2511 0.7534 0.0906 0.1145 b 0.2450 1.0034 1.4905 2.4958 0.2197 0.1713 0.3625 0.0000 0.0000 0.0000 0.0000 0.0000 0.0000 
main 3.0000 6.0000 37.0000 9.0000 1.0000 9.0000 8.0000 0.0000 0.0000 0.2500 2.0000 0.0000 0.0000 b 0.2700 2.2500 1.3382 3.5923 0.2500 0.2500 0.2500 0.2500 0.2500 0.2500 0.2500 0.2500 0.0000 
main 3.0000 6.0000 63.0000 10.0000 2.0000 10.0000 9.0000 2.0000 0.0932 0.2500 2.2503 0.0906 0.1145 b 0.2590 2.5003 1.1136 3.6093 0.1675 0.1931 0.1610 0.2245 0.3869 0.3122 0.1731 0.2333 0.3987 
main 3.0000 6.0000 22.0000 4.0000 0.0000 4.0000 3.0000 0.0000 0.0000 0.2500 0.7500 0.0000 0.0000 b 0.3390 1.0000 1.2759 2.2756 0.2500 0.2500 0.2500 0.0000 0.0000 0.0000 0.0000 0.0000 0.0000 
main 3.0000 6.0000 41.0000 10.0000 2.0000 10.0000 9.0000 1.0000 0.0531 0.2494 2.2450 0.0349 0.0588 b 0.2340 2.4950 1.4779 3.9708 0.1869 0.2276 0.3354 0.2245 0.1795 0.2874 0.2285 0.3035 0.2717 
main 3.0000 6.0000 53.0000 7.0000 1.0000 7.0000 6.0000 1.0000 0.0549 0.2493 1.4957 0.0349 0.0588 b 0.1870 1.7457 1.2461 2.9880 0.2996 0.1711 0.2773 0.2046 0.3079 0.2352 0.0000 0.0000 0.0000 
main 3.0000 6.0000 14.0000 8.0000 1.0000 8.0000 7.0000 1.0000 0.0576 0.2500 1.7503 0.0349 0.0588 b 0.1380 2.0003 1.3218 3.3092 0.2123 0.1707 0.3106 0.2009 0.3221 0.2539 0.2798 0.0000 0.0000 
main 3.0000 6.0000 26.0000 5.0000 0.0000 5.0000 4.0000 1.0000 0.0509 0.2510 1.0041 0.0349 0.0588 b 0.3380 1.2541 1.4199 2.6799 0.2101 0.3131 0.2087 0.2722 0.0000 0.0000 0.0000 0.0000 0.0000 
main 3.0000 6.0000 58.0000 9.0000 1.0000 9.0000 8.0000 0.0000 0.0000 0.2500 2.0000 0.0000 0.0000 b 0.2710 2.2500 1.3672 3.6257 0.2500 0.2500 0.2500 0.2500 0.2500 0.2500 0.2500 0.2500 0.0000 
main 3.0000 7.0000 29.0000 6.0000 0.0000 6.0000 5.0000 1.0000 0.0530 0.2501 1.2507 0.0349 0.0588 b 0.1820 1.5007 1.2515 2.7428 0.1876 0.3076 0.2125 0.3005 0.2424 0.0000 0.0000 0.0000 0.0000 
main 3.0000 7.0000 37.0000 9.0000 1.0000 9.0000 8.0000 0.0000 0.0000 0.2500 2.0000 0.0000 0.0000 b 0.1340 2.2500 1.4285 3.6757 0.2500 0.2500 0.2500 0.2500 0.2500 0.2500 0.2500 0.2500 0.0000 
main 3.0000 7.0000 38.0000 9.0000 1.0000 9.0000 8.0000 1.0000 0.0572 0.2504 2.0034 0.0349 0.0588 b 0.1660 2.2534 1.4232 3.6791 0.2472 0.2049 0.1774 0.2872 0.2162 0.3483 0.3010 0.2213 0.0000 
main 3.0000 7.0000 61.0000 10.0000 2.0000 10.0000 9.0000 0.0000 0.0000 0.2500 2.2500 0.0000 0.0000 b 0.1520 2.5000 1.1266 3.6256 0.2500 0.2500 0.2500 0.2500 0.2500 0.2500 0.2500 0.2500 0.2500 
main 3.0000 7.0000 51.0000 6.0000 0.0000 6.0000 5.0000 2.0000 0.0921 0.2498 1.2488 0.0906 0.1145 b 0.3180 1.4988 1.0205 2.5244 0.1655 0.2383 0.2716 0.1783 0.3951 0.0000 0.0000 0.0000 0.0000 
main 3.0000 7.0000 47.0000 5.0000 0.0000 5.0000 4.0000 1.0000 0.0482 0.2492 0.9969 0.0349 0.0588 b 0.2330 1.2469 1.2217 2.4725 0.2368 0.2050 0.3180 0.2371 0.0000 0.0000 0.0000 0.0000 0.0000 
main 3.0000 7.0000 15.0000 8.0000 1.0000 8.0000 7.0000 2.0000 0.0907 0.2498 1.7485 0.0906 0.1145 b 0.1920 1.9985 1.4470 3.4575 0.1570 0.3834 0.3568 0.2642 0.2315 0.1937 0.1618 0.0000 0.0000 
main 3.0000 7.0000 62.0000 10.0000 2.0000 10.0000 9.0000 1.0000 0.0512 0.2497 2.2474 0.0349 0.0588 b 0.2070 2.4974 1.1874 3.6898 0.2145 0.2396 0.2825 0.2453 0.3044 0.1886 0.3436 0.1988 0.2300 
main 3.0000 7.0000 58.0000 9.0000 1.0000 9.0000 8.0000 0.0000 0.0000 0.2500 2.0000 0.0000 0.0000 b 0.2370 2.2500 1.0433 3.2922 0.2500 0.2500 0.2500 0.2500 0.2500 0.2500 0.2500 0.2500 0.0000 
main 3.0000 7.0000 12.0000 7.0000 1.0000 7.0000 6.0000 2.0000 0.0926 0.2493 1.4959 0.0906 0.1145 b 0.2330 1.7459 1.1993 2.9382 0.3930 0.1522 0.1814 0.3091 0.1860 0.2742 0.0000 0.0000 0.0000 
main 3.0000 7.0000 10.0000 7.0000 1.0000 7.0000 6.0000 0.0000 0.0000 0.2500 1.5000 0.0000 0.0000 b 0.2420 1.7500 1.4386 3.1924 0.2500 0.2500 0.2500 0.2500 0.2500 0.2500 0.0000 0.0000 0.0000 
main 3.0000 7.0000 8.0000 6.0000 0.0000 6.0000 5.0000 1.0000 0.0558 0.2496 1.2482 0.0349 0.0588 b 0.1990 1.4982 1.4324 2.9238 0.2778 0.1777 0.2175 0.3234 0.2519 0.0000 0.0000 0.0000 0.0000 
main 3.0000 7.0000 43.0000 4.0000 0.0000 4.0000 3.0000 0.0000 0.0000 0.2500 0.7500 0.0000 0.0000 b 0.1850 1.0000 1.2796 2.2754 0.2500 0.2500 0.2500 0.0000 0.0000 0.0000 0.0000 0.0000 0.0000 
main 3.0000 7.0000 14.0000 8.0000 1.0000 8.0000 7.0000 1.0000 0.0509 0.2500 1.7499 0.0349 0.0588 b 0.1870 1.9999 1.3645 3.3590 0.2322 0.3316 0.2178 0.1881 0.2502 0.3054 0.2246 0.0000 0.0000 
main 3.0000 7.0000 46.0000 5.0000 0.0000 5.0000 4.0000 0.0000 0.0000 0.2500 1.0000 0.0000 0.0000 b 0.3720 1.2500 1.0519 2.2923 0.2500 0.2500 0.2500 0.2500 0.0000 0.0000 0.0000 0.0000 0.0000 
main 3.0000 7.0000 45.0000 4.0000 0.0000 4.0000 3.0000 2.0000 0.0973 0.2493 0.7478 0.0906 0.1145 b 0.2180 0.9978 1.2119 2.2069 0.1520 0.2491 0.3467 0.0000 0.0000 0.0000 0.0000 0.0000 0.0000 
main 3.0000 7.0000 20.0000 10.0000 2.0000 10.0000 9.0000 1.0000 0.0588 0.2496 2.2468 0.0349 0.0588 b 0.2120 2.4968 1.1085 3.6057 0.1917 0.2182 0.3522 0.2131 0.3380 0.2117 0.2699 0.2443 0.2076 
main 3.0000 7.0000 54.0000 7.0000 1.0000 7.0000 6.0000 2.0000 0.0910 0.2506 1.5038 0.0906 0.1145 b 0.2100 1.7538 1.3420 3.0962 0.3319 0.1806 0.3797 0.1668 0.2704 0.1744 0.0000 0.0000 0.0000 
main 3.0000 7.0000 6.0000 5.0000 0.0000 5.0000 4.0000 2.0000 0.0981 0.2490 0.9961 0.0906 0.1145 b 0.2640 1.2461 1.2586 2.5051 0.3912 0.2322 0.2024 0.1704 0.0000 0.0000 0.0000 0.0000 0.0000 
main 3.0000 7.0000 31.0000 7.0000 1.0000 7.0000 6.0000 0.0000 0.0000 0.2500 1.5000 0.0000 0.0000 b 0.1890 1.7500 1.1460 2.9088 0.2500 0.2500 0.2500 0.2500 0.2500 0.2500 0.0000 0.0000 0.0000 
main 3.0000 7.0000 25.0000 5.0000 0.0000 5.0000 4.0000 0.0000 0.0000 0.2500 1.0000 0.0000 0.0000 b 0.4080 1.2500 1.1325 2.3924 0.2500 0.2500 0.2500 0.2500 0.0000 0.0000 0.0000 0.0000 0.0000 
main 3.0000 7.0000 57.0000 8.0000 1.0000 8.0000 7.0000 2.0000 0.0908 0.2503 1.7522 0.0906 0.1145 b 0.2190 2.0022 1.1035 3.1110 0.3431 0.1751 0.3939 0.2207 0.1774 0.2790 0.1630 0.0000 0.0000 
main 3.0000 7.0000 56.0000 8.0000 1.0000 8.0000 7.0000 1.0000 0.0563 0.2498 1.7483 0.0349 0.0588 b 0.1890 1.9983 1.1948 3.1904 0.2197 0.1810 0.2464 0.2076 0.3513 0.2574 0.2849 0.0000 0.0000 
main 3.0000 7.0000 55.0000 8.0000 1.0000 8.0000 7.0000 0.0000 0.0000 0.2500 1.7500 0.0000 0.0000 b 0.2050 2.0000 1.4619 3.4589 0.2500 0.2500 0.2500 0.2500 0.2500 0.2500 0.2500 0.0000 0.0000 
main 3.0000 7.0000 49.0000 6.0000 0.0000 6.0000 5.0000 0.0000 0.0000 0.2500 1.2500 0.0000 0.0000 b 0.2470 1.5000 1.4966 2.9924 0.2500 0.2500 0.2500 0.2500 0.2500 0.0000 0.0000 0.0000 0.0000 
main 3.0000 7.0000 3.0000 4.0000 0.0000 4.0000 3.0000 2.0000 0.0967 0.2512 0.7535 0.0906 0.1145 b 0.2930 1.0035 1.1031 2.1125 0.3598 0.1748 0.2189 0.0000 0.0000 0.0000 0.0000 0.0000 0.0000 
main 3.0000 7.0000 5.0000 5.0000 0.0000 5.0000 4.0000 1.0000 0.0531 0.2506 1.0023 0.0349 0.0588 b 0.2090 1.2523 1.4224 2.6780 0.2661 0.2385 0.3124 0.1854 0.0000 0.0000 0.0000 0.0000 0.0000 
main 3.0000 7.0000 41.0000 10.0000 2.0000 10.0000 9.0000 1.0000 0.0569 0.2505 2.2548 0.0349 0.0588 b 0.1800 2.5048 1.3171 3.8138 0.1930 0.2722 0.3258 0.1658 0.2712 0.2064 0.2663 0.2258 0.3284 
main 3.0000 7.0000 23.0000 4.0000 0.0000 4.0000 3.0000 1.0000 0.0501 0.2488 0.7465 0.0349 0.0588 b 0.2220 0.9965 1.4173 2.4056 0.2401 0.3028 0.2037 0.0000 0.0000 0.0000 0.0000 0.0000 0.0000 
main 3.0000 7.0000 42.0000 10.0000 2.0000 10.0000 9.0000 2.0000 0.0965 0.2504 2.2537 0.0906 0.1145 b 0.2020 2.5037 1.0364 3.5291 0.2561 0.1703 0.3926 0.1528 0.3539 0.1847 0.1542 0.2233 0.3657 
main 3.0000 7.0000 36.0000 8.0000 1.0000 8.0000 7.0000 2.0000 0.0983 0.2494 1.7459 0.0906 0.1145 b 0.3680 1.9959 1.1890 3.1717 0.3798 0.1594 0.2075 0.3813 0.2773 0.1561 0.1844 0.0000 0.0000 
main 3.0000 7.0000 44.0000 4.0000 0.0000 4.0000 3.0000 1.0000 0.0464 0.2492 0.7477 0.0349 0.0588 b 0.3990 0.9977 1.2975 2.2901 0.2378 0.3003 0.2096 0.0000 0.0000 0.0000 0.0000 0.0000 0.0000 
main 3.0000 7.0000 22.0000 4.0000 0.0000 4.0000 3.0000 0.0000 0.0000 0.2500 0.7500 0.0000 0.0000 b 0.2110 1.0000 1.0412 2.0255 0.2500 0.2500 0.2500 0.0000 0.0000 0.0000 0.0000 0.0000 0.0000 
main 3.0000 7.0000 26.0000 5.0000 0.0000 5.0000 4.0000 1.0000 0.0485 0.2488 0.9952 0.0349 0.0588 b 0.2560 1.2452 1.3303 2.5874 0.2512 0.1828 0.2989 0.2622 0.0000 0.0000 0.0000 0.0000 0.0000 
main 3.0000 7.0000 60.0000 9.0000 1.0000 9.0000 8.0000 2.0000 0.0943 0.2497 1.9974 0.0906 0.1145 b 0.2270 2.2474 1.2141 3.4730 0.3966 0.2898 0.1595 0.2937 0.1611 0.1968 0.3458 0.1542 0.0000 
main 3.0000 7.0000 27.0000 5.0000 0.0000 5.0000 4.0000 2.0000 0.1006 0.2510 1.0039 0.0906 0.1145 b 0.2360 1.2539 1.3412 2.5961 0.1658 0.3939 0.1993 0.2450 0.0000 0.0000 0.0000 0.0000 0.0000 
main 3.0000 7.0000 53.0000 7.0000 1.0000 7.0000 6.0000 1.0000 0.0568 0.2498 1.4986 0.0349 0.0588 b 0.2450 1.7486 1.0761 2.8241 0.2081 0.3294 0.2184 0.3107 0.2389 0.1931 0.0000 0.0000 0.0000 
main 3.0000 7.0000 34.0000 8.0000 1.0000 8.0000 7.0000 0.0000 0.0000 0.2500 1.7500 0.0000 0.0000 b 0.1870 2.0000 1.0404 3.0422 0.2500 0.2500 0.2500 0.2500 0.2500 0.2500 0.2500 0.0000 0.0000 
main 3.0000 7.0000 1.0000 4.0000 0.0000 4.0000 3.0000 0.0000 0.0000 0.2500 0.7500 0.0000 0.0000 b 0.4300 1.0000 1.2032 2.2090 0.2500 0.2500 0.2500 0.0000 0.0000 0.0000 0.0000 0.0000 0.0000 
main 3.0000 7.0000 48.0000 5.0000 0.0000 5.0000 4.0000 2.0000 0.1047 0.2492 0.9967 0.0906 0.1145 b 0.2720 1.2467 1.1763 2.4223 0.1535 0.2522 0.3940 0.1970 0.0000 0.0000 0.0000 0.0000 0.0000 
main 3.0000 7.0000 39.0000 9.0000 1.0000 9.0000 8.0000 2.0000 0.0913 0.2496 1.9971 0.0906 0.1145 b 0.2300 2.2471 1.1001 3.3561 0.1681 0.3394 0.1633 0.2731 0.3945 0.2004 0.1538 0.3046 0.0000 
main 3.0000 7.0000 59.0000 9.0000 1.0000 9.0000 8.0000 1.0000 0.0509 0.2500 2.0000 0.0349 0.0588 b 0.2010 2.2500 1.1158 3.3588 0.3262 0.1777 0.2342 0.3052 0.2151 0.2748 0.2066 0.2603 0.0000 
main 3.0000 7.0000 21.0000 10.0000 2.0000 10.0000 9.0000 2.0000 0.0931 0.2498 2.2485 0.0906 0.1145 b 0.2680 2.4985 1.0950 3.5907 0.2221 0.1553 0.3103 0.1982 0.3909 0.1796 0.3993 0.2116 0.1814 
main 3.0000 7.0000 13.0000 8.0000 1.0000 8.0000 7.0000 0.0000 0.0000 0.2500 1.7500 0.0000 0.0000 b 0.2440 2.0000 1.1574 3.1588 0.2500 0.2500 0.2500 0.2500 0.2500 0.2500 0.2500 0.0000 0.0000 
main 3.0000 7.0000 2.0000 4.0000 0.0000 4.0000 3.0000 1.0000 0.0435 0.2510 0.7530 0.0349 0.0588 b 0.4670 1.0030 1.4405 2.4453 0.2345 0.3003 0.2182 0.0000 0.0000 0.0000 0.0000 0.0000 0.0000 
main 3.0000 7.0000 19.0000 10.0000 2.0000 10.0000 9.0000 0.0000 0.0000 0.2500 2.2500 0.0000 0.0000 b 0.2210 2.5000 1.0551 3.5589 0.2500 0.2500 0.2500 0.2500 0.2500 0.2500 0.2500 0.2500 0.2500 
main 3.0000 7.0000 33.0000 7.0000 1.0000 7.0000 6.0000 2.0000 0.0931 0.2501 1.5003 0.0906 0.1145 b 0.2870 1.7503 1.3136 3.0591 0.1648 0.1949 0.1562 0.2793 0.3867 0.3184 0.0000 0.0000 0.0000 
main 3.0000 7.0000 7.0000 6.0000 0.0000 6.0000 5.0000 0.0000 0.0000 0.2500 1.2500 0.0000 0.0000 b 0.2100 1.5000 1.1610 2.6589 0.2500 0.2500 0.2500 0.2500 0.2500 0.0000 0.0000 0.0000 0.0000 
main 3.0000 7.0000 30.0000 6.0000 0.0000 6.0000 5.0000 2.0000 0.1108 0.2509 1.2544 0.0906 0.1145 b 0.2700 1.5044 1.0930 2.5966 0.3430 0.1604 0.2059 0.1511 0.3940 0.0000 0.0000 0.0000 0.0000 
main 3.0000 7.0000 52.0000 7.0000 1.0000 7.0000 6.0000 0.0000 0.0000 0.2500 1.5000 0.0000 0.0000 b 0.1900 1.7500 1.4080 3.1590 0.2500 0.2500 0.2500 0.2500 0.2500 0.2500 0.0000 0.0000 0.0000 
main 3.0000 7.0000 32.0000 7.0000 1.0000 7.0000 6.0000 1.0000 0.0559 0.2499 1.4993 0.0349 0.0588 b 0.1920 1.7493 1.3987 3.1584 0.2169 0.3120 0.2653 0.1713 0.2241 0.3097 0.0000 0.0000 0.0000 
main 3.0000 7.0000 17.0000 9.0000 1.0000 9.0000 8.0000 1.0000 0.0549 0.2505 2.0041 0.0349 0.0588 b 0.2090 2.2541 1.3675 3.6297 0.2780 0.1915 0.3101 0.1742 0.2589 0.2086 0.3252 0.2576 0.0000 
main 3.0000 7.0000 16.0000 9.0000 1.0000 9.0000 8.0000 0.0000 0.0000 0.2500 2.0000 0.0000 0.0000 b 0.2480 2.2500 1.0214 3.2755 0.2500 0.2500 0.2500 0.2500 0.2500 0.2500 0.2500 0.2500 0.0000 
main 3.0000 7.0000 4.0000 5.0000 0.0000 5.0000 4.0000 0.0000 0.0000 0.2500 1.0000 0.0000 0.0000 b 0.2730 1.2500 1.1476 2.4088 0.2500 0.2500 0.2500 0.2500 0.0000 0.0000 0.0000 0.0000 0.0000 
main 3.0000 7.0000 35.0000 8.0000 1.0000 8.0000 7.0000 1.0000 0.0564 0.2507 1.7546 0.0349 0.0588 b 0.1730 2.0046 1.2579 3.2634 0.3376 0.1580 0.2830 0.2146 0.2602 0.2343 0.2670 0.0000 0.0000 
main 3.0000 7.0000 11.0000 7.0000 1.0000 7.0000 6.0000 1.0000 0.0506 0.2504 1.5024 0.0349 0.0588 b 0.2420 1.7524 1.2407 2.9945 0.1993 0.3307 0.2342 0.2693 0.1984 0.2705 0.0000 0.0000 0.0000 
main 3.0000 7.0000 28.0000 6.0000 0.0000 6.0000 5.0000 0.0000 0.0000 0.2500 1.2500 0.0000 0.0000 b 0.1950 1.5000 1.3446 2.8424 0.2500 0.2500 0.2500 0.2500 0.2500 0.0000 0.0000 0.0000 0.0000 
main 3.0000 7.0000 63.0000 10.0000 2.0000 10.0000 9.0000 2.0000 0.0943 0.2499 2.2489 0.0906 0.1145 b 0.2040 2.4989 1.2442 3.7411 0.1668 0.2831 0.1530 0.3892 0.1669 0.3625 0.1698 0.3366 0.2211 
main 3.0000 7.0000 18.0000 9.0000 1.0000 9.0000 8.0000 2.0000 0.0933 0.2500 2.0004 0.0906 0.1145 b 0.2290 2.2504 1.3976 3.6427 0.3600 0.1693 0.2039 0.3108 0.2472 0.1661 0.3911 0.1521 0.0000 
main 3.0000 7.0000 24.0000 4.0000 0.0000 4.0000 3.0000 2.0000 0.0963 0.2499 0.7496 0.0906 0.1145 b 0.2950 0.9996 1.0085 2.0084 0.2035 0.3606 0.1855 0.0000 0.0000 0.0000 0.0000 0.0000 0.0000 
main 3.0000 7.0000 9.0000 6.0000 0.0000 6.0000 5.0000 2.0000 0.1013 0.2500 1.2501 0.0906 0.1145 b 0.2460 1.5001 1.2565 2.7589 0.3731 0.1590 0.3445 0.2047 0.1688 0.0000 0.0000 0.0000 0.0000 
main 3.0000 7.0000 50.0000 6.0000 0.0000 6.0000 5.0000 1.0000 0.0586 0.2509 1.2546 0.0349 0.0588 b 0.1880 1.5046 1.2287 2.7302 0.2752 0.3223 0.1656 0.2266 0.2650 0.0000 0.0000 0.0000 0.0000 
main 3.0000 7.0000 40.0000 10.0000 2.0000 10.0000 9.0000 0.0000 0.0000 0.2500 2.2500 0.0000 0.0000 b 0.2170 2.5000 1.2079 3.7090 0.2500 0.2500 0.2500 0.2500 0.2500 0.2500 0.2500 0.2500 0.2500 
main 3.0000 8.0000 26.0000 5.0000 0.0000 5.0000 4.0000 1.0000 0.0549 0.2506 1.0024 0.0349 0.0588 b 0.2390 1.2524 1.4792 2.7280 0.2056 0.2818 0.2030 0.3121 0.0000 0.0000 0.0000 0.0000 0.0000 
main 3.0000 8.0000 17.0000 9.0000 1.0000 9.0000 8.0000 1.0000 0.0526 0.2494 1.9951 0.0349 0.0588 b 0.1800 2.2451 1.0781 3.3206 0.2164 0.2529 0.2848 0.1888 0.3306 0.1785 0.2519 0.2911 0.0000 
main 3.0000 8.0000 39.0000 9.0000 1.0000 9.0000 8.0000 2.0000 0.0975 0.2500 1.9998 0.0906 0.1145 b 0.2340 2.2498 1.2404 3.4921 0.3413 0.1815 0.1519 0.3770 0.2079 0.1657 0.3770 0.1977 0.0000 
main 3.0000 8.0000 21.0000 10.0000 2.0000 10.0000 9.0000 2.0000 0.0933 0.2504 2.2534 0.0906 0.1145 b 0.2090 2.5034 1.3939 3.9125 0.1928 0.3906 0.1533 0.2208 0.1559 0.2668 0.1720 0.3303 0.3710 
main 3.0000 8.0000 14.0000 8.0000 1.0000 8.0000 7.0000 1.0000 0.0473 0.2495 1.7467 0.0349 0.0588 b 0.2160 1.9967 1.4931 3.4891 0.2193 0.2738 0.2021 0.3197 0.2882 0.1927 0.2509 0.0000 0.0000 
main 3.0000 8.0000 59.0000 9.0000 1.0000 9.0000 8.0000 1.0000 0.0516 0.2495 1.9963 0.0349 0.0588 b 0.2860 2.2463 1.3804 3.6386 0.2643 0.1972 0.2392 0.3366 0.1855 0.2242 0.3064 0.2430 0.0000 
main 3.0000 8.0000 16.0000 9.0000 1.0000 9.0000 8.0000 0.0000 0.0000 0.2500 2.0000 0.0000 0.0000 b 0.2150 2.2500 1.2872 3.5422 0.2500 0.2500 0.2500 0.2500 0.2500 0.2500 0.2500 0.2500 0.0000 
main 3.0000 8.0000 50.0000 6.0000 0.0000 6.0000 5.0000 1.0000 0.0523 0.2504 1.2519 0.0349 0.0588 b 0.4680 1.5019 1.2478 2.7442 0.2382 0.1797 0.3218 0.2741 0.2381 0.0000 0.0000 0.0000 0.0000 
main 3.0000 8.0000 4.0000 5.0000 0.0000 5.0000 4.0000 0.0000 0.0000 0.2500 1.0000 0.0000 0.0000 b 0.2460 1.2500 1.1113 2.3588 0.2500 0.2500 0.2500 0.2500 0.0000 0.0000 0.0000 0.0000 0.0000 
main 3.0000 8.0000 36.0000 8.0000 1.0000 8.0000 7.0000 2.0000 0.0980 0.2499 1.7496 0.0906 0.1145 b 0.3060 1.9996 1.1159 3.1084 0.3468 0.1589 0.1897 0.1524 0.1959 0.3161 0.3898 0.0000 0.0000 
main 3.0000 8.0000 20.0000 10.0000 2.0000 10.0000 9.0000 1.0000 0.0492 0.2498 2.2483 0.0349 0.0588 b 0.2500 2.4983 1.0577 3.5572 0.2310 0.2859 0.2216 0.1953 0.2513 0.2924 0.1973 0.3443 0.2292 
main 3.0000 8.0000 31.0000 7.0000 1.0000 7.0000 6.0000 0.0000 0.0000 0.2500 1.5000 0.0000 0.0000 b 0.1930 1.7500 1.4752 3.2258 0.2500 0.2500 0.2500 0.2500 0.2500 0.2500 0.0000 0.0000 0.0000 
main 3.0000 8.0000 53.0000 7.0000 1.0000 7.0000 6.0000 1.0000 0.0515 0.2494 1.4963 0.0349 0.0588 b 0.2550 1.7463 1.1770 2.9218 0.2330 0.2691 0.1655 0.3070 0.2292 0.2926 0.0000 0.0000 0.0000 
main 3.0000 8.0000 42.0000 10.0000 2.0000 10.0000 9.0000 2.0000 0.0935 0.2501 2.2511 0.0906 0.1145 b 0.2280 2.5011 1.1788 3.6767 0.1688 0.3789 0.2479 0.3539 0.1936 0.3756 0.1913 0.1502 0.1908 
main 3.0000 8.0000 60.0000 9.0000 1.0000 9.0000 8.0000 2.0000 0.0930 0.2498 1.9987 0.0906 0.1145 b 0.2620 2.2487 1.3508 3.5908 0.1534 0.3044 0.1513 0.3549 0.1783 0.2136 0.2476 0.3952 0.0000 
main 3.0000 8.0000 54.0000 7.0000 1.0000 7.0000 6.0000 2.0000 0.1024 0.2492 1.4953 0.0906 0.1145 b 0.2850 1.7453 1.2920 3.0375 0.3714 0.2074 0.1598 0.2043 0.3864 0.1659 0.0000 0.0000 0.0000 
main 3.0000 8.0000 61.0000 10.0000 2.0000 10.0000 9.0000 0.0000 0.0000 0.2500 2.2500 0.0000 0.0000 b 0.1860 2.5000 1.4731 3.9756 0.2500 0.2500 0.2500 0.2500 0.2500 0.2500 0.2500 0.2500 0.2500 
main 3.0000 8.0000 29.0000 6.0000 0.0000 6.0000 5.0000 1.0000 0.0551 0.2505 1.2524 0.0349 0.0588 b 0.2160 1.5024 1.0158 2.5279 0.3148 0.2553 0.2206 0.1746 0.2871 0.0000 0.0000 0.0000 0.0000 
main 3.0000 8.0000 56.0000 8.0000 1.0000 8.0000 7.0000 1.0000 0.0571 0.2501 1.7504 0.0349 0.0588 b 0.4570 2.0004 1.4112 3.4093 0.2035 0.2404 0.2097 0.3232 0.1900 0.3320 0.2516 0.0000 0.0000 
main 3.0000 8.0000 13.0000 8.0000 1.0000 8.0000 7.0000 0.0000 0.0000 0.2500 1.7500 0.0000 0.0000 b 0.1500 2.0000 1.4932 3.4924 0.2500 0.2500 0.2500 0.2500 0.2500 0.2500 0.2500 0.0000 0.0000 
main 3.0000 8.0000 33.0000 7.0000 1.0000 7.0000 6.0000 2.0000 0.0921 0.2499 1.4992 0.0906 0.1145 b 0.2170 1.7492 1.4420 3.1916 0.3587 0.1620 0.3618 0.2525 0.1587 0.2054 0.0000 0.0000 0.0000 
main 3.0000 8.0000 1.0000 4.0000 0.0000 4.0000 3.0000 0.0000 0.0000 0.2500 0.7500 0.0000 0.0000 b 0.2300 1.0000 1.3410 2.3424 0.2500 0.2500 0.2500 0.0000 0.0000 0.0000 0.0000 0.0000 0.0000 
main 3.0000 8.0000 44.0000 4.0000 0.0000 4.0000 3.0000 1.0000 0.0382 0.2507 0.7522 0.0349 0.0588 b 0.1450 1.0022 1.3738 2.3778 0.2899 0.2135 0.2487 0.0000 0.0000 0.0000 0.0000 0.0000 0.0000 
main 3.0000 8.0000 9.0000 6.0000 0.0000 6.0000 5.0000 2.0000 0.0942 0.2498 1.2491 0.0906 0.1145 b 0.2800 1.4991 1.2661 2.7581 0.2778 0.2180 0.1569 0.3993 0.1973 0.0000 0.0000 0.0000 0.0000 
main 3.0000 8.0000 37.0000 9.0000 1.0000 9.0000 8.0000 0.0000 0.0000 0.2500 2.0000 0.0000 0.0000 b 0.1960 2.2500 1.2179 3.4755 0.2500 0.2500 0.2500 0.2500 0.2500 0.2500 0.2500 0.2500 0.0000 
main 3.0000 8.0000 30.0000 6.0000 0.0000 6.0000 5.0000 2.0000 0.0908 0.2503 1.2516 0.0906 0.1145 b 0.1890 1.5016 1.3391 2.8439 0.2062 0.1774 0.3790 0.1771 0.3119 0.0000 0.0000 0.0000 0.0000 
main 3.0000 8.0000 19.0000 10.0000 2.0000 10.0000 9.0000 0.0000 0.0000 0.2500 2.2500 0.0000 0.0000 b 0.2030 2.5000 1.0407 3.5421 0.2500 0.2500 0.2500 0.2500 0.2500 0.2500 0.2500 0.2500 0.2500 
main 3.0000 8.0000 52.0000 7.0000 1.0000 7.0000 6.0000 0.0000 0.0000 0.2500 1.5000 0.0000 0.0000 b 0.2020 1.7500 1.3802 3.1256 0.2500 0.2500 0.2500 0.2500 0.2500 0.2500 0.0000 0.0000 0.0000 
main 3.0000 8.0000 15.0000 8.0000 1.0000 8.0000 7.0000 2.0000 0.0971 0.2496 1.7473 0.0906 0.1145 b 0.2230 1.9973 1.1645 3.1561 0.1510 0.3578 0.2201 0.1504 0.1770 0.3656 0.3252 0.0000 0.0000 
main 3.0000 8.0000 47.0000 5.0000 0.0000 5.0000 4.0000 1.0000 0.0424 0.2503 1.0012 0.0349 0.0588 b 0.2600 1.2512 1.2700 2.5102 0.2809 0.1908 0.2808 0.2487 0.0000 0.0000 0.0000 0.0000 0.0000 
main 3.0000 8.0000 3.0000 4.0000 0.0000 4.0000 3.0000 2.0000 0.0957 0.2500 0.7499 0.0906 0.1145 b 0.1790 0.9999 1.0852 2.0755 0.2220 0.1714 0.3565 0.0000 0.0000 0.0000 0.0000 0.0000 0.0000 
main 3.0000 8.0000 22.0000 4.0000 0.0000 4.0000 3.0000 0.0000 0.0000 0.2500 0.7500 0.0000 0.0000 b 0.1900 1.0000 1.0527 2.0422 0.2500 0.2500 0.2500 0.0000 0.0000 0.0000 0.0000 0.0000 0.0000 
main 3.0000 8.0000 35.0000 8.0000 1.0000 8.0000 7.0000 1.0000 0.0521 0.2501 1.7509 0.0349 0.0588 b 0.1590 2.0009 1.1790 3.1932 0.1835 0.2757 0.2421 0.3343 0.1940 0.2422 0.2790 0.0000 0.0000 
main 3.0000 8.0000 34.0000 8.0000 1.0000 8.0000 7.0000 0.0000 0.0000 0.2500 1.7500 0.0000 0.0000 b 0.2460 2.0000 1.1555 3.1590 0.2500 0.2500 0.2500 0.2500 0.2500 0.2500 0.2500 0.0000 0.0000 
main 3.0000 8.0000 38.0000 9.0000 1.0000 9.0000 8.0000 1.0000 0.0387 0.2502 2.0015 0.0349 0.0588 b 0.2170 2.2515 1.2398 3.4938 0.2005 0.2351 0.2659 0.2339 0.2079 0.2975 0.2533 0.3074 0.0000 
main 3.0000 8.0000 8.0000 6.0000 0.0000 6.0000 5.0000 1.0000 0.0579 0.2495 1.2477 0.0349 0.0588 b 0.2390 1.4977 1.2382 2.7400 0.1632 0.2539 0.3161 0.2313 0.2833 0.0000 0.0000 0.0000 0.0000 
main 3.0000 8.0000 12.0000 7.0000 1.0000 7.0000 6.0000 2.0000 0.0928 0.2497 1.4981 0.0906 0.1145 b 0.2340 1.7481 1.3436 3.0906 0.2645 0.1854 0.3750 0.1647 0.3429 0.1656 0.0000 0.0000 0.0000 
main 3.0000 8.0000 6.0000 5.0000 0.0000 5.0000 4.0000 2.0000 0.0915 0.2506 1.0022 0.0906 0.1145 b 0.3570 1.2522 1.1181 2.3777 0.2127 0.3867 0.1888 0.2140 0.0000 0.0000 0.0000 0.0000 0.0000 
main 3.0000 8.0000 43.0000 4.0000 0.0000 4.0000 3.0000 0.0000 0.0000 0.2500 0.7500 0.0000 0.0000 b 0.2310 1.0000 1.3176 2.3257 0.2500 0.2500 0.2500 0.0000 0.0000 0.0000 0.0000 0.0000 0.0000 
main 3.0000 8.0000 51.0000 6.0000 0.0000 6.0000 5.0000 2.0000 0.0920 0.2499 1.2497 0.0906 0.1145 b 0.2630 1.4997 1.1199 2.6253 0.1542 0.2557 0.3632 0.3142 0.1624 0.0000 0.0000 0.0000 0.0000 
main 3.0000 8.0000 27.0000 5.0000 0.0000 5.0000 4.0000 2.0000 0.0915 0.2509 1.0036 0.0906 0.1145 b 0.2360 1.2536 1.4298 2.6793 0.1646 0.2344 0.3801 0.2245 0.0000 0.0000 0.0000 0.0000 0.0000 
main 3.0000 8.0000 5.0000 5.0000 0.0000 5.0000 4.0000 1.0000 0.0473 0.2504 1.0016 0.0349 0.0588 b 0.2540 1.2516 1.3383 2.5937 0.3157 0.2478 0.2040 0.2340 0.0000 0.0000 0.0000 0.0000 0.0000 
main 3.0000 8.0000 10.0000 7.0000 1.0000 7.0000 6.0000 0.0000 0.0000 0.2500 1.5000 0.0000 0.0000 b 0.2260 1.7500 1.3907 3.1423 0.2500 0.2500 0.2500 0.2500 0.2500 0.2500 0.0000 0.0000 0.0000 
main 3.0000 8.0000 63.0000 10.0000 2.0000 10.0000 9.0000 2.0000 0.0909 0.2499 2.2494 0.0906 0.1145 b 0.2620 2.4994 1.3345 3.8251 0.3752 0.1529 0.2336 0.1593 0.1873 0.3364 0.2255 0.1966 0.3826 
main 3.0000 8.0000 40.0000 10.0000 2.0000 10.0000 9.0000 0.0000 0.0000 0.2500 2.2500 0.0000 0.0000 b 0.2540 2.5000 1.0736 3.5755 0.2500 0.2500 0.2500 0.2500 0.2500 0.2500 0.2500 0.2500 0.2500 
main 3.0000 8.0000 55.0000 8.0000 1.0000 8.0000 7.0000 0.0000 0.0000 0.2500 1.7500 0.0000 0.0000 b 0.2120 2.0000 1.3147 3.3091 0.2500 0.2500 0.2500 0.2500 0.2500 0.2500 0.2500 0.0000 0.0000 
main 3.0000 8.0000 25.0000 5.0000 0.0000 5.0000 4.0000 0.0000 0.0000 0.2500 1.0000 0.0000 0.0000 b 0.2360 1.2500 1.3972 2.6423 0.2500 0.2500 0.2500 0.2500 0.0000 0.0000 0.0000 0.0000 0.0000 
main 3.0000 8.0000 11.0000 7.0000 1.0000 7.0000 6.0000 1.0000 0.0486 0.2494 1.4964 0.0349 0.0588 b 0.2340 1.7464 1.2230 2.9719 0.2011 0.2343 0.2719 0.3168 0.2799 0.1922 0.0000 0.0000 0.0000 
main 3.0000 8.0000 41.0000 10.0000 2.0000 10.0000 9.0000 1.0000 0.0504 0.2498 2.2481 0.0349 0.0588 b 0.2480 2.4981 1.2442 3.7569 0.2017 0.3142 0.2408 0.3028 0.2466 0.3108 0.2458 0.2117 0.1738 
main 3.0000 8.0000 24.0000 4.0000 0.0000 4.0000 3.0000 2.0000 0.1065 0.2501 0.7503 0.0906 0.1145 b 0.3870 1.0003 1.1489 2.1593 0.2196 0.1622 0.3685 0.0000 0.0000 0.0000 0.0000 0.0000 0.0000 
main 3.0000 8.0000 2.0000 4.0000 0.0000 4.0000 3.0000 1.0000 0.0465 0.2506 0.7519 0.0349 0.0588 b 0.2960 1.0019 1.1433 2.1440 0.2159 0.3034 0.2326 0.0000 0.0000 0.0000 0.0000 0.0000 0.0000 
main 3.0000 8.0000 7.0000 6.0000 0.0000 6.0000 5.0000 0.0000 0.0000 0.2500 1.2500 0.0000 0.0000 b 0.1840 1.5000 1.0465 2.5587 0.2500 0.2500 0.2500 0.2500 0.2500 0.0000 0.0000 0.0000 0.0000 
main 3.0000 8.0000 18.0000 9.0000 1.0000 9.0000 8.0000 2.0000 0.0959 0.2506 2.0047 0.0906 0.1145 b 0.1980 2.2547 1.3111 3.5636 0.2553 0.1801 0.3911 0.1574 0.1920 0.3728 0.3043 0.1517 0.0000 
main 3.0000 8.0000 46.0000 5.0000 0.0000 5.0000 4.0000 0.0000 0.0000 0.2500 1.0000 0.0000 0.0000 b 0.3180 1.2500 1.1900 2.4423 0.2500 0.2500 0.2500 0.2500 0.0000 0.0000 0.0000 0.0000 0.0000 
main 3.0000 8.0000 28.0000 6.0000 0.0000 6.0000 5.0000 0.0000 0.0000 0.2500 1.2500 0.0000 0.0000 b 0.1940 1.5000 1.1766 2.6755 0.2500 0.2500 0.2500 0.2500 0.2500 0.0000 0.0000 0.0000 0.0000 
main 3.0000 8.0000 48.0000 5.0000 0.0000 5.0000 4.0000 2.0000 0.0984 0.2500 1.0001 0.0906 0.1145 b 0.2120 1.2501 1.3788 2.6256 0.3169 0.1743 0.3514 0.1575 0.0000 0.0000 0.0000 0.0000 0.0000 
main 3.0000 8.0000 23.0000 4.0000 0.0000 4.0000 3.0000 1.0000 0.0446 0.2501 0.7504 0.0349 0.0588 b 0.2470 1.0004 1.1914 2.1927 0.2085 0.2971 0.2447 0.0000 0.0000 0.0000 0.0000 0.0000 0.0000 
main 3.0000 8.0000 49.0000 6.0000 0.0000 6.0000 5.0000 0.0000 0.0000 0.2500 1.2500 0.0000 0.0000 b 0.1260 1.5000 1.1596 2.6590 0.2500 0.2500 0.2500 0.2500 0.2500 0.0000 0.0000 0.0000 0.0000 
main 3.0000 8.0000 32.0000 7.0000 1.0000 7.0000 6.0000 1.0000 0.0445 0.2494 1.4961 0.0349 0.0588 b 0.0370 1.7461 1.0353 2.7716 0.2455 0.2966 0.2260 0.2970 0.2512 0.1799 0.0000 0.0000 0.0000 
main 3.0000 8.0000 45.0000 4.0000 0.0000 4.0000 3.0000 2.0000 0.0971 0.2492 0.7477 0.0906 0.1145 b 0.2320 0.9977 1.2015 2.1899 0.2403 0.1569 0.3505 0.0000 0.0000 0.0000 0.0000 0.0000 0.0000 
main 3.0000 8.0000 62.0000 10.0000 2.0000 10.0000 9.0000 1.0000 0.0380 0.2503 2.2525 0.0349 0.0588 b 0.2390 2.5025 1.3542 3.8448 0.3202 0.2409 0.2799 0.2041 0.2390 0.2680 0.1997 0.2668 0.2339 
main 3.0000 8.0000 58.0000 9.0000 1.0000 9.0000 8.0000 0.0000 0.0000 0.2500 2.0000 0.0000 0.0000 b 0.1730 2.2500 1.4473 3.6924 0.2500 0.2500 0.2500 0.2500 0.2500 0.2500 0.2500 0.2500 0.0000 
main 3.0000 8.0000 57.0000 8.0000 1.0000 8.0000 7.0000 2.0000 0.1027 0.2498 1.7488 0.0906 0.1145 b 0.1990 1.9988 1.2856 3.2743 0.1513 0.3756 0.2487 0.1519 0.2892 0.1519 0.3802 0.0000 0.0000 
